50522.970330	1.264000	-12.653000	-1.551000	-0.910000	-0.469000	1.589000	-39.646000	29.933000	3.057000
50522.978970	1.470000	-12.618000	-1.505000	-1.046000	-0.244000	1.775000	-39.045000	30.509000	3.860000
50522.988940	1.812000	-12.565000	-1.480000	-1.163000	-0.066000	1.955000	-38.110000	31.056000	5.171000
50522.999200	2.125000	-12.484000	-1.422000	-1.228000	0.042000	2.082000	-37.319000	31.513000	6.278000
50523.009210	2.303000	-12.386000	-1.472000	-1.235000	0.062000	2.131000	-36.755000	31.513000	6.623000
50523.020470	2.339000	-12.364000	-1.619000	-1.213000	-0.022000	2.118000	-36.053000	32.255000	6.961000
50523.028190	2.293000	-12.478000	-1.897000	-1.139000	-0.099000	2.031000	-35.173000	32.595000	7.670000
50523.038230	2.196000	-12.704000	-2.000000	-1.053000	-0.290000	1.897000	-34.471000	32.595000	8.477000
50523.049030	1.886000	-13.169000	-1.911000	-0.976000	-0.502000	1.744000	-33.972000	33.238000	8.477000
50523.058250	1.496000	-13.661000	-1.850000	-0.943000	-0.723000	1.596000	-33.323000	33.238000	9.431000
50523.069210	1.348000	-13.841000	-1.632000	-0.960000	-0.931000	1.492000	-32.667000	33.238000	10.282000
50523.079180	1.492000	-13.725000	-1.448000	-0.984000	-1.095000	1.491000	-31.948000	33.238000	10.282000
50523.090780	1.923000	-13.448000	-1.248000	-1.002000	-1.251000	1.591000	-30.847000	33.711000	10.612000
50523.100330	2.424000	-13.224000	-0.879000	-0.999000	-1.411000	1.732000	-30.078000	34.164000	11.344000
50523.110830	3.039000	-13.077000	-0.356000	-0.980000	-1.553000	1.843000	-28.785000	34.164000	12.046000
50523.119590	3.420000	-12.848000	-0.047000	-0.938000	-1.689000	1.891000	-27.748000	34.164000	12.046000
50523.130850	3.612000	-12.626000	0.086000	-0.848000	-1.834000	1.871000	-26.968000	34.164000	12.767000
50523.139550	3.753000	-12.469000	-0.010000	-0.776000	-1.982000	1.841000	-25.546000	34.164000	13.284000
50523.151450	3.707000	-12.308000	-0.205000	-0.574000	-2.048000	1.752000	-24.488000	34.555000	13.284000
50523.160880	3.600000	-12.079000	-0.547000	-0.343000	-2.171000	1.645000	-23.838000	34.555000	13.888000
50523.168970	3.557000	-11.997000	-0.867000	-0.149000	-2.281000	1.538000	-22.648000	34.555000	13.888000
50523.180870	3.519000	-11.867000	-1.038000	0.012000	-2.335000	1.455000	-21.975000	34.555000	13.888000
50523.189960	3.703000	-11.533000	-1.185000	0.137000	-2.330000	1.428000	-20.668000	34.555000	13.888000
50523.202230	4.068000	-11.046000	-1.471000	0.214000	-2.318000	1.456000	-19.726000	35.025000	13.888000
50523.209560	4.400000	-10.572000	-1.776000	0.270000	-2.361000	1.508000	-19.323000	35.025000	13.270000
50523.219020	5.127000	-10.183000	-1.865000	0.314000	-2.424000	1.536000	-17.692000	35.374000	13.951000
50523.231070	6.061000	-9.865000	-1.612000	0.341000	-2.473000	1.528000	-16.796000	35.374000	13.285000
50523.239650	7.076000	-9.485000	-1.091000	0.348000	-2.551000	1.481000	-15.687000	35.702000	13.285000
50523.250140	7.822000	-9.093000	-0.365000	0.370000	-2.723000	1.361000	-14.581000	35.702000	13.285000
50523.259210	8.100000	-8.680000	0.435000	0.402000	-2.998000	1.267000	-13.771000	36.016000	13.285000
50523.268450	8.086000	-8.586000	1.011000	0.531000	-3.158000	1.002000	-12.570000	36.016000	13.285000
50523.279780	7.957000	-8.810000	1.290000	0.756000	-3.481000	0.655000	-11.860000	36.381000	13.285000
50523.289700	7.694000	-9.072000	1.613000	1.028000	-3.738000	0.289000	-11.259000	36.381000	13.285000
50523.299400	7.484000	-9.164000	1.632000	1.264000	-3.835000	-0.006000	-10.945000	36.773000	12.591000
50523.309710	7.230000	-9.060000	1.332000	1.407000	-3.667000	-0.203000	-10.945000	37.327000	11.108000
50523.318470	7.019000	-8.783000	0.655000	1.440000	-3.182000	-0.261000	-9.558000	37.672000	10.665000
50523.331440	6.801000	-8.359000	-0.132000	1.364000	-2.448000	-0.169000	-9.558000	38.275000	9.925000
50523.339040	6.692000	-7.838000	-0.596000	1.191000	-1.571000	0.019000	-9.558000	38.595000	9.248000
50523.350700	6.666000	-7.381000	-1.041000	0.951000	-0.640000	0.218000	-9.558000	38.595000	9.248000
50523.359370	6.568000	-7.253000	-1.416000	0.679000	0.228000	0.334000	-9.558000	38.595000	9.248000
50523.369040	6.283000	-7.407000	-1.738000	0.435000	0.949000	0.291000	-9.558000	38.595000	8.912000
50523.382650	5.970000	-7.835000	-1.980000	0.337000	1.486000	0.203000	-10.530000	38.595000	8.912000
50523.389150	5.468000	-8.387000	-2.186000	0.202000	1.681000	-0.078000	-10.877000	38.595000	8.912000
50523.400200	4.988000	-9.011000	-2.531000	0.148000	1.944000	-0.442000	-11.618000	38.920000	8.912000
50523.410730	4.425000	-9.606000	-2.799000	0.142000	2.140000	-0.820000	-12.229000	38.920000	9.297000
50523.419790	3.788000	-10.007000	-3.056000	0.142000	2.333000	-1.122000	-12.847000	38.920000	9.297000
50523.429190	3.334000	-10.139000	-3.227000	0.097000	2.484000	-1.289000	-12.847000	39.247000	9.297000
50523.439380	3.162000	-10.097000	-3.295000	-0.018000	2.618000	-1.325000	-13.688000	39.247000	9.689000
50523.448690	3.194000	-9.982000	-3.064000	-0.186000	2.797000	-1.259000	-14.468000	39.247000	9.689000
50523.459430	3.451000	-10.051000	-2.620000	-0.370000	2.972000	-1.160000	-15.739000	39.247000	9.689000
50523.468800	3.743000	-10.435000	-2.235000	-0.544000	3.064000	-1.126000	-16.883000	39.587000	9.280000
50523.480800	3.873000	-10.874000	-2.003000	-0.654000	3.027000	-1.209000	-18.154000	39.587000	9.280000
50523.489860	3.846000	-11.261000	-1.920000	-0.669000	2.874000	-1.398000	-19.113000	39.587000	9.280000
50523.500330	3.660000	-11.763000	-2.077000	-0.639000	2.671000	-1.518000	-20.210000	39.587000	9.280000
50523.511590	3.293000	-12.304000	-2.325000	-0.516000	2.557000	-1.770000	-21.684000	39.587000	9.280000
50523.518730	2.789000	-12.728000	-2.390000	-0.342000	2.305000	-1.998000	-22.567000	39.587000	9.280000
50523.530270	2.334000	-12.963000	-2.437000	-0.195000	2.052000	-2.175000	-24.003000	39.587000	9.657000
50523.539910	2.176000	-13.091000	-2.392000	-0.113000	1.842000	-2.284000	-24.958000	39.155000	9.657000
50523.550500	2.291000	-13.144000	-2.194000	-0.086000	1.686000	-2.296000	-25.822000	39.155000	9.657000
50523.562030	2.667000	-13.035000	-1.760000	-0.086000	1.574000	-2.209000	-27.033000	38.841000	10.067000
50523.569210	3.085000	-12.935000	-1.255000	-0.116000	1.480000	-2.091000	-27.883000	38.841000	10.067000
50523.579980	3.242000	-12.898000	-0.972000	-0.166000	1.397000	-1.997000	-28.985000	38.258000	10.067000
50523.590050	3.239000	-12.955000	-0.982000	-0.195000	1.342000	-1.943000	-29.536000	37.516000	10.464000
50523.599270	3.068000	-13.109000	-1.061000	-0.189000	1.340000	-1.948000	-30.758000	36.570000	10.464000
50523.611230	2.680000	-13.259000	-1.203000	-0.151000	1.377000	-1.994000	-31.379000	36.169000	10.464000
50523.619250	2.212000	-13.418000	-1.320000	-0.125000	1.418000	-2.026000	-32.208000	35.539000	10.464000
50523.630700	1.548000	-13.704000	-1.405000	-0.066000	1.441000	-2.103000	-32.832000	35.055000	10.464000
50523.640280	0.858000	-13.909000	-1.510000	-0.003000	1.481000	-2.170000	-33.457000	34.449000	10.464000
50523.650350	0.487000	-13.938000	-1.493000	0.075000	1.488000	-2.212000	-34.645000	34.126000	10.464000
50523.659720	0.345000	-13.674000	-1.383000	0.176000	1.462000	-2.200000	-35.282000	33.160000	10.464000
50523.669430	0.262000	-13.217000	-1.334000	0.291000	1.417000	-2.107000	-35.719000	32.630000	10.464000
50523.679650	0.117000	-12.836000	-1.389000	0.399000	1.337000	-1.961000	-36.616000	32.630000	10.464000
50523.690940	-0.108000	-12.618000	-1.615000	0.485000	1.252000	-1.813000	-37.615000	32.179000	9.516000
50523.700370	-0.260000	-12.390000	-1.757000	0.548000	1.219000	-1.698000	-38.047000	31.611000	8.222000
50523.709370	-0.394000	-12.111000	-1.803000	0.575000	1.224000	-1.613000	-38.667000	31.101000	7.292000
50523.719690	-0.634000	-11.973000	-1.763000	0.575000	1.237000	-1.537000	-38.667000	31.101000	6.251000
50523.730280	-0.912000	-11.932000	-1.799000	0.559000	1.259000	-1.475000	-39.399000	30.456000	5.923000
50523.741170	-1.197000	-11.799000	-1.823000	0.557000	1.258000	-1.453000	-40.182000	30.456000	4.826000
50523.749870	-1.393000	-11.555000	-1.715000	0.590000	1.229000	-1.412000	-40.592000	30.456000	4.182000
50523.759910	-1.369000	-11.232000	-1.471000	0.672000	1.106000	-1.357000	-40.592000	29.919000	4.182000
50523.769310	-1.170000	-11.087000	-1.182000	0.784000	0.915000	-1.288000	-41.035000	29.405000	3.575000
50523.781150	-0.956000	-10.954000	-1.040000	0.891000	0.678000	-1.191000	-41.035000	29.405000	3.575000
50523.790370	-0.785000	-10.618000	-1.179000	0.958000	0.440000	-1.074000	-41.035000	29.405000	3.065000
50523.800470	-0.636000	-10.140000	-1.498000	0.973000	0.282000	-0.931000	-41.035000	29.037000	2.751000
50523.810450	-0.512000	-9.613000	-1.771000	0.956000	0.256000	-0.758000	-41.525000	29.037000	2.374000
50523.820240	-0.405000	-9.164000	-1.933000	0.907000	0.373000	-0.563000	-41.525000	29.037000	1.974000
50523.829520	-0.369000	-8.813000	-2.085000	0.800000	0.605000	-0.368000	-41.525000	29.037000	1.237000
50523.840020	-0.406000	-8.608000	-2.217000	0.641000	0.849000	-0.223000	-41.525000	29.037000	0.920000
50523.849780	-0.365000	-8.595000	-2.172000	0.472000	1.031000	-0.140000	-41.525000	29.037000	1.339000
50523.860250	-0.410000	-8.673000	-2.002000	0.392000	1.137000	-0.121000	-41.525000	29.037000	0.717000
50523.871540	-0.474000	-8.792000	-1.833000	0.250000	1.154000	-0.121000	-41.525000	29.037000	0.386000
50523.879540	-0.503000	-8.901000	-1.631000	0.124000	1.124000	-0.142000	-41.525000	29.037000	0.386000
50523.889150	-0.615000	-8.909000	-1.529000	0.042000	1.039000	-0.152000	-41.525000	28.636000	0.386000
50523.900530	-0.704000	-8.899000	-1.525000	0.012000	0.893000	-0.148000	-41.525000	28.636000	0.386000
50523.910150	-0.822000	-8.990000	-1.557000	0.016000	0.721000	-0.129000	-41.525000	28.636000	0.386000
50523.922780	-0.957000	-9.154000	-1.572000	0.007000	0.581000	-0.098000	-41.525000	28.263000	-0.125000
50523.930470	-0.891000	-9.366000	-1.477000	-0.050000	0.483000	-0.051000	-41.957000	28.263000	-0.125000
50523.940510	-0.846000	-9.593000	-1.295000	-0.137000	0.400000	0.010000	-41.957000	28.263000	0.173000
50523.950000	-0.755000	-9.808000	-1.106000	-0.217000	0.297000	0.090000	-41.957000	28.263000	0.173000
50523.961690	-0.467000	-9.934000	-0.961000	-0.283000	0.184000	0.179000	-41.957000	27.941000	0.173000
50523.970970	-0.101000	-10.050000	-0.745000	-0.317000	0.051000	0.259000	-41.957000	27.941000	0.173000
50523.981650	0.286000	-10.016000	-0.582000	-0.316000	-0.109000	0.303000	-41.957000	27.941000	0.173000
50523.991170	0.715000	-9.947000	-0.359000	-0.295000	-0.198000	0.407000	-42.271000	27.941000	-0.134000
50524.000630	1.128000	-9.945000	-0.129000	-0.276000	-0.382000	0.529000	-42.271000	27.941000	-0.134000
50524.010400	1.409000	-10.036000	-0.089000	-0.265000	-0.534000	0.640000	-42.271000	27.941000	-0.134000
50524.020590	1.409000	-10.096000	-0.225000	-0.246000	-0.639000	0.712000	-42.271000	27.941000	-0.134000
50524.030420	1.103000	-10.121000	-0.516000	-0.221000	-0.716000	0.748000	-42.271000	27.941000	-0.134000
50524.041220	0.755000	-10.126000	-1.006000	-0.196000	-0.742000	0.777000	-42.271000	27.941000	-0.134000
50524.051810	0.360000	-10.172000	-1.478000	-0.188000	-0.695000	0.823000	-42.271000	28.268000	-0.134000
50524.061880	0.002000	-10.299000	-2.206000	-0.232000	-0.576000	0.895000	-42.271000	28.268000	-0.134000
50524.070910	-0.017000	-10.565000	-2.583000	-0.344000	-0.398000	0.982000	-42.271000	28.268000	-0.134000
50524.081900	0.359000	-10.762000	-2.406000	-0.499000	-0.208000	1.080000	-41.900000	28.637000	-0.134000
50524.090960	0.853000	-10.834000	-1.947000	-0.677000	-0.098000	1.170000	-41.900000	28.637000	-0.134000
50524.102870	1.363000	-10.997000	-1.303000	-0.825000	-0.144000	1.230000	-41.900000	28.984000	0.207000
50524.111170	1.630000	-11.232000	-0.713000	-0.874000	-0.425000	1.226000	-41.450000	29.512000	0.207000
50524.131340	1.696000	-11.472000	-0.389000	-0.723000	-1.160000	1.067000	-40.374000	30.290000	2.578000
50524.140740	1.703000	-11.675000	-0.315000	-0.516000	-1.664000	0.923000	-39.398000	30.290000	3.964000
50524.149740	1.763000	-11.879000	-0.258000	-0.272000	-2.093000	0.812000	-38.662000	31.010000	4.928000
50524.161550	2.159000	-12.190000	0.011000	-0.070000	-2.428000	0.766000	-38.093000	31.010000	5.799000
50524.170550	2.805000	-12.403000	0.530000	0.030000	-2.654000	0.801000	-36.952000	31.373000	7.629000
50524.181080	3.412000	-12.330000	1.131000	0.044000	-2.777000	0.928000	-36.412000	31.857000	7.629000
50524.191150	3.875000	-12.268000	1.447000	0.046000	-2.836000	1.107000	-35.446000	31.857000	8.354000
50524.199820	4.071000	-12.161000	1.426000	0.104000	-2.826000	1.258000	-34.516000	32.391000	8.900000
50524.209890	4.177000	-12.098000	1.364000	0.217000	-2.703000	1.351000	-33.888000	32.391000	9.440000
50524.219470	4.121000	-11.983000	1.408000	0.272000	-2.471000	1.378000	-33.099000	32.881000	9.440000
50524.233020	3.970000	-11.928000	1.302000	0.343000	-2.337000	1.414000	-32.325000	32.881000	10.067000
50524.240500	3.734000	-12.036000	1.228000	0.389000	-2.087000	1.424000	-31.837000	33.222000	10.473000
50524.249530	3.272000	-12.224000	0.883000	0.462000	-1.889000	1.396000	-30.905000	33.622000	10.473000
50524.260490	2.752000	-12.400000	0.573000	0.582000	-1.739000	1.344000	-30.424000	34.226000	10.473000
50524.270470	2.383000	-12.491000	0.212000	0.736000	-1.642000	1.294000	-29.515000	34.590000	9.881000
50524.282800	2.172000	-12.445000	0.032000	0.876000	-1.609000	1.286000	-28.939000	35.421000	9.881000
50524.290030	2.099000	-12.298000	-0.101000	0.971000	-1.615000	1.324000	-28.150000	35.421000	9.057000
50524.300470	2.161000	-12.132000	-0.243000	1.041000	-1.613000	1.393000	-27.406000	36.442000	9.057000
50524.310050	2.274000	-11.876000	-0.217000	1.108000	-1.637000	1.486000	-26.878000	36.920000	9.057000
50524.320090	2.369000	-11.585000	-0.199000	1.155000	-1.707000	1.576000	-25.706000	37.228000	9.057000
50524.330950	2.484000	-11.275000	-0.256000	1.171000	-1.763000	1.641000	-25.061000	38.093000	9.057000
50524.340080	2.602000	-10.984000	-0.321000	1.174000	-1.798000	1.662000	-23.892000	38.093000	9.057000
50524.350550	2.698000	-10.707000	-0.389000	1.173000	-1.815000	1.693000	-23.048000	38.815000	9.379000
50524.361380	2.721000	-10.420000	-0.526000	1.150000	-1.850000	1.706000	-22.174000	38.815000	9.379000
50524.370480	2.807000	-10.192000	-0.699000	1.111000	-1.873000	1.693000	-21.324000	39.146000	9.379000
50524.380550	3.027000	-9.958000	-0.634000	1.053000	-1.880000	1.652000	-20.413000	39.581000	8.949000
50524.390530	3.275000	-9.649000	-0.357000	0.977000	-1.869000	1.589000	-19.488000	39.581000	8.949000
50524.399590	3.433000	-9.383000	-0.196000	0.901000	-1.876000	1.500000	-18.940000	40.245000	8.317000
50524.413690	3.534000	-9.206000	-0.105000	0.858000	-1.934000	1.370000	-18.045000	40.245000	7.629000
50524.420100	3.739000	-9.207000	-0.128000	0.852000	-2.018000	1.204000	-18.045000	40.245000	7.283000
50524.430530	4.036000	-9.313000	-0.039000	0.863000	-2.097000	1.018000	-16.824000	40.245000	7.283000
50524.440210	4.359000	-9.352000	0.302000	0.863000	-2.174000	0.843000	-16.482000	40.669000	7.283000
50524.450100	4.667000	-9.474000	0.863000	0.829000	-2.263000	0.702000	-15.774000	41.067000	6.781000
50524.461810	4.848000	-9.531000	1.301000	0.805000	-2.350000	0.640000	-15.397000	40.742000	6.781000
50524.469570	4.944000	-9.448000	1.565000	0.778000	-2.384000	0.522000	-14.814000	40.742000	5.531000
50524.479610	5.002000	-9.216000	1.624000	0.797000	-2.418000	0.417000	-14.814000	41.107000	5.531000
50524.489590	4.979000	-8.850000	1.519000	0.848000	-2.391000	0.338000	-14.216000	41.107000	5.096000
50524.499630	4.970000	-8.443000	1.288000	0.908000	-2.298000	0.299000	-14.216000	41.107000	4.335000
50524.510460	4.966000	-8.093000	1.013000	0.929000	-2.142000	0.275000	-14.216000	41.107000	3.433000
50524.520560	4.864000	-7.882000	0.825000	0.889000	-1.900000	0.242000	-14.216000	41.107000	3.433000
50524.531460	4.666000	-7.804000	0.621000	0.774000	-1.603000	0.188000	-13.784000	41.471000	3.044000
50524.542170	4.435000	-7.857000	0.363000	0.607000	-1.302000	0.108000	-13.784000	41.471000	3.044000
50524.550130	4.326000	-8.076000	0.426000	0.415000	-1.017000	0.012000	-13.784000	41.799000	3.044000
50524.561790	4.234000	-8.266000	0.719000	0.224000	-0.762000	-0.094000	-13.784000	41.799000	2.285000
50524.571650	3.831000	-8.490000	0.646000	0.060000	-0.550000	-0.226000	-14.102000	41.799000	2.285000
50524.581140	3.397000	-8.784000	0.367000	0.002000	-0.385000	-0.304000	-14.102000	42.184000	2.285000
50524.593560	2.971000	-9.018000	0.102000	-0.049000	-0.319000	-0.474000	-14.450000	42.184000	2.285000
50524.600360	2.608000	-9.169000	0.015000	-0.048000	-0.212000	-0.635000	-14.450000	42.184000	2.285000
50524.610310	2.500000	-9.262000	0.090000	-0.036000	-0.148000	-0.757000	-14.450000	42.184000	2.633000
50524.621150	2.420000	-9.391000	0.363000	-0.041000	-0.146000	-0.838000	-14.450000	42.184000	2.633000
50524.630760	2.322000	-9.448000	0.365000	-0.054000	-0.196000	-0.895000	-14.450000	42.517000	2.633000
50524.643360	2.403000	-9.456000	0.310000	-0.084000	-0.271000	-0.947000	-14.450000	42.517000	2.633000
50524.650600	2.594000	-9.492000	0.319000	-0.146000	-0.279000	-0.981000	-14.450000	42.517000	2.633000
50524.661120	2.837000	-9.498000	0.391000	-0.266000	-0.154000	-0.979000	-14.959000	42.517000	2.633000
50524.672350	3.032000	-9.616000	0.343000	-0.439000	0.032000	-0.969000	-15.888000	42.517000	2.633000
50524.681570	3.025000	-9.900000	0.302000	-0.614000	0.200000	-0.983000	-16.635000	42.517000	2.633000
50524.692340	2.884000	-10.244000	0.316000	-0.756000	0.345000	-1.033000	-17.134000	42.517000	2.633000
50524.701130	2.764000	-10.590000	0.208000	-0.810000	0.462000	-1.066000	-17.755000	42.517000	2.633000
50524.712090	2.600000	-10.719000	0.138000	-0.869000	0.499000	-1.129000	-18.452000	42.517000	2.633000
50524.721610	2.254000	-10.663000	0.354000	-0.844000	0.501000	-1.185000	-19.387000	42.517000	2.633000
50524.731070	2.005000	-10.582000	0.261000	-0.751000	0.405000	-1.247000	-19.735000	42.131000	2.633000
50524.742360	1.930000	-10.593000	-0.512000	-0.604000	0.230000	-1.319000	-20.471000	42.131000	3.205000
50524.751000	1.588000	-10.418000	-1.579000	-0.422000	-0.007000	-1.386000	-20.471000	42.131000	3.205000
50524.762600	1.375000	-10.127000	-2.291000	-0.227000	-0.266000	-1.429000	-21.101000	41.781000	3.836000
50524.772450	1.847000	-9.847000	-3.077000	-0.082000	-0.551000	-1.447000	-21.765000	41.781000	4.351000
50524.780020	2.449000	-9.589000	-3.440000	0.004000	-0.903000	-1.411000	-22.084000	41.781000	4.753000
50524.790760	3.330000	-9.736000	-2.856000	0.055000	-1.354000	-1.393000	-22.084000	41.436000	4.753000
50524.799920	3.560000	-10.426000	-2.256000	0.051000	-1.947000	-1.484000	-22.552000	41.436000	4.753000
50524.810720	3.430000	-10.872000	-1.839000	0.014000	-2.660000	-1.663000	-22.552000	41.436000	5.072000
50524.824730	3.270000	-10.932000	-1.474000	-0.000000	-3.408000	-1.760000	-23.117000	41.011000	5.635000
50524.830920	3.135000	-10.903000	-1.548000	-0.018000	-3.752000	-1.898000	-23.117000	41.011000	5.635000
50524.841910	3.264000	-10.843000	-2.037000	-0.021000	-4.306000	-1.908000	-23.117000	40.644000	6.111000
50524.850490	3.586000	-10.660000	-2.504000	-0.016000	-4.694000	-1.810000	-22.802000	40.644000	6.590000
50524.862480	4.178000	-10.458000	-2.444000	-0.054000	-4.969000	-1.669000	-22.802000	40.270000	6.590000
50524.871480	4.923000	-10.399000	-1.421000	-0.150000	-5.187000	-1.539000	-22.802000	40.270000	7.556000
50524.881490	4.993000	-10.547000	-1.031000	-0.261000	-5.444000	-1.456000	-22.245000	39.880000	8.456000
50524.892110	4.818000	-10.687000	-1.261000	-0.320000	-5.804000	-1.432000	-22.245000	39.494000	8.456000
50524.901480	4.930000	-10.867000	-1.579000	-0.322000	-6.169000	-1.391000	-22.245000	39.494000	9.266000
50524.912470	5.272000	-10.987000	-1.777000	-0.385000	-6.296000	-1.254000	-22.245000	38.922000	9.266000
50524.921530	5.572000	-10.976000	-1.491000	-0.559000	-6.152000	-1.052000	-22.245000	38.922000	10.140000
50524.931480	5.724000	-10.936000	-1.162000	-0.776000	-5.930000	-0.865000	-21.699000	38.491000	10.762000
50524.942280	5.611000	-10.859000	-1.038000	-0.865000	-5.783000	-0.799000	-20.506000	38.186000	10.762000
50524.953060	5.637000	-10.709000	-0.957000	-0.947000	-5.749000	-0.729000	-19.154000	37.846000	10.762000
50524.961910	5.965000	-10.728000	-0.268000	-0.901000	-5.739000	-0.717000	-17.648000	37.542000	11.097000
50524.970730	6.327000	-10.927000	0.702000	-0.770000	-5.796000	-0.730000	-16.740000	37.184000	11.097000
50524.980700	6.359000	-11.071000	1.371000	-0.596000	-5.919000	-0.735000	-15.849000	37.184000	11.097000
50524.991540	6.318000	-10.976000	1.302000	-0.400000	-6.050000	-0.696000	-14.840000	37.184000	11.097000
50525.003350	6.369000	-10.605000	0.935000	-0.225000	-6.030000	-0.566000	-13.760000	36.820000	11.097000
50525.012290	6.306000	-10.116000	0.600000	-0.164000	-5.672000	-0.327000	-12.965000	36.820000	11.097000
50525.020260	6.125000	-9.564000	0.191000	-0.250000	-4.934000	-0.027000	-12.112000	36.820000	11.097000
50525.030840	6.001000	-8.998000	-0.089000	-0.440000	-4.013000	0.272000	-11.483000	36.820000	11.097000
50525.041160	5.745000	-8.710000	-0.279000	-0.677000	-3.114000	0.526000	-11.041000	36.471000	11.097000
50525.051660	5.650000	-8.490000	-0.344000	-0.910000	-2.322000	0.691000	-10.403000	36.471000	11.097000
50525.061700	5.936000	-8.382000	0.538000	-1.010000	-1.690000	0.727000	-10.403000	36.070000	11.097000
50525.070700	6.012000	-8.704000	1.275000	-1.167000	-1.440000	0.706000	-9.626000	36.070000	11.477000
50525.080220	5.823000	-9.260000	1.187000	-1.251000	-1.056000	0.585000	-9.626000	35.650000	11.477000
50525.091640	5.461000	-9.602000	1.140000	-1.209000	-0.819000	0.403000	-9.626000	35.650000	11.477000
50525.101710	5.215000	-9.703000	1.462000	-1.061000	-0.653000	0.225000	-9.295000	35.185000	11.776000
50525.112200	5.048000	-9.692000	1.493000	-0.909000	-0.385000	0.132000	-9.295000	35.185000	11.776000
50525.121700	5.134000	-9.689000	1.817000	-0.803000	-0.028000	0.132000	-9.295000	34.596000	11.776000
50525.131830	5.158000	-9.836000	1.969000	-0.714000	0.352000	0.194000	-9.681000	34.281000	11.776000
50525.140800	5.099000	-9.732000	1.721000	-0.631000	0.794000	0.303000	-10.087000	34.281000	12.203000
50525.152300	5.094000	-9.291000	1.524000	-0.592000	1.266000	0.466000	-10.473000	33.912000	12.203000
50525.162500	5.071000	-8.924000	1.167000	-0.619000	1.783000	0.687000	-10.473000	33.912000	12.898000
50525.171070	5.328000	-8.653000	1.268000	-0.698000	2.417000	0.936000	-10.993000	33.050000	13.609000
50525.182640	5.793000	-8.689000	2.016000	-0.746000	3.080000	1.049000	-10.993000	33.050000	14.584000
50525.191830	6.023000	-8.852000	2.179000	-0.837000	3.389000	1.211000	-10.633000	32.388000	15.074000
50525.201380	5.909000	-8.933000	1.701000	-0.867000	3.929000	1.268000	-10.633000	32.026000	15.611000
50525.211750	5.544000	-8.812000	1.042000	-0.784000	4.346000	1.240000	-12.063000	32.026000	16.687000
50525.220360	5.015000	-8.614000	0.371000	-0.606000	4.737000	1.194000	-13.606000	32.026000	16.687000
50525.230800	4.366000	-8.577000	0.037000	-0.403000	5.173000	1.145000	-15.182000	32.026000	17.350000
50525.241390	3.601000	-8.796000	-0.016000	-0.249000	5.616000	1.076000	-16.627000	31.521000	16.734000
50525.252680	2.892000	-9.136000	-0.092000	-0.178000	5.988000	1.016000	-18.482000	31.521000	17.839000
50525.263080	2.241000	-9.434000	-0.224000	-0.162000	6.187000	0.980000	-19.868000	31.521000	17.532000
50525.271810	1.770000	-9.481000	-0.484000	-0.166000	6.237000	0.994000	-20.921000	31.521000	17.532000
50525.280570	1.565000	-9.469000	-0.329000	-0.207000	6.276000	1.073000	-22.384000	31.521000	17.532000
50525.292410	1.773000	-9.762000	-0.033000	-0.308000	6.370000	1.199000	-23.776000	31.196000	16.888000
50525.301440	1.751000	-10.263000	0.229000	-0.364000	6.498000	1.266000	-25.006000	31.196000	17.263000
50525.313710	1.443000	-10.458000	-0.206000	-0.440000	6.551000	1.374000	-26.644000	31.196000	16.802000
50525.321460	0.965000	-10.442000	-0.855000	-0.445000	6.616000	1.451000	-27.796000	30.867000	16.802000
50525.330620	0.516000	-10.284000	-1.569000	-0.352000	6.683000	1.538000	-28.817000	30.867000	16.802000
50525.341540	0.161000	-10.141000	-2.111000	-0.192000	6.773000	1.651000	-29.670000	30.867000	16.802000
50525.351490	-0.150000	-10.022000	-2.631000	-0.066000	6.800000	1.773000	-30.085000	30.867000	16.369000
50525.363580	-0.327000	-9.960000	-2.832000	-0.031000	6.724000	1.896000	-30.807000	30.867000	15.121000
50525.371480	-0.471000	-10.152000	-3.036000	-0.084000	6.569000	1.991000	-30.807000	30.867000	14.410000
50525.380940	-0.605000	-10.480000	-2.911000	-0.214000	6.357000	2.060000	-31.517000	30.867000	13.462000
50525.391870	-0.755000	-10.906000	-2.498000	-0.389000	6.117000	2.123000	-31.927000	30.867000	11.935000
50525.402880	-1.065000	-11.363000	-2.316000	-0.575000	5.858000	2.178000	-31.927000	30.867000	11.935000
50525.412710	-1.426000	-11.455000	-2.380000	-0.743000	5.567000	2.212000	-32.395000	31.289000	11.210000
50525.421870	-1.650000	-11.451000	-2.423000	-0.816000	5.270000	2.218000	-32.395000	31.739000	10.229000
50525.430840	-1.818000	-11.514000	-2.490000	-0.924000	5.137000	2.220000	-31.811000	32.437000	10.229000
50525.441920	-1.824000	-11.633000	-2.570000	-0.991000	4.883000	2.241000	-31.811000	32.904000	9.532000
50525.451990	-1.756000	-11.799000	-2.650000	-1.052000	4.562000	2.292000	-31.811000	33.422000	9.532000
50525.461750	-1.574000	-11.918000	-2.758000	-1.122000	4.160000	2.332000	-31.398000	34.025000	8.851000
50525.471980	-1.251000	-12.093000	-2.571000	-1.188000	3.713000	2.334000	-31.398000	34.025000	9.158000
50525.481250	-0.631000	-12.480000	-2.363000	-1.252000	3.215000	2.309000	-30.812000	34.674000	9.158000
50525.493460	-0.171000	-12.952000	-2.003000	-1.329000	2.701000	2.256000	-30.812000	34.674000	8.782000
50525.501670	0.291000	-13.399000	-1.331000	-1.401000	2.200000	2.191000	-30.491000	35.116000	9.521000
50525.511890	0.569000	-13.749000	-0.667000	-1.454000	1.708000	2.116000	-30.841000	35.116000	9.521000
50525.522880	0.619000	-13.926000	-0.224000	-1.474000	1.264000	2.033000	-30.841000	35.116000	9.996000
50525.530780	0.753000	-13.961000	0.204000	-1.428000	0.901000	1.956000	-30.279000	35.452000	10.379000
50525.543480	0.920000	-13.701000	0.146000	-1.370000	0.599000	1.928000	-29.216000	35.452000	10.379000
50525.551720	1.188000	-13.268000	-0.037000	-1.204000	0.466000	1.909000	-28.297000	35.452000	10.037000
50525.562000	1.532000	-12.746000	-0.138000	-1.034000	0.250000	1.955000	-27.076000	35.452000	10.037000
50525.571250	1.647000	-12.298000	-0.450000	-0.926000	0.129000	2.044000	-26.223000	35.452000	10.037000
50525.580890	1.664000	-12.107000	-0.839000	-0.907000	0.119000	2.137000	-25.518000	35.452000	9.729000
50525.591940	1.795000	-11.939000	-1.006000	-0.956000	0.175000	2.180000	-24.436000	35.452000	9.729000
50525.601490	2.198000	-11.757000	-1.078000	-1.042000	0.278000	2.154000	-23.542000	35.877000	9.729000
50525.611080	2.704000	-11.799000	-0.818000	-1.125000	0.340000	2.102000	-22.569000	35.877000	10.574000
50525.621910	3.247000	-12.030000	-0.261000	-1.169000	0.271000	2.034000	-21.902000	35.877000	11.131000
50525.631370	3.545000	-11.918000	0.139000	-1.170000	0.083000	1.925000	-21.231000	36.267000	11.772000
50525.641230	3.871000	-11.569000	0.047000	-1.109000	-0.158000	1.765000	-20.510000	36.267000	11.772000
50525.651850	4.346000	-11.232000	-0.269000	-0.944000	-0.421000	1.585000	-19.854000	36.267000	12.513000
50525.662010	4.912000	-10.785000	-0.180000	-0.687000	-0.687000	1.435000	-18.954000	36.267000	12.513000
50525.673970	5.480000	-10.257000	0.262000	-0.547000	-0.942000	1.331000	-18.064000	36.575000	12.513000
50525.682000	5.978000	-9.895000	0.684000	-0.312000	-1.238000	1.287000	-17.515000	36.575000	12.991000
50525.693900	6.336000	-9.725000	0.977000	-0.161000	-1.413000	1.185000	-16.732000	36.575000	12.991000
50525.702900	6.607000	-9.785000	1.215000	-0.055000	-1.784000	1.033000	-15.837000	36.575000	12.583000
50525.711810	6.624000	-9.939000	1.225000	0.043000	-2.093000	0.829000	-14.739000	36.575000	12.583000
50525.724390	6.770000	-10.007000	1.095000	0.141000	-2.256000	0.620000	-13.839000	36.575000	12.583000
50525.742700	7.229000	-9.858000	1.059000	0.343000	-2.115000	0.410000	-13.027000	36.882000	12.583000
50525.751460	7.646000	-9.543000	1.176000	0.405000	-1.881000	0.454000	-12.179000	36.882000	12.583000
50525.762410	7.714000	-9.313000	1.091000	0.426000	-1.533000	0.512000	-11.476000	36.882000	12.898000
50525.772300	7.467000	-9.107000	0.891000	0.458000	-1.133000	0.491000	-11.476000	36.882000	12.898000
50525.780940	7.000000	-8.846000	0.552000	0.485000	-0.757000	0.446000	-11.137000	36.882000	12.898000
50525.791530	6.480000	-8.684000	-0.068000	0.564000	-0.586000	0.303000	-11.500000	37.240000	12.898000
50525.802700	6.012000	-8.629000	-0.852000	0.654000	-0.250000	0.119000	-11.500000	37.240000	12.898000
50525.811940	5.669000	-8.607000	-1.586000	0.722000	0.140000	-0.060000	-11.991000	37.240000	12.898000
50525.821740	5.354000	-8.639000	-2.271000	0.741000	0.567000	-0.217000	-11.991000	37.240000	12.898000
50525.831440	4.884000	-8.810000	-2.799000	0.698000	0.918000	-0.371000	-12.309000	37.640000	12.898000
50525.842640	4.454000	-9.043000	-3.225000	0.622000	1.120000	-0.547000	-12.969000	37.640000	12.898000
50525.852900	4.156000	-9.297000	-3.339000	0.533000	1.219000	-0.741000	-13.372000	37.640000	12.557000
50525.861290	4.118000	-9.542000	-3.172000	0.437000	1.292000	-0.918000	-13.722000	37.966000	12.557000
50525.871510	4.315000	-9.837000	-2.719000	0.341000	1.357000	-1.055000	-13.722000	37.966000	12.557000
50525.882380	4.508000	-10.180000	-2.241000	0.248000	1.330000	-1.163000	-13.722000	37.966000	12.557000
50525.891930	4.668000	-10.534000	-1.741000	0.185000	1.202000	-1.284000	-14.161000	37.966000	12.164000
50525.904500	4.730000	-10.739000	-1.529000	0.174000	1.087000	-1.352000	-14.956000	38.325000	12.164000
50525.912040	4.608000	-10.904000	-1.621000	0.192000	1.056000	-1.493000	-15.914000	38.325000	12.164000
50525.921990	4.336000	-11.119000	-1.909000	0.235000	1.042000	-1.639000	-17.211000	38.325000	12.164000
50525.931690	3.946000	-11.457000	-2.116000	0.264000	1.114000	-1.787000	-18.621000	38.325000	11.862000
50525.943260	3.487000	-11.877000	-2.230000	0.239000	1.309000	-1.907000	-19.560000	38.325000	11.862000
50525.951990	3.077000	-12.208000	-2.200000	0.148000	1.551000	-1.985000	-20.874000	38.325000	11.862000
50525.962030	2.875000	-12.518000	-2.054000	0.024000	1.733000	-2.019000	-21.971000	38.325000	11.862000
50525.971550	2.709000	-12.866000	-1.870000	-0.080000	1.853000	-2.029000	-23.066000	38.325000	11.862000
50525.981100	2.833000	-13.293000	-1.410000	-0.146000	1.940000	-2.041000	-24.206000	38.325000	11.862000
50525.993280	3.059000	-13.708000	-0.744000	-0.154000	2.005000	-2.047000	-25.489000	38.325000	11.862000
50526.001580	2.954000	-13.965000	-0.498000	-0.089000	1.973000	-2.068000	-26.623000	38.325000	11.531000
50526.016870	2.710000	-14.149000	-0.808000	0.049000	1.852000	-2.145000	-27.595000	38.325000	11.531000
50526.023030	2.447000	-14.216000	-1.080000	0.149000	1.775000	-2.194000	-28.739000	38.325000	11.531000
50526.033770	2.063000	-14.322000	-1.316000	0.371000	1.763000	-2.278000	-29.493000	38.015000	11.531000
50526.042500	1.550000	-14.465000	-1.648000	0.541000	1.753000	-2.326000	-30.630000	38.015000	11.108000
50526.052120	1.112000	-14.453000	-1.913000	0.630000	1.725000	-2.337000	-31.761000	37.149000	11.108000
50526.061640	0.910000	-14.280000	-2.042000	0.652000	1.701000	-2.301000	-32.409000	36.535000	10.771000
50526.071160	0.779000	-14.084000	-1.982000	0.625000	1.709000	-2.214000	-33.030000	35.971000	10.771000
50526.084680	0.641000	-13.892000	-1.853000	0.585000	1.723000	-2.114000	-33.665000	35.533000	9.849000
50526.093280	0.548000	-13.737000	-1.617000	0.572000	1.695000	-2.045000	-34.889000	34.606000	9.236000
50526.102130	0.339000	-13.594000	-1.256000	0.607000	1.589000	-2.024000	-35.722000	34.265000	7.707000
50526.111690	0.068000	-13.387000	-0.918000	0.690000	1.427000	-2.030000	-36.549000	33.755000	6.546000
50526.122920	-0.239000	-13.299000	-0.746000	0.803000	1.215000	-2.056000	-37.379000	33.076000	5.670000
50526.131710	-0.490000	-13.326000	-0.721000	0.906000	1.009000	-2.080000	-38.073000	33.076000	5.670000
50526.143000	-0.635000	-13.351000	-0.586000	0.938000	0.911000	-2.079000	-38.621000	32.232000	4.396000
50526.151730	-1.021000	-13.244000	-0.718000	0.949000	0.905000	-2.025000	-38.621000	31.697000	4.396000
50526.161310	-1.310000	-13.036000	-1.032000	0.923000	0.946000	-1.908000	-39.546000	31.697000	3.364000
50526.172600	-1.541000	-12.653000	-1.329000	0.916000	1.079000	-1.740000	-39.546000	30.992000	2.798000
50526.183190	-1.810000	-12.209000	-1.708000	0.939000	1.256000	-1.524000	-40.196000	30.992000	1.356000
50526.192830	-2.050000	-11.638000	-2.100000	0.962000	1.381000	-1.304000	-40.196000	30.355000	1.692000
50526.202510	-2.175000	-10.995000	-2.304000	0.981000	1.449000	-1.118000	-40.196000	30.355000	0.801000
50526.213310	-2.181000	-10.435000	-2.370000	1.010000	1.455000	-0.981000	-40.737000	29.600000	0.288000
50526.222650	-2.132000	-10.029000	-2.350000	1.050000	1.376000	-0.881000	-40.737000	29.600000	-0.419000
50526.231770	-2.053000	-9.778000	-2.224000	1.080000	1.194000	-0.817000	-40.737000	29.600000	-0.419000
50526.243030	-1.990000	-9.666000	-2.104000	1.072000	0.943000	-0.786000	-40.737000	29.223000	-1.083000
50526.251360	-2.002000	-9.512000	-2.103000	1.024000	0.702000	-0.757000	-41.098000	29.223000	-1.397000
50526.263510	-2.084000	-9.342000	-2.232000	0.998000	0.508000	-0.737000	-41.098000	28.768000	-1.916000
50526.271350	-2.249000	-9.237000	-2.473000	0.949000	0.432000	-0.683000	-41.098000	28.768000	-1.916000
50526.281330	-2.419000	-9.127000	-2.693000	0.887000	0.342000	-0.607000	-41.098000	28.768000	-2.633000
50526.291400	-2.533000	-8.985000	-2.862000	0.790000	0.334000	-0.505000	-41.098000	28.768000	-2.633000
50526.302570	-2.523000	-8.834000	-3.031000	0.666000	0.340000	-0.377000	-41.098000	28.768000	-2.633000
50526.312340	-2.381000	-8.726000	-2.945000	0.547000	0.325000	-0.241000	-40.751000	28.768000	-2.633000
50526.323360	-2.147000	-8.650000	-2.838000	0.443000	0.268000	-0.123000	-40.751000	28.768000	-2.983000
50526.331870	-1.932000	-8.540000	-2.701000	0.373000	0.133000	-0.030000	-41.111000	28.768000	-2.561000
50526.342430	-1.771000	-8.484000	-2.494000	0.346000	-0.080000	0.037000	-41.111000	28.768000	-2.561000
50526.351980	-1.692000	-8.576000	-2.463000	0.338000	-0.310000	0.073000	-41.111000	28.427000	-2.561000
50526.362390	-1.718000	-8.745000	-2.547000	0.328000	-0.511000	0.092000	-41.473000	28.427000	-2.561000
50526.373340	-1.822000	-8.991000	-2.649000	0.289000	-0.655000	0.115000	-41.473000	28.427000	-2.561000
50526.381490	-1.981000	-9.293000	-2.828000	0.252000	-0.719000	0.131000	-41.473000	28.102000	-2.561000
50526.394370	-2.214000	-9.621000	-3.056000	0.153000	-0.733000	0.188000	-41.473000	28.102000	-2.561000
50526.404140	-2.517000	-9.884000	-3.348000	0.043000	-0.757000	0.280000	-41.473000	28.102000	-2.561000
50526.412800	-2.641000	-10.003000	-3.641000	-0.073000	-0.754000	0.400000	-41.473000	28.102000	-2.561000
50526.422600	-2.414000	-10.036000	-3.829000	-0.182000	-0.725000	0.555000	-41.473000	28.102000	-2.561000
50526.432940	-1.844000	-10.042000	-3.688000	-0.270000	-0.739000	0.727000	-41.473000	28.102000	-2.561000
50526.444820	-1.103000	-10.063000	-3.406000	-0.336000	-0.827000	0.892000	-41.473000	28.102000	-2.561000
50526.452990	-0.395000	-10.202000	-2.974000	-0.389000	-0.984000	1.023000	-41.473000	28.102000	-2.561000
50526.462060	0.105000	-10.378000	-2.620000	-0.426000	-1.197000	1.095000	-41.473000	28.102000	-2.561000
50526.474050	0.352000	-10.628000	-2.547000	-0.445000	-1.406000	1.133000	-41.473000	28.102000	-2.561000
50526.483600	0.524000	-10.965000	-2.725000	-0.458000	-1.536000	1.161000	-41.473000	28.408000	-1.451000
50526.493160	0.517000	-11.218000	-2.951000	-0.497000	-1.546000	1.202000	-41.154000	28.408000	-0.740000
50526.504110	0.417000	-11.295000	-3.212000	-0.530000	-1.442000	1.233000	-41.154000	28.750000	-0.335000
50526.512900	0.351000	-11.313000	-3.381000	-0.622000	-1.358000	1.319000	-40.838000	29.145000	1.034000
50526.522730	0.407000	-11.389000	-3.319000	-0.755000	-1.159000	1.428000	-40.296000	29.743000	1.504000
50526.532000	0.394000	-11.702000	-3.324000	-0.920000	-0.943000	1.545000	-39.915000	30.473000	1.504000
50526.542470	0.333000	-12.106000	-3.478000	-1.098000	-0.738000	1.644000	-39.006000	30.874000	3.085000
50526.552480	0.292000	-12.530000	-3.509000	-1.258000	-0.632000	1.691000	-38.662000	31.517000	3.085000
50526.561580	0.463000	-12.918000	-3.352000	-1.386000	-0.628000	1.697000	-37.699000	31.906000	4.592000
50526.575160	0.630000	-13.184000	-3.171000	-1.477000	-0.664000	1.700000	-36.988000	32.441000	5.918000
50526.582760	0.746000	-13.451000	-3.132000	-1.514000	-0.738000	1.710000	-36.582000	32.931000	5.918000
50526.593920	0.877000	-13.764000	-2.857000	-1.512000	-0.890000	1.703000	-35.314000	32.931000	7.130000
50526.604210	1.140000	-14.068000	-2.540000	-1.479000	-1.082000	1.668000	-34.716000	33.355000	8.058000
50526.612720	1.348000	-14.469000	-2.270000	-1.432000	-1.283000	1.632000	-33.734000	33.355000	9.243000
50526.625540	1.582000	-14.646000	-1.967000	-1.411000	-1.487000	1.625000	-32.824000	33.355000	10.060000
50526.633780	1.857000	-14.450000	-1.716000	-1.374000	-1.567000	1.637000	-32.443000	33.976000	10.903000
50526.642570	2.084000	-14.250000	-1.891000	-1.341000	-1.650000	1.717000	-30.863000	33.976000	11.927000
50526.653160	2.371000	-14.135000	-2.165000	-1.306000	-1.665000	1.873000	-30.458000	33.976000	11.315000
50526.662350	2.653000	-13.913000	-2.334000	-1.281000	-1.617000	2.039000	-29.096000	33.976000	12.707000
50526.673150	3.015000	-13.636000	-2.244000	-1.304000	-1.477000	2.179000	-27.856000	33.976000	12.707000
50526.684290	3.303000	-13.461000	-2.049000	-1.355000	-1.309000	2.266000	-26.858000	34.400000	13.719000
50526.693380	3.562000	-13.528000	-1.794000	-1.375000	-1.212000	2.271000	-25.717000	34.400000	14.257000
50526.704310	3.674000	-13.684000	-1.441000	-1.331000	-1.196000	2.194000	-24.588000	34.400000	14.683000
50526.713100	3.527000	-13.961000	-1.179000	-1.239000	-1.232000	2.066000	-23.814000	34.400000	15.438000
50526.722890	3.127000	-14.169000	-1.013000	-1.146000	-1.277000	1.921000	-22.807000	34.400000	15.438000
50526.731740	2.405000	-14.047000	-1.284000	-1.086000	-1.234000	1.809000	-22.807000	34.400000	16.345000
50526.741750	1.895000	-13.591000	-1.806000	-1.078000	-1.020000	1.787000	-21.823000	34.729000	16.345000
50526.753320	1.724000	-12.863000	-2.209000	-1.121000	-0.844000	1.831000	-21.823000	34.729000	16.345000
50526.761800	2.048000	-12.135000	-2.395000	-1.243000	-0.385000	1.991000	-21.049000	34.729000	17.648000
50526.771750	2.723000	-11.875000	-2.579000	-1.405000	0.056000	2.203000	-20.582000	34.729000	17.648000
50526.781790	4.528000	-11.685000	-1.755000	-1.565000	0.236000	2.373000	-19.883000	34.729000	18.045000
50526.791770	7.122000	-11.161000	0.330000	-1.704000	0.003000	2.433000	-18.740000	34.729000	18.678000
50526.805410	9.066000	-10.763000	3.115000	-1.843000	-0.680000	2.366000	-17.582000	34.729000	18.678000
50526.812250	9.996000	-10.717000	5.830000	-1.909000	-1.741000	2.129000	-16.223000	34.729000	18.678000
50526.823020	9.957000	-10.798000	7.621000	-1.732000	-2.976000	1.646000	-14.646000	34.729000	19.056000
50526.833000	9.229000	-11.026000	7.863000	-1.198000	-4.046000	0.989000	-13.476000	34.729000	18.115000
50526.842550	8.367000	-11.410000	6.720000	-0.368000	-4.657000	0.388000	-11.592000	34.729000	18.115000
50526.852620	7.396000	-11.511000	4.965000	0.570000	-4.647000	0.038000	-10.939000	34.729000	17.721000
50526.862300	6.812000	-11.041000	3.020000	1.013000	-4.038000	-0.023000	-10.282000	34.729000	17.721000
50526.873920	6.614000	-10.407000	1.290000	1.731000	-3.563000	0.061000	-9.478000	34.729000	16.868000
50526.883690	6.464000	-9.876000	-0.204000	2.144000	-2.438000	0.359000	-9.478000	34.729000	16.868000
50526.893940	6.242000	-9.319000	-1.643000	2.263000	-1.239000	0.751000	-8.433000	34.729000	16.030000
50526.904470	5.796000	-8.741000	-2.955000	2.219000	-0.132000	1.063000	-8.433000	34.729000	15.362000
50526.913020	5.157000	-8.222000	-4.073000	2.149000	0.749000	1.184000	-7.855000	34.729000	14.811000
50526.924250	4.518000	-7.848000	-4.899000	2.143000	1.365000	1.088000	-7.855000	35.054000	13.438000
50526.935940	4.023000	-7.650000	-5.338000	2.235000	1.657000	0.807000	-8.360000	35.867000	13.438000
50526.942740	3.600000	-7.788000	-5.679000	2.397000	1.602000	0.403000	-7.876000	36.563000	12.278000
50526.954490	3.229000	-8.133000	-5.847000	2.522000	1.276000	-0.036000	-8.438000	37.133000	11.399000
50526.963430	2.861000	-8.416000	-5.756000	2.483000	0.806000	-0.442000	-8.438000	37.861000	10.525000
50526.973750	2.730000	-8.590000	-5.466000	2.245000	0.381000	-0.776000	-8.882000	38.421000	9.939000
50526.985920	3.144000	-8.724000	-5.127000	2.068000	0.130000	-0.904000	-9.582000	38.935000	9.138000
50526.992700	3.816000	-8.736000	-4.545000	1.636000	0.077000	-1.061000	-9.582000	38.935000	9.138000
50527.004660	4.450000	-8.753000	-3.904000	1.145000	0.077000	-1.094000	-10.215000	38.935000	9.138000
50527.013300	4.901000	-9.028000	-3.405000	0.654000	0.130000	-1.088000	-10.215000	39.518000	8.598000
50527.023760	5.092000	-9.471000	-2.814000	0.224000	0.209000	-1.138000	-9.869000	39.038000	9.153000
50527.032550	4.751000	-9.953000	-2.278000	-0.079000	0.335000	-1.297000	-9.869000	39.350000	9.774000
50527.042720	4.354000	-10.578000	-2.119000	-0.248000	0.455000	-1.560000	-10.943000	39.350000	10.864000
50527.054710	4.172000	-11.231000	-1.899000	-0.306000	0.535000	-1.885000	-12.504000	39.350000	10.417000
50527.062580	3.853000	-12.030000	-1.692000	-0.299000	0.579000	-2.194000	-13.694000	39.350000	10.417000
50527.073930	3.418000	-12.805000	-1.772000	-0.295000	0.618000	-2.426000	-14.888000	39.350000	10.417000
50527.083210	2.975000	-13.297000	-1.856000	-0.323000	0.680000	-2.589000	-16.424000	39.350000	10.783000
50527.092670	2.854000	-13.492000	-1.854000	-0.351000	0.790000	-2.696000	-17.814000	39.350000	10.482000
50527.102740	2.846000	-13.440000	-1.733000	-0.357000	0.962000	-2.721000	-19.395000	39.350000	10.482000
50527.114860	2.807000	-13.493000	-1.814000	-0.358000	1.063000	-2.698000	-20.726000	39.350000	10.128000
50527.122700	2.698000	-13.681000	-1.930000	-0.370000	1.256000	-2.619000	-21.792000	39.350000	10.128000
50527.132680	2.333000	-13.989000	-1.959000	-0.398000	1.448000	-2.558000	-23.565000	39.350000	10.128000
50527.142200	1.873000	-14.308000	-2.040000	-0.431000	1.659000	-2.531000	-24.632000	39.350000	10.128000
50527.152760	1.614000	-14.621000	-2.048000	-0.456000	1.839000	-2.530000	-26.091000	39.350000	10.128000
50527.165760	1.466000	-14.921000	-1.948000	-0.441000	1.952000	-2.526000	-27.255000	39.350000	10.128000
50527.173540	1.214000	-15.028000	-1.875000	-0.368000	1.969000	-2.493000	-27.819000	38.397000	10.128000
50527.183220	1.082000	-14.872000	-1.920000	-0.248000	1.890000	-2.466000	-29.214000	37.916000	10.481000
50527.193040	1.170000	-14.617000	-1.793000	-0.091000	1.730000	-2.477000	-30.082000	36.907000	10.481000
50527.204890	1.298000	-14.401000	-1.574000	0.111000	1.539000	-2.501000	-31.101000	36.419000	10.481000
50527.213490	1.358000	-14.134000	-1.365000	0.323000	1.335000	-2.506000	-31.950000	35.484000	10.845000
50527.222830	1.292000	-13.761000	-1.138000	0.405000	1.133000	-2.503000	-32.696000	34.786000	10.845000
50527.232960	1.123000	-13.542000	-1.268000	0.503000	1.057000	-2.472000	-33.409000	34.786000	10.845000
50527.244340	0.903000	-13.452000	-1.414000	0.520000	0.995000	-2.390000	-34.231000	33.804000	10.845000
50527.255120	0.615000	-13.379000	-1.453000	0.469000	1.060000	-2.275000	-35.147000	33.215000	10.845000
50527.263330	0.184000	-13.275000	-1.436000	0.378000	1.231000	-2.160000	-36.367000	32.658000	10.845000
50527.273210	-0.236000	-13.099000	-1.421000	0.280000	1.454000	-2.066000	-36.367000	32.022000	10.530000
50527.283960	-0.608000	-12.869000	-1.403000	0.232000	1.637000	-2.003000	-37.493000	32.022000	9.413000
50527.295740	-0.979000	-12.633000	-1.563000	0.268000	1.706000	-1.962000	-38.122000	31.221000	8.091000
50527.304370	-1.300000	-12.309000	-1.740000	0.397000	1.656000	-1.932000	-38.737000	30.801000	7.119000
50527.314290	-1.601000	-12.028000	-1.902000	0.585000	1.509000	-1.894000	-39.253000	30.287000	6.428000
50527.324030	-1.807000	-11.823000	-1.954000	0.754000	1.339000	-1.844000	-39.875000	29.623000	5.360000
50527.333120	-1.997000	-11.525000	-2.050000	0.860000	1.207000	-1.772000	-40.455000	29.623000	4.893000
50527.348040	-2.216000	-11.147000	-2.127000	0.898000	1.098000	-1.662000	-40.455000	29.164000	4.438000
50527.355800	-2.455000	-10.758000	-2.223000	0.896000	0.995000	-1.524000	-41.102000	28.416000	4.438000
50527.364550	-2.670000	-10.380000	-2.330000	0.889000	0.936000	-1.453000	-41.593000	28.416000	3.208000
50527.384970	-2.910000	-10.118000	-2.539000	0.815000	0.918000	-1.173000	-41.625000	27.777000	3.208000
50527.392840	-3.077000	-9.866000	-2.849000	0.792000	0.887000	-1.026000	-41.178000	27.777000	2.525000
50527.404990	-3.118000	-9.526000	-2.867000	0.775000	0.825000	-0.895000	-41.555000	27.349000	2.525000
50527.414270	-3.016000	-9.213000	-2.682000	0.755000	0.716000	-0.774000	-42.062000	27.349000	1.901000
50527.424760	-2.874000	-9.029000	-2.580000	0.731000	0.553000	-0.660000	-41.639000	27.349000	1.901000
50527.434230	-2.733000	-8.877000	-2.610000	0.719000	0.321000	-0.561000	-41.639000	27.349000	1.901000
50527.442920	-2.653000	-8.679000	-2.651000	0.709000	0.077000	-0.470000	-41.639000	27.349000	1.571000
50527.455040	-2.645000	-8.605000	-2.807000	0.674000	-0.093000	-0.372000	-41.639000	27.027000	1.571000
50527.463670	-2.664000	-8.549000	-2.990000	0.648000	-0.201000	-0.321000	-41.639000	27.027000	1.571000
50527.475210	-2.671000	-8.419000	-3.139000	0.586000	-0.242000	-0.228000	-41.639000	27.027000	1.571000
50527.483600	-2.607000	-8.282000	-3.256000	0.509000	-0.301000	-0.140000	-41.639000	27.027000	2.018000
50527.493000	-2.477000	-8.263000	-3.163000	0.421000	-0.341000	-0.046000	-41.639000	27.027000	2.018000
50527.505060	-2.408000	-8.583000	-3.039000	0.311000	-0.385000	0.044000	-41.639000	27.027000	2.018000
50527.513780	-2.327000	-8.882000	-2.852000	0.160000	-0.416000	0.136000	-41.639000	27.027000	2.018000
50527.525230	-2.229000	-9.103000	-2.686000	-0.031000	-0.421000	0.254000	-41.987000	27.027000	2.018000
50527.533990	-2.081000	-9.350000	-2.610000	-0.206000	-0.400000	0.409000	-41.987000	26.657000	1.687000
50527.542810	-1.934000	-9.547000	-2.644000	-0.326000	-0.354000	0.572000	-41.987000	26.657000	1.687000
50527.554250	-1.829000	-9.616000	-2.795000	-0.392000	-0.294000	0.704000	-41.987000	26.657000	1.687000
50527.562610	-1.705000	-9.693000	-2.905000	-0.410000	-0.257000	0.805000	-41.987000	26.657000	1.687000
50527.572680	-1.639000	-9.901000	-3.150000	-0.407000	-0.270000	0.877000	-41.987000	26.657000	1.687000
50527.582630	-1.675000	-10.212000	-3.369000	-0.408000	-0.315000	0.904000	-41.987000	26.657000	1.687000
50527.592640	-1.760000	-10.542000	-3.548000	-0.437000	-0.346000	0.956000	-41.987000	26.657000	1.687000
50527.604570	-1.775000	-10.828000	-3.575000	-0.525000	-0.417000	1.013000	-41.987000	26.657000	1.687000
50527.612600	-1.511000	-11.150000	-3.410000	-0.652000	-0.463000	1.093000	-41.987000	26.657000	1.687000
50527.622640	-1.112000	-11.572000	-3.100000	-0.787000	-0.492000	1.212000	-41.987000	27.091000	1.687000
50527.633840	-0.679000	-11.925000	-2.880000	-0.892000	-0.574000	1.330000	-41.601000	27.091000	1.687000
50527.642660	-0.227000	-12.239000	-2.638000	-0.948000	-0.706000	1.415000	-41.601000	28.129000	2.113000
50527.655140	0.248000	-12.529000	-2.491000	-0.957000	-0.858000	1.479000	-41.271000	28.656000	2.453000
50527.662710	0.631000	-12.714000	-2.464000	-0.925000	-1.021000	1.530000	-41.271000	29.307000	3.652000
50527.673120	0.888000	-12.795000	-2.410000	-0.856000	-1.193000	1.576000	-40.327000	29.307000	4.911000
50527.683830	1.098000	-12.954000	-2.324000	-0.782000	-1.354000	1.622000	-39.154000	30.419000	6.802000
50527.692680	1.331000	-13.247000	-2.365000	-0.753000	-1.471000	1.670000	-37.745000	30.419000	8.131000
50527.705920	1.495000	-13.562000	-2.374000	-0.758000	-1.547000	1.737000	-36.923000	30.972000	8.554000
50527.712880	1.744000	-13.745000	-2.489000	-0.803000	-1.564000	1.781000	-36.265000	31.617000	8.554000
50527.722890	1.858000	-13.929000	-2.614000	-0.877000	-1.537000	1.879000	-34.959000	31.617000	9.907000
50527.733880	1.961000	-13.959000	-2.683000	-0.956000	-1.441000	1.969000	-34.602000	32.272000	10.610000
50527.744100	2.112000	-13.847000	-2.787000	-1.029000	-1.321000	2.035000	-33.071000	32.598000	11.375000
50527.754540	2.226000	-13.677000	-2.862000	-1.051000	-1.271000	2.070000	-32.336000	32.598000	12.103000
50527.765340	2.388000	-13.671000	-2.841000	-0.989000	-1.360000	2.062000	-31.455000	32.598000	12.419000
50527.773180	2.590000	-13.704000	-2.642000	-0.874000	-1.555000	2.005000	-30.570000	33.001000	12.992000
50527.783680	2.828000	-13.774000	-2.358000	-0.742000	-1.823000	1.913000	-29.791000	33.001000	13.481000
50527.793230	3.134000	-13.750000	-2.087000	-0.594000	-2.150000	1.809000	-28.640000	33.676000	14.109000
50527.804800	3.464000	-13.733000	-1.778000	-0.428000	-2.507000	1.710000	-27.416000	33.676000	14.109000
50527.814440	3.671000	-13.807000	-1.586000	-0.258000	-2.836000	1.642000	-26.460000	34.159000	14.410000
50527.822780	3.749000	-13.958000	-1.592000	-0.181000	-3.055000	1.607000	-24.395000	34.159000	14.410000
50527.836840	3.695000	-13.905000	-1.648000	-0.060000	-3.111000	1.601000	-23.414000	34.159000	14.410000
50527.843410	3.791000	-13.588000	-1.799000	0.003000	-3.105000	1.626000	-21.963000	34.614000	15.312000
50527.853900	3.971000	-13.163000	-1.935000	0.034000	-2.952000	1.728000	-20.664000	34.614000	15.312000
50527.864100	4.111000	-12.592000	-1.979000	0.055000	-2.739000	1.893000	-19.715000	34.614000	15.312000
50527.872880	4.348000	-11.964000	-1.963000	0.086000	-2.565000	2.034000	-18.287000	34.614000	15.664000
50527.887260	4.712000	-11.444000	-1.787000	0.133000	-2.458000	2.090000	-17.079000	34.614000	15.138000
50527.894130	5.028000	-11.211000	-1.576000	0.201000	-2.439000	2.047000	-16.032000	34.614000	15.138000
50527.903620	5.034000	-11.088000	-1.627000	0.302000	-2.513000	1.914000	-14.923000	34.614000	15.138000
50527.914210	4.990000	-10.928000	-1.867000	0.445000	-2.645000	1.724000	-14.299000	35.083000	14.796000
50527.923910	4.967000	-10.757000	-2.146000	0.625000	-2.798000	1.519000	-13.203000	35.083000	14.796000
50527.932970	5.154000	-10.654000	-2.325000	0.837000	-2.959000	1.333000	-12.776000	35.473000	14.796000
50527.945360	5.519000	-10.567000	-2.337000	0.933000	-3.126000	1.180000	-11.462000	35.473000	14.796000
50527.955010	6.021000	-10.456000	-2.088000	1.067000	-3.206000	1.122000	-10.273000	35.937000	14.796000
50527.963430	6.466000	-10.061000	-1.645000	1.131000	-3.355000	1.031000	-9.103000	36.314000	14.796000
50527.973900	7.187000	-9.512000	-1.060000	1.168000	-3.501000	0.960000	-8.116000	36.314000	13.568000
50527.985560	7.614000	-9.041000	-0.524000	1.222000	-3.622000	0.905000	-7.313000	37.127000	11.967000
50527.994190	7.680000	-8.637000	0.031000	1.293000	-3.665000	0.836000	-6.698000	37.791000	11.157000
50528.004660	7.652000	-8.262000	0.259000	1.348000	-3.576000	0.717000	-5.828000	38.291000	9.587000
50528.016320	7.527000	-8.002000	0.004000	1.372000	-3.324000	0.593000	-5.419000	39.021000	8.590000
50528.023280	7.353000	-7.687000	-0.484000	1.369000	-2.903000	0.500000	-4.658000	39.021000	7.917000
50528.033560	7.072000	-7.350000	-0.932000	1.307000	-2.316000	0.437000	-4.658000	39.021000	7.540000
50528.044030	6.770000	-7.140000	-1.226000	1.184000	-1.598000	0.398000	-4.144000	39.559000	7.540000
50528.053730	6.436000	-7.071000	-1.678000	1.005000	-0.869000	0.343000	-4.144000	39.559000	7.540000
50528.067470	5.939000	-7.129000	-2.088000	0.903000	-0.203000	0.228000	-4.144000	39.559000	6.706000
50528.074480	5.373000	-7.458000	-2.426000	0.693000	0.111000	0.143000	-4.705000	39.559000	6.706000
50528.085680	5.036000	-7.786000	-2.652000	0.473000	0.749000	-0.068000	-4.705000	39.947000	7.235000
50528.094440	4.742000	-8.140000	-2.757000	0.255000	1.381000	-0.273000	-5.487000	39.947000	7.235000
50528.104760	4.380000	-8.480000	-2.889000	0.081000	1.854000	-0.462000	-5.487000	39.947000	7.235000
50528.114100	4.016000	-8.903000	-3.100000	-0.027000	2.137000	-0.667000	-6.475000	39.947000	7.917000
50528.123620	3.811000	-9.248000	-3.239000	-0.072000	2.321000	-0.877000	-6.475000	39.947000	7.917000
50528.134150	3.651000	-9.668000	-3.184000	-0.095000	2.433000	-1.088000	-7.374000	39.947000	8.567000
50528.144030	3.392000	-10.187000	-3.101000	-0.130000	2.471000	-1.282000	-7.707000	40.254000	8.036000
50528.154840	3.056000	-10.647000	-3.076000	-0.194000	2.450000	-1.454000	-7.707000	40.254000	8.036000
50528.164600	2.712000	-10.933000	-3.175000	-0.276000	2.420000	-1.587000	-9.414000	40.254000	8.036000
50528.173270	2.585000	-10.968000	-3.214000	-0.354000	2.419000	-1.650000	-10.412000	40.254000	7.734000
50528.184620	2.647000	-11.041000	-3.315000	-0.392000	2.432000	-1.647000	-11.912000	40.560000	7.734000
50528.196190	2.840000	-11.434000	-3.268000	-0.470000	2.436000	-1.635000	-13.121000	40.560000	8.187000
50528.204890	2.989000	-12.122000	-2.963000	-0.555000	2.445000	-1.633000	-14.195000	40.560000	8.633000
50528.215780	3.272000	-12.596000	-2.477000	-0.646000	2.436000	-1.691000	-15.483000	40.560000	9.509000
50528.224140	3.650000	-12.769000	-1.872000	-0.718000	2.384000	-1.806000	-16.571000	40.560000	9.509000
50528.235370	3.685000	-12.911000	-1.519000	-0.729000	2.252000	-1.920000	-17.549000	40.560000	10.168000
50528.248040	3.434000	-12.983000	-1.754000	-0.644000	2.048000	-1.995000	-18.782000	40.560000	10.623000
50528.254630	3.147000	-12.874000	-2.100000	-0.491000	1.876000	-2.045000	-19.851000	40.171000	10.623000
50528.264460	2.830000	-12.743000	-2.336000	-0.336000	1.808000	-2.072000	-21.211000	40.171000	10.937000
50528.275440	2.512000	-12.665000	-2.462000	-0.262000	1.842000	-2.070000	-21.995000	40.171000	10.557000
50528.285450	2.319000	-12.744000	-2.533000	-0.293000	1.915000	-2.067000	-23.381000	39.825000	10.894000
50528.293750	2.054000	-12.920000	-2.470000	-0.384000	2.009000	-2.091000	-24.525000	39.825000	10.894000
50528.304650	1.721000	-13.123000	-2.388000	-0.433000	2.089000	-2.138000	-25.172000	39.466000	10.894000
50528.314810	1.405000	-13.554000	-2.170000	-0.516000	2.087000	-2.173000	-26.583000	38.961000	10.894000
50528.323450	1.136000	-14.059000	-1.827000	-0.568000	2.001000	-2.262000	-27.522000	37.789000	10.894000
50528.334680	0.894000	-14.352000	-1.419000	-0.564000	1.881000	-2.365000	-28.446000	37.091000	10.894000
50528.344660	0.619000	-14.374000	-0.974000	-0.487000	1.703000	-2.459000	-29.728000	36.779000	10.894000
50528.354970	0.546000	-14.225000	-0.763000	-0.345000	1.432000	-2.528000	-30.175000	35.774000	11.311000
50528.365130	0.399000	-13.983000	-0.842000	-0.150000	1.143000	-2.544000	-31.381000	35.397000	11.311000
50528.375300	0.051000	-13.764000	-1.196000	0.064000	0.904000	-2.496000	-32.122000	34.463000	11.311000
50528.385180	-0.351000	-13.490000	-1.538000	0.254000	0.758000	-2.416000	-33.038000	34.147000	11.311000
50528.394670	-0.819000	-13.237000	-1.754000	0.357000	0.750000	-2.316000	-33.665000	33.753000	11.311000
50528.403950	-1.222000	-12.959000	-1.940000	0.363000	0.858000	-2.195000	-34.199000	33.036000	11.311000
50528.413960	-1.587000	-12.659000	-1.941000	0.305000	0.999000	-2.055000	-35.092000	33.036000	11.311000
50528.425770	-1.904000	-12.345000	-1.981000	0.267000	1.114000	-1.917000	-35.528000	32.107000	11.311000
50528.433460	-2.176000	-12.052000	-1.978000	0.196000	1.154000	-1.856000	-36.054000	31.484000	11.311000
50528.443500	-2.395000	-11.784000	-1.833000	0.160000	1.188000	-1.744000	-36.846000	31.484000	11.311000
50528.453510	-2.477000	-11.544000	-1.708000	0.176000	1.139000	-1.649000	-37.487000	30.419000	11.311000
50528.463860	-2.436000	-11.311000	-1.627000	0.235000	1.007000	-1.572000	-38.070000	30.419000	10.360000
50528.473470	-2.489000	-10.923000	-1.497000	0.315000	0.808000	-1.497000	-38.070000	30.419000	9.387000
50528.484670	-2.604000	-10.591000	-1.475000	0.389000	0.598000	-1.418000	-38.888000	29.580000	8.764000
50528.493520	-2.778000	-10.402000	-1.516000	0.453000	0.415000	-1.348000	-38.888000	29.580000	8.764000
50528.503500	-2.992000	-10.291000	-1.465000	0.487000	0.261000	-1.283000	-38.888000	29.119000	8.360000
50528.513510	-3.263000	-10.224000	-1.423000	0.477000	0.146000	-1.213000	-39.561000	29.119000	8.036000
50528.523550	-3.453000	-10.254000	-1.385000	0.422000	0.077000	-1.137000	-39.561000	29.119000	8.036000
50528.533560	-3.651000	-10.345000	-1.341000	0.345000	0.024000	-1.027000	-40.200000	28.497000	8.036000
50528.543540	-3.710000	-10.444000	-1.270000	0.304000	-0.010000	-0.871000	-40.200000	28.497000	7.649000
50528.555110	-3.628000	-10.381000	-1.204000	0.219000	-0.003000	-0.780000	-40.200000	28.497000	7.649000
50528.564810	-3.445000	-10.092000	-1.180000	0.160000	0.026000	-0.589000	-40.531000	28.497000	7.649000
50528.573570	-3.057000	-9.707000	-1.014000	0.167000	-0.002000	-0.391000	-40.122000	28.497000	7.649000
50528.584070	-2.711000	-9.437000	-0.842000	0.233000	-0.077000	-0.197000	-40.122000	28.497000	7.649000
50528.593590	-2.538000	-9.286000	-0.917000	0.330000	-0.183000	-0.035000	-40.122000	28.497000	7.649000
50528.605860	-2.491000	-9.260000	-1.117000	0.412000	-0.323000	0.078000	-40.122000	28.497000	7.649000
50528.614800	-2.570000	-9.377000	-1.295000	0.450000	-0.432000	0.160000	-40.122000	28.497000	7.649000
50528.623620	-2.626000	-9.504000	-1.457000	0.434000	-0.452000	0.236000	-40.122000	28.497000	7.286000
50528.634820	-2.601000	-9.537000	-1.551000	0.360000	-0.413000	0.331000	-40.122000	28.497000	7.286000
50528.643640	-2.543000	-9.632000	-1.624000	0.249000	-0.348000	0.456000	-40.122000	28.196000	7.286000
50528.653650	-2.435000	-9.828000	-1.662000	0.124000	-0.282000	0.597000	-40.122000	28.196000	7.286000
50528.664850	-2.347000	-10.038000	-1.639000	0.065000	-0.222000	0.726000	-40.122000	28.196000	7.286000
50528.674150	-2.167000	-10.169000	-1.673000	-0.040000	-0.197000	0.783000	-40.122000	28.196000	7.286000
50528.684810	-1.944000	-10.352000	-1.596000	-0.127000	-0.173000	0.889000	-40.122000	28.196000	7.286000
50528.694910	-1.629000	-10.552000	-1.344000	-0.182000	-0.184000	0.986000	-40.122000	28.196000	7.286000
50528.703730	-1.376000	-10.736000	-1.071000	-0.194000	-0.242000	1.061000	-40.122000	28.196000	7.286000
50528.713710	-1.140000	-10.947000	-0.884000	-0.164000	-0.379000	1.112000	-40.122000	28.196000	7.286000
50528.724480	-1.008000	-11.255000	-1.004000	-0.115000	-0.563000	1.151000	-40.122000	28.196000	7.286000
50528.735980	-0.953000	-11.487000	-1.243000	-0.078000	-0.727000	1.200000	-39.541000	28.625000	7.286000
50528.744710	-0.873000	-11.791000	-1.403000	-0.071000	-0.831000	1.267000	-38.806000	28.944000	7.286000
50528.754630	-0.802000	-12.264000	-1.493000	-0.105000	-0.853000	1.356000	-37.828000	29.364000	7.286000
50528.766350	-0.651000	-12.595000	-1.464000	-0.186000	-0.817000	1.461000	-37.326000	30.241000	7.681000
50528.774920	-0.384000	-12.720000	-1.228000	-0.272000	-0.743000	1.572000	-36.502000	30.702000	8.003000
50528.786310	0.086000	-12.798000	-1.089000	-0.298000	-0.703000	1.693000	-35.572000	31.086000	8.367000
50528.794210	0.597000	-12.746000	-0.949000	-0.307000	-0.722000	1.756000	-34.645000	31.393000	8.767000
50528.804250	1.032000	-12.620000	-0.940000	-0.260000	-0.826000	1.878000	-33.512000	32.044000	9.136000
50528.815180	1.303000	-12.601000	-1.046000	-0.181000	-0.953000	1.973000	-33.512000	32.688000	9.498000
50528.825370	1.454000	-12.599000	-1.039000	-0.100000	-1.076000	2.023000	-32.226000	33.226000	9.860000
50528.836170	1.604000	-12.644000	-0.999000	-0.032000	-1.195000	2.034000	-30.986000	33.226000	9.860000
50528.845360	1.690000	-12.759000	-1.020000	0.013000	-1.285000	2.019000	-30.189000	33.959000	10.400000
50528.854390	1.733000	-12.965000	-1.159000	0.029000	-1.368000	1.994000	-29.231000	33.959000	10.400000
50528.864280	1.762000	-13.118000	-1.307000	0.027000	-1.448000	1.973000	-28.422000	34.930000	11.022000
50528.874750	1.806000	-13.130000	-1.359000	0.003000	-1.487000	1.966000	-27.389000	34.930000	11.360000
50528.884970	1.824000	-13.108000	-1.352000	-0.035000	-1.465000	1.965000	-26.806000	35.368000	11.360000
50528.895680	1.969000	-13.034000	-1.375000	-0.064000	-1.421000	1.965000	-25.602000	35.368000	11.360000
50528.905080	2.106000	-12.912000	-1.215000	-0.063000	-1.404000	1.959000	-24.560000	35.368000	11.360000
50528.917290	2.190000	-12.842000	-1.204000	-0.028000	-1.463000	1.936000	-23.623000	35.833000	11.360000
50528.925890	2.437000	-12.710000	-1.138000	0.002000	-1.567000	1.917000	-22.796000	35.833000	11.360000
50528.936510	2.629000	-12.506000	-1.026000	0.076000	-1.622000	1.874000	-21.586000	36.378000	11.360000
50528.946040	2.811000	-12.327000	-1.049000	0.165000	-1.739000	1.837000	-20.359000	36.378000	11.360000
50528.955340	2.923000	-12.227000	-1.149000	0.265000	-1.852000	1.801000	-19.056000	36.378000	11.753000
50528.975180	3.004000	-12.148000	-1.209000	0.451000	-2.039000	1.700000	-17.768000	37.211000	11.753000
50528.984920	3.017000	-11.978000	-1.207000	0.494000	-2.085000	1.641000	-16.598000	37.211000	11.753000
50528.995470	3.050000	-11.772000	-1.134000	0.514000	-2.087000	1.581000	-15.672000	37.211000	12.072000
50529.004050	3.290000	-11.516000	-1.120000	0.530000	-2.038000	1.536000	-14.653000	37.211000	12.072000
50529.014940	3.512000	-11.271000	-1.009000	0.558000	-1.974000	1.505000	-14.036000	37.713000	12.072000
50529.025260	3.643000	-11.071000	-1.050000	0.582000	-1.946000	1.465000	-13.064000	37.713000	12.072000
50529.036220	3.897000	-10.809000	-1.034000	0.644000	-1.939000	1.435000	-12.551000	37.713000	12.072000
50529.045740	4.181000	-10.524000	-0.962000	0.725000	-1.925000	1.355000	-11.647000	37.713000	12.072000
50529.055290	4.363000	-10.315000	-0.890000	0.826000	-1.919000	1.264000	-10.757000	38.052000	12.072000
50529.064780	4.474000	-10.172000	-0.884000	0.919000	-1.927000	1.160000	-10.150000	38.374000	11.322000
50529.076770	4.543000	-10.032000	-1.016000	0.992000	-1.914000	1.048000	-9.567000	38.374000	10.423000
50529.085070	4.630000	-9.678000	-1.209000	1.031000	-1.835000	0.964000	-9.246000	38.374000	9.768000
50529.098230	4.754000	-9.222000	-1.488000	1.017000	-1.666000	0.914000	-8.946000	38.954000	8.734000
50529.105180	4.958000	-8.795000	-1.727000	0.962000	-1.399000	0.896000	-8.172000	38.954000	8.734000
50529.116320	5.220000	-8.466000	-1.714000	0.885000	-1.106000	0.895000	-7.496000	39.337000	7.783000
50529.126790	5.499000	-8.191000	-1.557000	0.787000	-0.881000	0.858000	-7.496000	39.337000	7.783000
50529.134630	5.810000	-7.946000	-1.363000	0.682000	-0.739000	0.754000	-7.496000	39.656000	6.567000
50529.147270	6.017000	-7.854000	-1.252000	0.633000	-0.618000	0.592000	-6.939000	39.656000	6.567000
50529.155480	6.056000	-7.810000	-1.135000	0.547000	-0.555000	0.496000	-6.939000	40.007000	6.567000
50529.165430	5.935000	-7.785000	-1.132000	0.487000	-0.425000	0.301000	-6.939000	40.007000	6.567000
50529.174980	5.602000	-7.860000	-1.205000	0.447000	-0.298000	0.104000	-6.939000	40.007000	6.056000
50529.185750	5.218000	-7.931000	-1.413000	0.418000	-0.166000	-0.094000	-6.939000	40.461000	6.056000
50529.195180	4.929000	-8.030000	-1.711000	0.358000	0.005000	-0.281000	-6.939000	40.461000	6.056000
50529.205920	4.643000	-8.089000	-1.725000	0.240000	0.224000	-0.439000	-7.533000	40.461000	6.056000
50529.215660	4.430000	-8.346000	-1.723000	0.069000	0.505000	-0.560000	-7.533000	40.873000	6.056000
50529.226130	4.385000	-8.766000	-1.530000	-0.141000	0.841000	-0.660000	-7.533000	40.873000	6.623000
50529.235680	4.390000	-9.184000	-1.181000	-0.355000	1.158000	-0.750000	-7.943000	40.873000	6.623000
50529.245500	4.418000	-9.649000	-0.850000	-0.542000	1.370000	-0.842000	-7.943000	40.873000	6.623000
50529.254260	4.385000	-9.973000	-0.635000	-0.659000	1.517000	-0.936000	-7.641000	41.204000	6.623000
50529.265280	4.229000	-10.229000	-0.859000	-0.680000	1.676000	-1.017000	-7.641000	41.204000	6.623000
50529.277730	3.994000	-10.519000	-1.151000	-0.653000	1.757000	-1.059000	-8.448000	41.204000	6.623000
50529.284750	3.664000	-10.627000	-1.546000	-0.572000	1.896000	-1.156000	-9.768000	41.204000	6.623000
50529.295740	3.335000	-10.691000	-1.884000	-0.484000	2.020000	-1.264000	-11.250000	41.204000	6.623000
50529.306170	3.045000	-10.839000	-2.215000	-0.408000	2.124000	-1.371000	-12.290000	41.204000	6.623000
50529.316670	2.808000	-11.088000	-2.284000	-0.362000	2.157000	-1.466000	-13.392000	41.204000	7.518000
50529.328020	2.708000	-11.357000	-2.286000	-0.365000	2.127000	-1.557000	-14.556000	41.204000	7.997000
50529.334920	2.837000	-11.540000	-1.926000	-0.411000	2.093000	-1.642000	-15.502000	41.204000	8.702000
50529.345330	3.015000	-11.656000	-1.668000	-0.466000	2.016000	-1.700000	-16.812000	41.204000	8.702000
50529.354850	3.120000	-11.775000	-1.598000	-0.490000	1.872000	-1.751000	-17.507000	41.204000	8.702000
50529.365560	3.149000	-11.829000	-1.525000	-0.481000	1.745000	-1.796000	-19.027000	40.895000	8.702000
50529.375630	3.070000	-11.930000	-1.590000	-0.491000	1.676000	-1.836000	-19.987000	40.895000	9.390000
50529.384760	3.006000	-12.097000	-1.681000	-0.508000	1.652000	-1.887000	-20.671000	40.895000	9.390000
50529.395650	2.871000	-12.233000	-1.697000	-0.544000	1.651000	-1.915000	-22.180000	40.539000	9.693000
50529.405290	2.639000	-12.441000	-1.717000	-0.576000	1.658000	-1.982000	-22.935000	40.539000	9.693000
50529.415640	2.330000	-12.706000	-1.763000	-0.588000	1.658000	-2.074000	-24.368000	40.144000	9.693000
50529.425830	2.054000	-12.997000	-1.705000	-0.561000	1.616000	-2.187000	-25.292000	40.144000	9.693000
50529.435900	1.757000	-13.273000	-1.531000	-0.510000	1.538000	-2.306000	-26.228000	39.213000	9.693000
50529.445670	1.435000	-13.490000	-1.330000	-0.454000	1.438000	-2.397000	-27.236000	38.728000	9.693000
50529.456900	1.190000	-13.606000	-1.220000	-0.405000	1.326000	-2.446000	-27.905000	37.666000	9.693000
50529.465630	0.945000	-13.562000	-1.146000	-0.373000	1.245000	-2.436000	-29.299000	37.138000	10.125000
50529.475730	0.786000	-13.437000	-1.119000	-0.359000	1.193000	-2.371000	-30.014000	36.628000	10.125000
50529.485890	0.590000	-13.285000	-1.219000	-0.345000	1.186000	-2.286000	-30.856000	35.861000	10.426000
50529.497120	0.378000	-13.071000	-1.364000	-0.332000	1.239000	-2.195000	-31.666000	35.861000	10.426000
50529.507990	0.125000	-12.909000	-1.521000	-0.323000	1.305000	-2.122000	-32.130000	34.671000	10.426000
50529.516440	-0.187000	-12.825000	-1.596000	-0.294000	1.331000	-2.099000	-33.122000	34.307000	10.426000
50529.525780	-0.624000	-12.716000	-1.636000	-0.246000	1.362000	-2.068000	-33.740000	33.665000	10.426000
50529.535510	-1.026000	-12.525000	-1.683000	-0.188000	1.337000	-2.042000	-34.371000	32.849000	10.426000
50529.545800	-1.362000	-12.358000	-1.745000	-0.122000	1.241000	-2.016000	-35.363000	32.849000	10.733000
50529.555110	-1.553000	-12.236000	-1.794000	-0.051000	1.113000	-1.971000	-35.363000	31.634000	10.733000
50529.566340	-1.761000	-12.116000	-1.504000	0.006000	0.986000	-1.898000	-36.402000	31.634000	10.733000
50529.575890	-2.143000	-12.259000	-1.471000	0.025000	0.847000	-1.814000	-37.112000	30.996000	10.733000
50529.585260	-2.175000	-12.039000	-1.135000	0.010000	0.730000	-1.726000	-37.553000	30.238000	10.733000
50529.597190	-2.187000	-11.678000	-0.918000	0.004000	0.661000	-1.599000	-37.553000	29.801000	10.733000
50529.606470	-2.207000	-11.318000	-0.901000	0.037000	0.573000	-1.420000	-37.875000	29.452000	10.383000
50529.616510	-2.217000	-10.991000	-1.010000	0.101000	0.456000	-1.247000	-38.552000	29.452000	10.383000
50529.627190	-2.227000	-10.700000	-1.180000	0.137000	0.391000	-1.100000	-38.867000	28.712000	10.066000
50529.636280	-2.245000	-10.398000	-1.271000	0.205000	0.375000	-1.032000	-38.867000	28.712000	10.066000
50529.645560	-2.304000	-10.121000	-1.381000	0.251000	0.343000	-0.907000	-38.867000	28.712000	9.741000
50529.656060	-2.365000	-9.891000	-1.463000	0.272000	0.305000	-0.798000	-39.320000	28.247000	9.741000
50529.666130	-2.473000	-9.727000	-1.571000	0.278000	0.250000	-0.707000	-39.320000	28.247000	9.188000
50529.675620	-2.582000	-9.688000	-1.675000	0.268000	0.178000	-0.625000	-39.320000	28.247000	9.188000
50529.686970	-2.556000	-9.660000	-1.574000	0.243000	0.107000	-0.546000	-39.320000	28.247000	9.188000
50529.697350	-2.455000	-9.709000	-1.252000	0.208000	0.031000	-0.473000	-39.320000	28.247000	8.868000
50529.705130	-2.416000	-9.828000	-1.065000	0.172000	-0.046000	-0.394000	-39.320000	28.247000	8.868000
50529.715990	-2.346000	-9.824000	-0.982000	0.158000	-0.162000	-0.301000	-39.320000	28.247000	8.868000
50529.725970	-2.298000	-9.828000	-1.071000	0.176000	-0.307000	-0.199000	-39.320000	28.247000	8.489000
50529.734730	-2.134000	-9.771000	-1.107000	0.182000	-0.395000	-0.066000	-39.320000	28.247000	8.489000
50529.745990	-1.915000	-9.684000	-1.064000	0.169000	-0.411000	0.098000	-39.320000	28.247000	8.489000
50529.755700	-1.769000	-9.719000	-1.025000	0.106000	-0.401000	0.182000	-39.320000	28.247000	8.128000
50529.766650	-1.700000	-9.837000	-1.074000	0.021000	-0.355000	0.340000	-39.320000	28.247000	8.128000
50529.776020	-1.662000	-10.117000	-1.025000	-0.058000	-0.304000	0.467000	-39.320000	27.893000	8.128000
50529.785420	-1.607000	-10.405000	-0.907000	-0.116000	-0.266000	0.550000	-39.320000	27.893000	8.128000
50529.795770	-1.553000	-10.633000	-0.906000	-0.151000	-0.249000	0.610000	-39.688000	27.893000	8.128000
50529.805810	-1.389000	-10.809000	-0.891000	-0.161000	-0.255000	0.682000	-39.688000	27.893000	8.128000
50529.818110	-1.230000	-10.836000	-0.889000	-0.141000	-0.272000	0.780000	-39.688000	27.893000	8.128000
50529.826250	-1.037000	-10.865000	-0.996000	-0.102000	-0.310000	0.894000	-39.688000	27.893000	8.128000
50529.835320	-0.874000	-10.961000	-1.120000	-0.056000	-0.356000	1.020000	-39.688000	27.893000	8.128000
50529.846120	-0.689000	-11.034000	-1.218000	-0.027000	-0.391000	1.134000	-39.688000	27.893000	8.128000
50529.855610	-0.508000	-11.189000	-1.223000	-0.037000	-0.417000	1.228000	-39.312000	27.893000	8.128000
50529.867910	-0.417000	-11.425000	-1.218000	-0.053000	-0.437000	1.313000	-39.312000	28.265000	8.529000
50529.875300	-0.366000	-11.657000	-1.326000	-0.094000	-0.446000	1.352000	-38.453000	28.265000	8.529000
50529.884970	-0.293000	-11.971000	-1.383000	-0.142000	-0.468000	1.420000	-37.760000	28.843000	8.876000
50529.895960	-0.267000	-12.306000	-1.419000	-0.195000	-0.489000	1.471000	-37.145000	29.615000	8.876000
50529.906120	-0.223000	-12.523000	-1.395000	-0.244000	-0.499000	1.531000	-36.349000	29.615000	9.190000
50529.916560	0.024000	-12.647000	-1.251000	-0.268000	-0.519000	1.599000	-35.459000	30.706000	9.536000
50529.926170	0.429000	-12.647000	-1.046000	-0.259000	-0.576000	1.674000	-34.603000	31.163000	9.951000
50529.934930	0.817000	-12.646000	-1.040000	-0.224000	-0.685000	1.766000	-33.839000	31.611000	9.951000
50529.947560	1.091000	-12.659000	-1.149000	-0.147000	-0.829000	1.853000	-33.190000	32.139000	10.681000
50529.956140	1.297000	-12.609000	-1.262000	-0.040000	-0.985000	1.904000	-32.504000	32.519000	10.681000
50529.966600	1.490000	-12.590000	-1.334000	0.056000	-1.123000	1.913000	-31.904000	33.381000	10.681000
50529.975450	1.732000	-12.562000	-1.376000	0.121000	-1.241000	1.902000	-30.880000	33.381000	10.681000
50529.985010	1.932000	-12.592000	-1.391000	0.144000	-1.358000	1.894000	-29.551000	33.743000	11.288000
50529.998310	2.014000	-12.616000	-1.447000	0.188000	-1.415000	1.891000	-28.944000	34.225000	11.288000
50530.012140	2.134000	-12.565000	-1.447000	0.232000	-1.533000	1.882000	-27.905000	34.225000	11.288000
50530.016780	2.314000	-12.484000	-1.279000	0.245000	-1.637000	1.871000	-27.294000	35.247000	11.288000
50530.027180	2.608000	-12.544000	-1.013000	0.219000	-1.696000	1.858000	-26.168000	35.247000	11.622000
50530.035060	2.937000	-12.592000	-0.669000	0.178000	-1.715000	1.848000	-25.317000	35.247000	11.622000
50530.048390	3.096000	-12.528000	-0.510000	0.143000	-1.719000	1.839000	-24.285000	35.728000	12.004000
50530.056020	3.174000	-12.358000	-0.560000	0.167000	-1.755000	1.821000	-23.173000	35.728000	12.004000
50530.066310	3.250000	-12.085000	-0.680000	0.267000	-1.806000	1.781000	-21.917000	36.569000	12.004000
50530.075670	3.247000	-11.840000	-0.739000	0.424000	-1.841000	1.724000	-21.090000	36.569000	12.345000
50530.086630	3.233000	-11.726000	-0.947000	0.593000	-1.880000	1.661000	-19.987000	36.569000	12.345000
50530.097220	3.212000	-11.554000	-1.024000	0.711000	-1.941000	1.588000	-19.039000	37.028000	12.345000
50530.106410	3.229000	-11.444000	-1.016000	0.745000	-1.982000	1.514000	-18.113000	37.413000	12.345000
50530.116020	3.380000	-11.311000	-0.986000	0.754000	-1.973000	1.480000	-17.192000	37.413000	12.345000
50530.126520	3.634000	-11.053000	-0.907000	0.710000	-1.863000	1.433000	-16.276000	37.721000	12.345000
50530.136070	3.840000	-10.783000	-0.831000	0.659000	-1.711000	1.429000	-15.773000	37.721000	12.345000
50530.147540	3.995000	-10.623000	-0.851000	0.628000	-1.628000	1.431000	-15.148000	37.721000	12.345000
50530.156390	4.125000	-10.445000	-0.843000	0.637000	-1.591000	1.405000	-14.721000	37.721000	12.345000
50530.166100	4.215000	-10.182000	-0.857000	0.689000	-1.555000	1.345000	-13.835000	38.174000	12.345000
50530.178120	4.430000	-9.844000	-0.878000	0.756000	-1.528000	1.257000	-13.320000	38.174000	12.345000
50530.185780	4.572000	-9.580000	-0.867000	0.825000	-1.521000	1.160000	-12.930000	38.562000	11.822000
50530.196130	4.705000	-9.335000	-0.998000	0.889000	-1.500000	1.056000	-12.257000	38.562000	10.746000
50530.206720	4.735000	-9.057000	-1.167000	0.906000	-1.408000	0.957000	-11.573000	38.562000	9.942000
50530.215750	4.727000	-8.846000	-1.428000	0.886000	-1.261000	0.876000	-11.183000	39.001000	9.402000
50530.229060	4.621000	-8.657000	-1.747000	0.867000	-1.109000	0.801000	-10.798000	39.001000	8.917000
50530.236690	4.502000	-8.390000	-1.981000	0.807000	-1.027000	0.762000	-10.435000	39.001000	8.343000
50530.246510	4.556000	-8.151000	-2.012000	0.721000	-0.848000	0.683000	-10.435000	39.379000	8.023000
50530.257530	4.677000	-7.988000	-1.928000	0.623000	-0.664000	0.596000	-10.083000	39.379000	7.545000
50530.265920	4.917000	-7.934000	-1.683000	0.519000	-0.477000	0.496000	-10.083000	39.379000	7.545000
50530.276450	5.069000	-7.982000	-1.484000	0.425000	-0.342000	0.376000	-10.083000	39.814000	7.192000
50530.286220	5.232000	-8.055000	-1.277000	0.352000	-0.308000	0.228000	-10.083000	39.814000	6.616000
50530.297380	5.297000	-8.135000	-1.054000	0.304000	-0.310000	0.051000	-10.083000	40.136000	6.616000
50530.307150	5.247000	-8.262000	-1.080000	0.281000	-0.297000	-0.131000	-10.444000	40.136000	6.616000
50530.315700	4.978000	-8.410000	-1.238000	0.254000	-0.250000	-0.301000	-10.444000	40.136000	6.616000
50530.327840	4.659000	-8.576000	-1.541000	0.209000	-0.155000	-0.444000	-10.444000	40.510000	6.616000
50530.336750	4.405000	-8.792000	-1.747000	0.125000	0.031000	-0.561000	-10.444000	40.510000	6.616000
50530.346550	4.203000	-8.952000	-1.903000	0.067000	0.334000	-0.626000	-10.444000	40.510000	6.616000
50530.358300	4.222000	-9.027000	-1.927000	-0.088000	0.504000	-0.637000	-10.444000	40.830000	7.043000
50530.365840	4.355000	-9.041000	-1.844000	-0.276000	0.837000	-0.632000	-10.444000	40.830000	7.043000
50530.377950	4.568000	-9.126000	-1.674000	-0.448000	1.141000	-0.617000	-10.444000	40.830000	6.672000
50530.386800	4.794000	-9.315000	-1.499000	-0.574000	1.360000	-0.634000	-10.444000	40.830000	6.672000
50530.397300	4.957000	-9.494000	-1.321000	-0.627000	1.486000	-0.711000	-10.444000	40.830000	6.672000
50530.409230	5.139000	-9.718000	-1.195000	-0.630000	1.527000	-0.845000	-10.444000	40.830000	6.672000
50530.416100	5.197000	-10.149000	-1.221000	-0.607000	1.514000	-1.012000	-11.750000	40.830000	6.672000
50530.428370	4.955000	-10.627000	-1.472000	-0.564000	1.491000	-1.188000	-12.809000	40.830000	7.139000
50530.437190	4.500000	-11.015000	-1.832000	-0.527000	1.479000	-1.352000	-13.842000	40.830000	7.986000
50530.447620	4.120000	-11.307000	-2.154000	-0.533000	1.505000	-1.483000	-14.976000	40.830000	7.986000
50530.457360	3.773000	-11.471000	-2.332000	-0.584000	1.627000	-1.563000	-16.320000	40.830000	8.894000
50530.465960	3.582000	-11.439000	-2.413000	-0.649000	1.840000	-1.582000	-17.504000	40.830000	8.894000
50530.478870	3.638000	-11.287000	-2.379000	-0.710000	2.041000	-1.551000	-18.360000	40.830000	9.416000
50530.487570	3.792000	-11.197000	-2.250000	-0.736000	2.154000	-1.530000	-19.363000	40.504000	10.093000
50530.498370	3.891000	-11.261000	-2.127000	-0.760000	2.176000	-1.509000	-20.343000	40.504000	10.093000
50530.509050	3.924000	-11.362000	-1.987000	-0.756000	2.156000	-1.551000	-21.432000	40.504000	10.093000
50530.517320	4.034000	-11.560000	-1.840000	-0.740000	2.068000	-1.660000	-22.677000	40.061000	10.408000
50530.537070	4.117000	-11.988000	-1.703000	-0.694000	1.752000	-2.012000	-24.510000	39.251000	10.841000
50530.545580	3.819000	-12.705000	-1.710000	-0.660000	1.589000	-2.200000	-25.939000	38.636000	10.841000
50530.555560	3.140000	-13.385000	-1.809000	-0.635000	1.460000	-2.370000	-27.070000	38.021000	10.841000
50530.565540	2.559000	-13.780000	-1.861000	-0.612000	1.373000	-2.493000	-28.121000	37.139000	10.841000
50530.575740	2.064000	-13.798000	-1.712000	-0.581000	1.335000	-2.517000	-29.231000	36.836000	10.841000
50530.588710	1.838000	-13.671000	-1.621000	-0.564000	1.343000	-2.432000	-29.801000	36.169000	10.841000
50530.597190	1.755000	-13.462000	-1.582000	-0.528000	1.347000	-2.366000	-30.827000	35.523000	10.841000
50530.607810	1.683000	-13.243000	-1.528000	-0.485000	1.321000	-2.232000	-31.677000	34.573000	10.841000
50530.616290	1.745000	-13.121000	-1.402000	-0.432000	1.265000	-2.126000	-32.603000	33.865000	11.294000
50530.628100	1.839000	-12.955000	-1.290000	-0.378000	1.204000	-2.068000	-33.317000	33.865000	11.294000
50530.637320	1.838000	-12.778000	-1.149000	-0.326000	1.129000	-2.036000	-33.845000	33.192000	11.294000
50530.646380	1.750000	-12.670000	-1.099000	-0.269000	1.026000	-2.033000	-34.573000	32.551000	11.294000
50530.656970	1.469000	-12.602000	-1.188000	-0.191000	0.933000	-2.059000	-35.397000	31.730000	11.625000
50530.665520	1.073000	-12.816000	-1.298000	-0.109000	0.864000	-2.097000	-36.088000	31.730000	11.625000
50530.676930	0.366000	-13.184000	-1.366000	-0.052000	0.833000	-2.126000	-37.037000	30.451000	11.625000
50530.685570	-0.264000	-13.227000	-1.425000	-0.018000	0.844000	-2.115000	-37.730000	30.451000	11.625000
50530.697740	-0.684000	-12.951000	-1.477000	0.004000	0.869000	-2.026000	-38.662000	29.641000	11.625000
50530.705800	-1.002000	-12.441000	-1.407000	0.013000	0.905000	-1.856000	-39.274000	29.103000	11.625000
50530.717490	-1.088000	-11.957000	-1.366000	0.028000	0.932000	-1.755000	-39.274000	29.103000	11.625000
50530.728230	-1.141000	-11.520000	-1.340000	0.032000	0.974000	-1.549000	-39.613000	28.536000	11.204000
50530.737780	-1.151000	-11.150000	-1.405000	0.045000	0.974000	-1.366000	-40.036000	27.784000	10.589000
50530.747340	-1.164000	-10.790000	-1.326000	0.074000	0.943000	-1.232000	-40.036000	27.784000	10.179000
50530.757070	-1.235000	-10.517000	-1.214000	0.102000	0.887000	-1.150000	-40.551000	27.067000	9.689000
50530.768940	-1.343000	-10.276000	-1.223000	0.138000	0.791000	-1.107000	-40.551000	27.067000	9.689000
50530.778250	-1.463000	-10.148000	-1.281000	0.188000	0.662000	-1.093000	-41.307000	27.067000	8.816000
50530.787830	-1.999000	-10.414000	-1.410000	0.232000	0.535000	-1.086000	-41.307000	26.531000	8.816000
50530.796620	-2.618000	-10.796000	-1.671000	0.268000	0.426000	-1.067000	-41.307000	26.531000	8.816000
50530.807120	-2.884000	-10.825000	-1.605000	0.275000	0.314000	-1.018000	-41.781000	25.917000	8.335000
50530.817160	-2.958000	-10.537000	-1.363000	0.245000	0.208000	-0.881000	-41.781000	25.552000	8.335000
50530.828390	-2.755000	-10.209000	-1.061000	0.218000	0.124000	-0.648000	-41.781000	25.552000	8.335000
50530.837030	-2.267000	-9.976000	-0.830000	0.158000	0.091000	-0.515000	-41.781000	25.552000	8.335000
50530.847040	-1.870000	-9.799000	-0.696000	0.110000	0.023000	-0.252000	-41.781000	25.552000	8.335000
50530.857050	-1.638000	-9.631000	-0.675000	0.093000	-0.039000	-0.038000	-41.781000	25.866000	8.335000
50530.866320	-1.520000	-9.587000	-0.764000	0.108000	-0.067000	0.094000	-41.233000	25.866000	8.335000
50530.877070	-1.516000	-9.622000	-0.924000	0.155000	-0.092000	0.159000	-41.233000	25.866000	8.006000
50530.887050	-1.540000	-9.627000	-1.024000	0.214000	-0.148000	0.195000	-41.233000	25.866000	8.006000
50530.898400	-1.622000	-9.753000	-1.209000	0.252000	-0.217000	0.232000	-41.543000	25.866000	8.006000
50530.907680	-1.814000	-10.053000	-1.347000	0.267000	-0.271000	0.291000	-41.543000	25.866000	7.675000
50530.917100	-1.935000	-10.296000	-1.420000	0.246000	-0.310000	0.382000	-41.543000	25.866000	7.675000
50530.928640	-1.886000	-10.453000	-1.462000	0.185000	-0.334000	0.522000	-41.543000	25.866000	7.675000
50530.936850	-1.584000	-10.484000	-1.403000	0.097000	-0.333000	0.715000	-41.543000	25.866000	7.675000
50530.948170	-1.103000	-10.499000	-1.175000	0.051000	-0.298000	0.929000	-41.848000	25.866000	7.675000
50530.958520	-0.726000	-10.490000	-1.012000	-0.041000	-0.268000	1.027000	-41.848000	25.866000	7.675000
50530.967830	-0.450000	-10.524000	-1.040000	-0.124000	-0.202000	1.188000	-41.848000	25.866000	7.675000
50530.977380	-0.290000	-10.655000	-1.217000	-0.155000	-0.179000	1.292000	-41.848000	25.866000	7.675000
50530.987390	-0.262000	-10.830000	-1.371000	-0.127000	-0.207000	1.337000	-41.848000	25.866000	7.675000
50530.996940	-0.262000	-11.025000	-1.435000	-0.078000	-0.250000	1.342000	-41.456000	25.866000	7.675000
50531.007380	-0.209000	-11.291000	-1.510000	-0.046000	-0.316000	1.331000	-41.456000	26.387000	7.675000
50531.017390	-0.191000	-11.715000	-1.639000	-0.041000	-0.414000	1.338000	-40.661000	27.056000	7.675000
50531.027090	-0.324000	-12.282000	-1.733000	-0.046000	-0.524000	1.372000	-39.913000	28.051000	7.675000
50531.038500	-0.414000	-12.718000	-1.702000	-0.054000	-0.621000	1.430000	-39.010000	28.417000	8.023000
50531.048030	-0.239000	-12.983000	-1.604000	-0.079000	-0.704000	1.529000	-38.328000	29.161000	8.023000
50531.058520	0.102000	-13.048000	-1.510000	-0.103000	-0.765000	1.685000	-37.561000	29.656000	8.383000
50531.067190	0.472000	-12.966000	-1.340000	-0.110000	-0.818000	1.859000	-36.659000	30.567000	8.854000
50531.079150	0.904000	-12.850000	-1.225000	-0.114000	-0.845000	1.936000	-35.820000	30.897000	9.219000
50531.086630	1.335000	-12.780000	-1.340000	-0.096000	-0.896000	2.068000	-35.046000	32.057000	9.565000
50531.095970	1.571000	-12.676000	-1.486000	-0.038000	-0.976000	2.155000	-34.088000	32.057000	10.046000
50531.107200	1.793000	-12.575000	-1.625000	0.050000	-1.082000	2.184000	-33.106000	32.057000	10.046000
50531.117390	1.969000	-12.560000	-1.672000	0.128000	-1.180000	2.156000	-32.377000	32.774000	10.716000
50531.129970	2.075000	-12.650000	-1.632000	0.188000	-1.286000	2.103000	-31.564000	33.633000	10.716000
50531.137840	2.135000	-12.796000	-1.696000	0.234000	-1.410000	2.053000	-30.781000	34.072000	11.222000
50531.146660	2.242000	-12.915000	-1.823000	0.265000	-1.540000	2.012000	-29.565000	34.381000	11.222000
50531.157950	2.259000	-12.970000	-1.856000	0.270000	-1.641000	1.985000	-28.619000	34.381000	11.222000
50531.167040	2.257000	-13.017000	-1.877000	0.252000	-1.678000	1.974000	-27.375000	35.063000	11.222000
50531.177970	2.370000	-13.071000	-1.853000	0.234000	-1.674000	1.982000	-26.600000	35.478000	11.222000
50531.187520	2.501000	-13.030000	-1.689000	0.234000	-1.697000	2.012000	-25.482000	35.478000	11.222000
50531.197070	2.795000	-12.865000	-1.599000	0.260000	-1.726000	2.027000	-24.252000	35.922000	11.222000
50531.208760	3.138000	-12.595000	-1.504000	0.314000	-1.800000	2.042000	-23.107000	36.303000	11.582000
50531.217340	3.392000	-12.339000	-1.439000	0.403000	-1.880000	2.045000	-21.769000	36.695000	11.582000
50531.228810	3.537000	-12.134000	-1.531000	0.512000	-1.977000	2.040000	-20.370000	36.695000	11.582000
50531.237570	3.616000	-11.899000	-1.559000	0.623000	-2.068000	2.000000	-19.497000	37.301000	11.965000
50531.247460	3.739000	-11.671000	-1.613000	0.728000	-2.142000	1.926000	-18.641000	37.921000	11.965000
50531.260240	3.925000	-11.456000	-1.566000	0.810000	-2.208000	1.840000	-17.654000	37.921000	11.965000
50531.267690	4.120000	-11.280000	-1.479000	0.869000	-2.248000	1.755000	-16.253000	37.921000	11.965000
50531.277360	4.374000	-11.027000	-1.389000	0.896000	-2.258000	1.672000	-15.531000	37.921000	11.965000
50531.287680	4.585000	-10.684000	-1.329000	0.904000	-2.251000	1.593000	-14.517000	38.439000	11.965000
50531.297990	4.815000	-10.329000	-1.307000	0.917000	-2.228000	1.523000	-13.795000	38.780000	11.965000
50531.310750	5.085000	-10.038000	-1.194000	0.930000	-2.182000	1.461000	-12.910000	38.780000	11.965000
50531.317310	5.193000	-9.689000	-1.242000	0.962000	-2.109000	1.425000	-12.010000	39.089000	10.977000
50531.328050	5.211000	-9.446000	-1.416000	0.986000	-2.054000	1.337000	-11.219000	39.450000	9.191000
50531.337270	5.168000	-9.222000	-1.599000	0.987000	-1.910000	1.230000	-10.812000	39.450000	8.610000
50531.346430	5.212000	-8.851000	-1.638000	0.958000	-1.735000	1.122000	-10.104000	39.863000	8.068000
50531.359210	5.505000	-8.593000	-1.536000	0.895000	-1.533000	1.046000	-9.622000	39.863000	7.707000
50531.367640	5.790000	-8.442000	-1.359000	0.798000	-1.343000	0.998000	-9.622000	39.863000	7.283000
50531.378260	6.039000	-8.335000	-1.102000	0.682000	-1.186000	0.922000	-8.843000	39.863000	7.283000
50531.387590	6.244000	-8.245000	-0.848000	0.572000	-1.055000	0.784000	-8.843000	39.863000	5.960000
50531.396630	6.374000	-8.103000	-0.717000	0.491000	-0.951000	0.602000	-8.843000	39.863000	5.291000
50531.407610	6.391000	-8.043000	-0.728000	0.455000	-0.854000	0.418000	-8.224000	39.863000	5.291000
50531.417620	6.276000	-8.068000	-0.989000	0.443000	-0.736000	0.246000	-8.224000	39.863000	5.760000
50531.427570	6.038000	-8.013000	-1.216000	0.439000	-0.585000	0.093000	-8.224000	40.309000	5.760000
50531.439990	5.886000	-7.884000	-1.511000	0.407000	-0.373000	0.027000	-8.224000	40.309000	5.059000
50531.446830	5.896000	-7.802000	-1.557000	0.326000	-0.233000	-0.083000	-8.224000	40.309000	5.372000
50531.457600	6.057000	-7.869000	-1.338000	0.200000	0.103000	-0.169000	-8.761000	40.692000	5.372000
50531.466910	6.260000	-8.150000	-0.946000	0.023000	0.448000	-0.251000	-8.761000	40.692000	5.372000
50531.477680	6.425000	-8.456000	-0.622000	-0.186000	0.731000	-0.362000	-8.761000	40.692000	5.372000
50531.489950	6.416000	-8.695000	-0.608000	-0.360000	0.956000	-0.521000	-9.274000	40.692000	5.711000
50531.497460	6.141000	-8.958000	-1.028000	-0.456000	1.148000	-0.691000	-9.274000	41.004000	5.711000
50531.507710	5.768000	-9.183000	-1.553000	-0.460000	1.330000	-0.850000	-9.274000	41.004000	5.711000
50531.517420	5.491000	-9.347000	-2.012000	-0.435000	1.537000	-0.993000	-8.940000	41.004000	5.711000
50531.527520	5.067000	-9.688000	-2.514000	-0.457000	1.786000	-1.108000	-8.940000	41.004000	5.711000
50531.537710	4.602000	-10.110000	-2.826000	-0.536000	2.038000	-1.195000	-10.073000	41.004000	5.711000
50531.546470	4.381000	-10.389000	-2.875000	-0.584000	2.245000	-1.284000	-11.643000	41.004000	6.399000
50531.557940	4.480000	-10.567000	-2.694000	-0.674000	2.377000	-1.331000	-12.931000	41.004000	7.125000
50531.566980	4.529000	-10.743000	-2.485000	-0.749000	2.403000	-1.418000	-14.158000	41.004000	7.914000
50531.578150	4.605000	-10.939000	-2.320000	-0.794000	2.365000	-1.516000	-15.711000	41.004000	8.924000
50531.587790	4.781000	-11.252000	-2.048000	-0.807000	2.265000	-1.655000	-16.577000	41.004000	9.275000
50531.597520	4.600000	-11.629000	-1.958000	-0.789000	2.153000	-1.814000	-17.776000	40.704000	9.869000
50531.609240	4.247000	-12.076000	-2.057000	-0.744000	1.990000	-1.974000	-18.968000	40.704000	9.869000
50531.618890	4.067000	-12.356000	-2.112000	-0.686000	1.798000	-2.137000	-20.251000	40.704000	9.869000
50531.627710	4.001000	-12.568000	-2.175000	-0.649000	1.678000	-2.247000	-21.211000	40.364000	10.197000
50531.637500	3.946000	-12.720000	-2.093000	-0.646000	1.663000	-2.272000	-22.378000	40.364000	10.720000
50531.647150	3.910000	-12.783000	-1.967000	-0.689000	1.688000	-2.254000	-23.916000	40.010000	10.720000
50531.658960	3.865000	-12.929000	-1.922000	-0.767000	1.721000	-2.238000	-25.079000	39.669000	10.720000
50531.670280	3.718000	-13.044000	-1.948000	-0.798000	1.748000	-2.244000	-26.405000	38.853000	11.051000
50531.677910	3.548000	-13.154000	-1.915000	-0.818000	1.747000	-2.262000	-27.070000	37.944000	11.051000
50531.687920	3.323000	-13.399000	-1.885000	-0.783000	1.737000	-2.325000	-28.198000	37.052000	11.460000
50531.697590	3.080000	-13.581000	-1.890000	-0.721000	1.710000	-2.410000	-29.434000	36.401000	11.029000
50531.709340	2.848000	-13.632000	-1.927000	-0.651000	1.666000	-2.506000	-30.451000	35.855000	11.029000
50531.717180	2.436000	-13.803000	-2.033000	-0.571000	1.587000	-2.600000	-31.504000	34.716000	11.029000
50531.726680	1.937000	-14.052000	-2.120000	-0.494000	1.507000	-2.666000	-32.325000	34.300000	11.029000
50531.737080	1.546000	-14.104000	-2.049000	-0.436000	1.478000	-2.705000	-33.261000	33.325000	11.029000
50531.746690	1.301000	-13.970000	-1.887000	-0.397000	1.456000	-2.696000	-34.379000	33.325000	11.029000
50531.756740	1.007000	-13.868000	-1.788000	-0.366000	1.392000	-2.625000	-35.115000	32.104000	11.357000
50531.767480	0.720000	-13.779000	-1.729000	-0.326000	1.301000	-2.524000	-35.960000	30.879000	11.357000
50531.777490	0.597000	-13.507000	-1.532000	-0.259000	1.194000	-2.426000	-36.659000	30.879000	11.357000
50531.787860	0.429000	-13.193000	-1.412000	-0.222000	1.081000	-2.330000	-37.110000	30.003000	11.357000
50531.799760	0.242000	-12.931000	-1.479000	-0.148000	0.979000	-2.278000	-38.209000	29.701000	11.357000
50531.809320	0.084000	-12.671000	-1.656000	-0.068000	0.932000	-2.170000	-39.447000	28.524000	11.357000
50531.819330	-0.221000	-12.375000	-1.660000	0.013000	0.857000	-2.071000	-39.447000	28.080000	11.357000
50531.827900	-0.470000	-12.073000	-1.538000	0.062000	0.833000	-1.972000	-40.106000	27.563000	11.357000
50531.839130	-0.710000	-11.850000	-1.445000	0.051000	0.846000	-1.874000	-40.702000	27.563000	11.357000
50531.850450	-1.018000	-11.729000	-1.413000	0.006000	0.878000	-1.762000	-40.702000	26.907000	10.498000
50531.859340	-1.320000	-11.609000	-1.340000	-0.035000	0.886000	-1.632000	-41.073000	25.778000	9.883000
50531.869380	-1.536000	-11.402000	-1.173000	-0.049000	0.882000	-1.506000	-41.769000	25.340000	9.443000
50531.878500	-1.563000	-11.070000	-0.998000	-0.035000	0.868000	-1.378000	-41.769000	25.340000	9.443000
50531.887990	-1.456000	-10.715000	-0.844000	0.016000	0.815000	-1.234000	-42.155000	25.340000	8.651000
50531.896840	-1.383000	-10.338000	-0.852000	0.104000	0.712000	-1.080000	-42.155000	25.340000	8.651000
50531.908870	-1.420000	-10.010000	-0.949000	0.154000	0.576000	-0.942000	-42.155000	24.243000	8.651000
50531.918080	-1.595000	-9.837000	-1.116000	0.249000	0.450000	-0.884000	-42.155000	24.243000	8.651000
50531.929130	-1.838000	-9.729000	-1.364000	0.329000	0.402000	-0.785000	-42.686000	23.942000	7.902000
50531.939500	-1.974000	-9.662000	-1.460000	0.372000	0.337000	-0.710000	-42.686000	23.942000	7.902000
50531.948110	-1.996000	-9.694000	-1.422000	0.353000	0.299000	-0.638000	-42.686000	23.942000	7.902000
50531.959400	-2.054000	-9.840000	-1.303000	0.290000	0.287000	-0.538000	-42.686000	23.635000	7.545000
50531.968280	-2.100000	-9.969000	-1.182000	0.198000	0.285000	-0.402000	-42.686000	23.635000	7.545000
50531.979850	-2.010000	-9.920000	-1.004000	0.121000	0.279000	-0.254000	-42.686000	23.635000	7.545000
50531.989650	-1.792000	-9.765000	-0.837000	0.088000	0.234000	-0.099000	-42.260000	23.635000	7.545000
50531.998500	-1.626000	-9.631000	-0.895000	0.104000	0.148000	0.056000	-42.260000	23.635000	7.545000
50532.009660	-1.480000	-9.509000	-1.085000	0.160000	0.050000	0.193000	-42.260000	23.957000	7.545000
50532.018510	-1.345000	-9.392000	-1.179000	0.230000	-0.051000	0.301000	-42.260000	23.957000	7.185000
50532.029780	-1.265000	-9.388000	-1.392000	0.276000	-0.132000	0.392000	-42.649000	23.957000	7.185000
50532.038410	-1.343000	-9.468000	-1.580000	0.278000	-0.177000	0.484000	-42.649000	23.957000	7.185000
50532.047960	-1.398000	-9.655000	-1.725000	0.260000	-0.217000	0.526000	-42.649000	23.957000	6.858000
50532.059100	-1.444000	-10.074000	-1.786000	0.186000	-0.236000	0.600000	-42.649000	23.957000	6.858000
50532.068960	-1.298000	-10.502000	-1.531000	0.079000	-0.254000	0.680000	-42.649000	23.957000	6.858000
50532.079120	-0.990000	-10.898000	-1.228000	-0.052000	-0.242000	0.772000	-42.649000	23.957000	6.858000
50532.090510	-0.693000	-11.146000	-1.049000	-0.185000	-0.220000	0.881000	-42.649000	23.957000	6.858000
50532.098500	-0.332000	-11.261000	-0.988000	-0.277000	-0.234000	1.013000	-42.649000	23.957000	6.858000
50532.118280	-0.020000	-11.284000	-1.062000	-0.266000	-0.327000	1.255000	-42.649000	23.957000	6.550000
50532.128380	0.153000	-11.311000	-1.204000	-0.198000	-0.370000	1.354000	-42.649000	24.655000	6.550000
50532.138020	0.338000	-11.362000	-1.292000	-0.146000	-0.416000	1.434000	-42.649000	25.138000	6.550000
50532.148060	0.462000	-11.511000	-1.361000	-0.133000	-0.467000	1.503000	-42.289000	26.202000	6.550000
50532.159870	0.525000	-11.788000	-1.470000	-0.127000	-0.537000	1.530000	-42.289000	26.887000	6.550000
50532.168510	0.476000	-12.138000	-1.517000	-0.146000	-0.573000	1.570000	-41.741000	27.279000	6.942000
50532.177570	0.450000	-12.449000	-1.590000	-0.191000	-0.622000	1.609000	-40.939000	27.716000	6.942000
50532.188530	0.501000	-12.695000	-1.612000	-0.260000	-0.640000	1.666000	-39.901000	28.100000	6.942000
50532.198080	0.763000	-12.994000	-1.596000	-0.317000	-0.661000	1.754000	-38.555000	28.868000	7.760000
50532.210200	1.074000	-13.118000	-1.428000	-0.340000	-0.690000	1.864000	-37.850000	28.868000	8.418000
50532.219140	1.409000	-13.168000	-1.336000	-0.332000	-0.752000	1.971000	-37.107000	29.888000	9.046000
50532.228380	1.813000	-13.205000	-1.220000	-0.294000	-0.871000	2.056000	-36.260000	30.206000	9.632000
50532.238610	2.258000	-13.252000	-1.047000	-0.231000	-1.016000	2.115000	-35.337000	30.908000	10.064000
50532.248650	2.661000	-13.248000	-0.898000	-0.151000	-1.180000	2.162000	-34.407000	31.733000	10.441000
50532.258690	2.950000	-13.193000	-0.995000	-0.063000	-1.362000	2.197000	-33.518000	31.733000	10.910000
50532.268670	3.098000	-13.200000	-1.113000	-0.028000	-1.517000	2.209000	-32.618000	32.432000	11.427000
50532.277760	3.096000	-13.270000	-1.220000	0.003000	-1.576000	2.206000	-31.806000	33.299000	12.089000
50532.288530	3.201000	-13.403000	-1.213000	-0.032000	-1.555000	2.198000	-30.690000	33.299000	12.089000
50532.299120	3.522000	-13.551000	-1.064000	-0.119000	-1.449000	2.223000	-29.708000	33.299000	12.754000
50532.309350	3.830000	-13.641000	-0.754000	-0.213000	-1.355000	2.283000	-28.569000	34.027000	12.335000
50532.319270	4.077000	-13.525000	-0.378000	-0.265000	-1.281000	2.334000	-27.041000	34.027000	12.873000
