50180.425970	2.376000	-3.769000	10.471000	-0.171000	0.840000	2.464000	-3.999000	-24.919000	-38.009000
50180.433990	2.689000	-3.769000	10.555000	-0.105000	0.673000	2.513000	-4.367000	-24.919000	-38.009000
50180.447660	2.872000	-3.665000	10.511000	-0.012000	0.467000	2.538000	-5.096000	-24.919000	-38.009000
50180.454350	2.829000	-3.684000	10.423000	0.100000	0.272000	2.558000	-5.755000	-24.919000	-38.009000
50180.465910	2.733000	-3.684000	10.099000	0.155000	0.177000	2.574000	-6.080000	-24.919000	-38.009000
50180.474820	2.510000	-3.663000	9.924000	0.114000	0.217000	2.572000	-6.549000	-24.919000	-37.681000
50180.487210	2.390000	-3.645000	9.901000	0.003000	0.378000	2.564000	-6.549000	-24.919000	-37.681000
50180.497530	2.486000	-3.497000	10.139000	-0.139000	0.613000	2.567000	-7.170000	-24.562000	-37.681000
50180.503910	2.508000	-3.436000	10.651000	-0.261000	0.808000	2.582000	-7.170000	-24.562000	-37.681000
50180.514830	2.537000	-3.368000	11.030000	-0.299000	0.890000	2.596000	-7.933000	-24.562000	-37.681000
50180.526640	2.582000	-3.090000	11.083000	-0.319000	0.886000	2.598000	-8.648000	-24.128000	-37.681000
50180.533910	2.573000	-2.780000	10.659000	-0.256000	0.808000	2.592000	-9.072000	-24.128000	-37.681000
50180.546810	2.583000	-2.556000	10.277000	-0.116000	0.678000	2.590000	-9.507000	-23.736000	-37.681000
50180.554080	2.525000	-2.275000	10.054000	0.051000	0.563000	2.589000	-9.902000	-23.736000	-37.681000
50180.566770	2.620000	-2.188000	9.975000	0.157000	0.496000	2.580000	-10.296000	-23.287000	-37.681000
50180.573910	2.629000	-2.274000	9.916000	0.151000	0.485000	2.573000	-10.853000	-22.808000	-37.681000
50180.586850	2.579000	-2.538000	9.999000	0.041000	0.552000	2.574000	-10.853000	-22.340000	-37.681000
50180.595280	2.464000	-2.895000	10.293000	-0.139000	0.688000	2.574000	-11.279000	-21.755000	-37.681000
50180.605290	2.471000	-3.036000	10.420000	-0.334000	0.868000	2.582000	-11.279000	-21.141000	-37.681000
50180.616240	2.708000	-2.774000	10.478000	-0.469000	1.027000	2.608000	-11.625000	-20.414000	-37.681000
50180.627230	3.003000	-2.339000	10.579000	-0.495000	1.084000	2.668000	-12.010000	-19.631000	-37.681000
50180.634160	3.174000	-1.991000	10.782000	-0.475000	1.025000	2.736000	-12.010000	-18.974000	-38.026000
50180.647340	3.314000	-1.699000	10.862000	-0.409000	0.962000	2.757000	-12.821000	-18.215000	-38.026000
50180.654020	3.189000	-1.618000	10.870000	-0.335000	0.787000	2.763000	-12.821000	-17.765000	-38.026000
50180.666900	2.389000	-2.068000	10.494000	-0.291000	0.603000	2.725000	-13.317000	-16.963000	-38.327000
50180.677800	1.903000	-2.730000	10.376000	-0.318000	0.516000	2.658000	-13.645000	-16.152000	-38.327000
50180.685520	2.304000	-2.982000	11.205000	-0.415000	0.564000	2.566000	-13.645000	-15.359000	-38.327000
50180.694670	2.902000	-2.866000	12.027000	-0.549000	0.702000	2.536000	-13.645000	-14.083000	-38.746000
50180.705630	3.469000	-2.585000	12.396000	-0.649000	0.827000	2.635000	-14.375000	-13.568000	-38.746000
50180.717530	3.759000	-2.078000	12.140000	-0.568000	0.777000	2.775000	-14.375000	-12.644000	-39.074000
50180.725070	3.839000	-1.494000	11.582000	-0.262000	0.524000	2.862000	-15.197000	-11.923000	-39.074000
50180.734190	3.890000	-1.067000	11.372000	0.118000	0.191000	2.886000	-15.617000	-11.923000	-39.074000
50180.746400	3.697000	-0.968000	10.950000	0.379000	-0.066000	2.885000	-15.979000	-11.030000	-39.445000
50180.754550	3.387000	-0.956000	10.395000	0.424000	-0.124000	2.880000	-15.979000	-10.519000	-39.445000
50180.764770	3.215000	-1.050000	10.060000	0.347000	-0.063000	2.870000	-15.979000	-10.086000	-39.445000
50180.776430	3.516000	-0.986000	10.054000	0.142000	0.235000	2.847000	-15.979000	-9.127000	-39.891000
50180.785100	4.055000	-0.588000	10.245000	-0.100000	0.675000	2.852000	-15.979000	-8.518000	-39.891000
50180.797610	4.461000	-0.227000	10.293000	-0.273000	1.050000	2.897000	-15.979000	-7.623000	-40.238000
50180.805630	4.647000	0.135000	10.040000	-0.271000	1.184000	2.938000	-15.979000	-6.849000	-40.238000
50180.817540	4.487000	0.319000	9.787000	-0.108000	1.029000	2.902000	-15.979000	-6.427000	-40.612000
50180.825260	3.738000	0.044000	9.688000	0.124000	0.706000	2.781000	-15.979000	-6.124000	-40.612000
50180.836180	3.143000	-0.321000	9.643000	0.281000	0.371000	2.600000	-15.979000	-5.514000	-40.975000
50180.846650	3.173000	-0.319000	9.849000	0.278000	0.151000	2.395000	-15.979000	-5.119000	-40.975000
50180.859310	3.468000	0.181000	9.969000	0.114000	0.121000	2.272000	-16.372000	-4.647000	-41.287000
50180.864040	4.008000	0.861000	9.940000	-0.120000	0.268000	2.289000	-16.372000	-4.061000	-41.287000
50180.876830	4.394000	1.328000	10.318000	-0.216000	0.465000	2.327000	-16.372000	-3.134000	-41.287000
50180.885860	4.391000	1.255000	11.061000	-0.321000	0.532000	2.396000	-16.372000	-3.134000	-41.683000
50180.896820	3.969000	0.784000	11.475000	-0.344000	0.585000	2.373000	-16.372000	-2.499000	-41.683000
50180.905640	3.179000	0.268000	11.161000	-0.327000	0.527000	2.235000	-16.691000	-1.922000	-41.683000
50180.916660	2.443000	-0.187000	10.634000	-0.239000	0.357000	2.031000	-16.691000	-1.922000	-42.053000
50180.926880	2.227000	-0.255000	10.682000	-0.109000	0.158000	1.832000	-16.691000	-1.026000	-42.053000
50180.935550	2.702000	0.315000	11.139000	-0.057000	0.066000	1.703000	-16.691000	-1.026000	-42.364000
50180.947170	2.982000	0.982000	11.106000	-0.154000	0.120000	1.696000	-16.691000	-0.427000	-42.364000
50180.954350	3.111000	1.503000	10.539000	-0.297000	0.232000	1.794000	-16.691000	-0.427000	-42.364000
50180.967380	3.330000	1.936000	10.085000	-0.317000	0.314000	1.870000	-16.352000	0.212000	-42.695000
50180.974920	3.272000	1.874000	10.676000	-0.248000	0.326000	1.856000	-16.352000	0.212000	-42.695000
50180.986880	3.033000	1.414000	11.268000	-0.220000	0.290000	1.773000	-16.352000	0.653000	-42.695000
50180.994390	2.569000	0.920000	11.688000	-0.227000	0.190000	1.599000	-16.352000	1.094000	-42.695000
50181.004240	1.988000	0.482000	12.310000	-0.211000	0.087000	1.477000	-16.352000	1.094000	-42.695000
50181.014250	1.602000	0.106000	13.103000	-0.100000	-0.228000	1.220000	-16.352000	1.545000	-42.695000
50181.025030	1.450000	-0.008000	13.672000	0.007000	-0.560000	1.005000	-16.033000	1.545000	-42.695000
50181.037510	1.375000	0.077000	13.958000	0.024000	-0.765000	0.883000	-16.033000	1.545000	-43.003000
50181.044220	1.282000	0.284000	13.480000	-0.018000	-0.794000	0.878000	-16.033000	1.545000	-43.003000
50181.054410	1.062000	0.511000	12.394000	-0.057000	-0.611000	0.943000	-16.033000	1.545000	-43.003000
50181.064360	0.830000	0.856000	11.173000	-0.035000	-0.254000	1.027000	-16.033000	1.545000	-43.003000
50181.074400	0.433000	1.077000	10.015000	0.050000	0.180000	1.082000	-16.033000	1.545000	-43.003000
50181.084560	-0.195000	1.225000	8.968000	0.153000	0.572000	1.095000	-16.033000	1.545000	-43.003000
50181.094610	-0.654000	1.211000	8.504000	0.216000	0.836000	1.076000	-16.033000	1.847000	-43.003000
50181.104610	-0.596000	1.286000	8.512000	0.216000	1.000000	1.033000	-16.033000	1.847000	-43.003000
50181.114780	-0.432000	1.490000	8.796000	0.152000	1.066000	1.008000	-16.033000	1.847000	-43.003000
50181.126800	-0.289000	1.606000	9.006000	0.111000	1.004000	1.012000	-15.657000	1.847000	-43.003000
50181.139100	-0.301000	1.520000	9.058000	0.074000	0.824000	1.016000	-15.657000	2.230000	-43.003000
50181.146360	-0.452000	1.386000	9.088000	0.114000	0.701000	1.004000	-15.657000	2.230000	-43.003000
50181.157110	-0.696000	1.169000	9.404000	0.162000	0.445000	0.961000	-15.657000	2.230000	-43.003000
50181.168030	-1.140000	0.746000	9.849000	0.143000	0.262000	0.910000	-15.283000	2.593000	-43.003000
50181.181210	-1.619000	0.350000	9.826000	0.037000	0.210000	0.879000	-15.283000	2.593000	-43.336000
50181.197540	-1.887000	0.232000	9.312000	-0.126000	0.381000	0.858000	-14.790000	2.593000	-43.336000
50181.206700	-1.706000	0.501000	8.851000	-0.033000	0.459000	0.906000	-14.790000	2.975000	-43.336000
50181.221040	-1.229000	0.903000	8.618000	0.090000	0.485000	1.000000	-14.395000	2.975000	-43.336000
50181.224400	-0.751000	1.279000	8.431000	0.171000	0.423000	1.091000	-14.395000	2.975000	-43.336000
50181.237090	-0.143000	1.687000	8.330000	0.202000	0.282000	1.122000	-14.395000	2.975000	-43.336000
50181.245580	0.372000	2.114000	8.462000	0.254000	0.198000	1.133000	-14.086000	2.975000	-43.336000
50181.257630	0.536000	2.188000	8.796000	0.271000	0.020000	1.061000	-14.086000	2.975000	-43.670000
50181.266790	0.278000	1.748000	9.099000	0.252000	-0.152000	0.907000	-13.775000	3.318000	-43.670000
50181.278050	-0.327000	1.054000	9.611000	0.216000	-0.303000	0.688000	-13.775000	3.318000	-43.670000
50181.285490	-0.940000	0.453000	10.263000	0.155000	-0.411000	0.471000	-13.775000	3.318000	-43.670000
50181.298250	-1.340000	0.104000	10.550000	0.078000	-0.436000	0.331000	-13.775000	3.318000	-43.670000
50181.305700	-1.437000	0.120000	10.382000	0.064000	-0.396000	0.294000	-13.438000	3.318000	-43.670000
50181.316250	-1.065000	0.549000	10.010000	0.126000	-0.334000	0.346000	-13.438000	3.318000	-43.670000
50181.326020	-0.385000	1.264000	9.673000	0.211000	-0.247000	0.459000	-13.438000	3.318000	-43.670000
50181.338200	0.120000	1.809000	9.203000	0.272000	-0.144000	0.572000	-13.438000	3.318000	-43.670000
50181.345980	0.551000	2.246000	8.687000	0.286000	-0.039000	0.621000	-13.438000	3.318000	-43.670000
50181.356080	0.531000	2.471000	8.572000	0.268000	0.071000	0.579000	-13.438000	3.318000	-43.670000
50181.367010	-0.111000	2.130000	8.580000	0.170000	0.134000	0.526000	-13.438000	3.318000	-43.670000
50181.377380	-0.970000	1.428000	8.399000	0.029000	0.269000	0.364000	-13.438000	3.318000	-43.670000
50181.386990	-1.639000	0.936000	8.417000	-0.084000	0.352000	0.161000	-13.438000	3.318000	-43.670000
50181.399840	-1.984000	0.600000	8.659000	-0.150000	0.335000	0.013000	-13.438000	3.318000	-43.670000
50181.404570	-1.872000	0.384000	9.014000	-0.175000	0.246000	-0.024000	-13.438000	3.318000	-43.670000
50181.416170	-1.378000	0.568000	9.290000	-0.153000	0.094000	0.024000	-13.438000	3.318000	-43.670000
50181.426540	-0.971000	0.950000	9.292000	-0.099000	-0.092000	0.130000	-13.438000	3.318000	-43.670000
50181.437130	-0.574000	1.282000	9.143000	-0.058000	-0.241000	0.258000	-13.438000	3.318000	-43.368000
50181.445710	-0.066000	1.695000	8.957000	-0.049000	-0.282000	0.363000	-13.438000	3.318000	-43.368000
50181.456210	0.277000	2.003000	8.837000	-0.104000	-0.220000	0.420000	-13.438000	3.318000	-43.368000
50181.467160	0.400000	2.109000	8.763000	-0.206000	-0.103000	0.414000	-13.438000	3.318000	-43.368000
50181.475920	0.153000	1.852000	9.049000	-0.259000	0.017000	0.324000	-13.438000	3.318000	-43.368000
50181.487610	-0.347000	1.307000	9.448000	-0.356000	0.062000	0.249000	-13.438000	3.634000	-43.368000
50181.496160	-0.820000	0.651000	10.092000	-0.428000	0.090000	0.063000	-13.438000	3.634000	-43.029000
50181.507170	-1.235000	0.021000	10.801000	-0.462000	0.035000	-0.115000	-13.438000	3.634000	-43.029000
50181.515290	-1.416000	-0.327000	11.265000	-0.449000	-0.077000	-0.230000	-13.438000	3.634000	-43.029000
50181.528750	-1.421000	-0.432000	11.660000	-0.391000	-0.207000	-0.260000	-13.438000	3.936000	-43.029000
50181.535070	-1.248000	-0.223000	11.665000	-0.287000	-0.300000	-0.216000	-13.438000	3.936000	-43.029000
50181.547030	-0.957000	0.185000	11.420000	-0.153000	-0.351000	-0.130000	-13.438000	3.936000	-43.029000
50181.555390	-0.659000	0.577000	10.599000	-0.049000	-0.348000	-0.019000	-13.438000	3.936000	-43.029000
50181.567780	-0.368000	0.982000	9.841000	0.009000	-0.259000	0.064000	-13.438000	4.261000	-43.029000
50181.579250	-0.117000	1.283000	9.389000	0.023000	-0.125000	0.085000	-13.438000	4.261000	-43.029000
50181.586460	-0.145000	1.246000	9.585000	-0.044000	-0.022000	0.032000	-13.438000	4.261000	-42.706000
50181.597230	-0.484000	0.775000	9.967000	-0.105000	0.006000	-0.101000	-13.766000	4.261000	-42.706000
50181.604950	-0.891000	0.377000	10.440000	-0.232000	-0.015000	-0.190000	-13.766000	4.261000	-42.706000
50181.615080	-1.062000	0.265000	10.903000	-0.289000	-0.119000	-0.365000	-13.766000	4.627000	-42.706000
50181.626860	-0.949000	0.469000	10.794000	-0.240000	-0.278000	-0.474000	-13.766000	4.627000	-42.706000
50181.636480	-0.496000	1.043000	10.343000	-0.088000	-0.474000	-0.487000	-14.106000	4.627000	-42.361000
50181.646850	0.095000	1.533000	9.633000	0.117000	-0.669000	-0.432000	-14.106000	4.627000	-42.361000
50181.655640	0.140000	1.815000	9.353000	0.268000	-0.785000	-0.352000	-14.106000	4.627000	-42.361000
50181.667880	0.548000	2.221000	9.152000	0.283000	-0.779000	-0.305000	-14.509000	4.627000	-42.361000
50181.676360	0.612000	2.346000	8.553000	0.122000	-0.684000	-0.299000	-14.509000	4.627000	-42.039000
50181.687870	0.341000	2.279000	7.748000	-0.151000	-0.492000	-0.331000	-14.819000	4.627000	-42.039000
50181.696500	-0.015000	2.246000	7.362000	-0.444000	-0.159000	-0.424000	-14.819000	4.627000	-42.039000
50181.707550	-0.794000	1.672000	8.690000	-0.730000	0.211000	-0.526000	-14.819000	4.627000	-42.039000
50181.717100	-1.541000	0.448000	10.447000	-0.884000	0.477000	-0.622000	-15.222000	4.627000	-41.723000
50181.727050	-1.946000	-0.516000	11.480000	-1.189000	0.564000	-0.677000	-15.222000	4.627000	-41.723000
50181.737550	-1.872000	-0.795000	11.660000	-1.315000	0.657000	-0.768000	-15.222000	4.627000	-41.723000
50181.746610	-1.879000	-0.773000	10.928000	-1.118000	0.657000	-0.780000	-15.222000	4.975000	-41.723000
50181.759280	-2.261000	-0.879000	10.284000	-0.690000	0.586000	-0.707000	-15.599000	4.975000	-41.723000
50181.766540	-2.864000	-1.198000	9.551000	-0.237000	0.455000	-0.588000	-15.599000	4.975000	-41.723000
50181.777340	-3.090000	-1.059000	8.929000	0.070000	0.312000	-0.447000	-15.599000	4.975000	-41.392000
50181.786680	-2.959000	-0.421000	8.702000	0.143000	0.232000	-0.267000	-15.599000	4.975000	-41.392000
50181.797360	-2.611000	0.318000	8.644000	-0.020000	0.301000	-0.029000	-15.939000	4.975000	-41.392000
50181.806550	-2.161000	0.907000	8.980000	-0.256000	0.508000	0.237000	-15.939000	4.975000	-41.392000
50181.817380	-1.758000	1.079000	10.613000	-0.405000	0.694000	0.455000	-15.939000	4.975000	-41.392000
50181.825650	-1.687000	0.609000	11.921000	-0.475000	0.761000	0.579000	-15.939000	5.300000	-41.392000
50181.837430	-1.763000	0.406000	11.979000	-0.477000	0.729000	0.592000	-15.939000	5.300000	-41.392000
50181.846130	-2.124000	0.355000	11.281000	-0.342000	0.688000	0.571000	-15.939000	5.300000	-41.392000
50181.856690	-2.237000	0.331000	10.191000	-0.006000	0.599000	0.544000	-15.939000	5.300000	-41.392000
50181.866490	-1.836000	0.551000	9.198000	0.378000	0.554000	0.576000	-15.614000	5.673000	-41.392000
50181.875430	-1.167000	0.987000	8.731000	0.643000	0.544000	0.661000	-15.614000	5.673000	-41.392000
50181.889470	-0.230000	1.499000	8.551000	0.713000	0.546000	0.795000	-15.614000	5.673000	-41.392000
50181.895600	0.535000	1.945000	8.717000	0.589000	0.560000	0.926000	-15.150000	5.673000	-41.392000
50181.906460	0.631000	2.147000	9.215000	0.358000	0.602000	0.974000	-15.150000	5.673000	-41.392000
50181.917730	0.420000	2.051000	9.777000	0.086000	0.651000	0.896000	-14.819000	5.673000	-41.392000
50181.927120	0.020000	1.568000	10.138000	-0.191000	0.669000	0.703000	-14.819000	5.673000	-41.392000
50181.940890	-0.369000	0.923000	10.273000	-0.423000	0.680000	0.466000	-14.291000	5.673000	-41.392000
50181.945040	-0.897000	0.306000	10.227000	-0.576000	0.706000	0.238000	-13.874000	5.998000	-41.392000
50181.957220	-1.065000	-0.163000	9.849000	-0.625000	0.741000	0.142000	-13.247000	5.998000	-41.392000
50181.967500	-0.960000	-0.366000	9.315000	-0.684000	0.755000	0.004000	-12.947000	5.998000	-41.392000
50181.976590	-0.780000	-0.208000	9.035000	-0.709000	0.780000	-0.047000	-12.513000	5.998000	-41.392000
50181.988130	-0.211000	0.311000	9.111000	-0.726000	0.803000	-0.027000	-12.179000	6.379000	-41.392000
50181.996770	0.234000	0.674000	9.547000	-0.739000	0.775000	0.021000	-12.179000	6.379000	-41.392000
50182.007510	0.566000	0.755000	9.873000	-0.743000	0.647000	0.044000	-12.179000	6.379000	-41.392000
50182.016720	0.681000	0.611000	9.977000	-0.719000	0.450000	-0.027000	-11.842000	6.773000	-41.392000
50182.027160	0.347000	0.205000	10.135000	-0.629000	0.206000	-0.195000	-11.842000	6.773000	-41.392000
50182.036770	-0.199000	-0.466000	10.153000	-0.499000	-0.052000	-0.428000	-11.842000	7.157000	-41.392000
50182.047240	-0.813000	-1.105000	10.053000	-0.374000	-0.278000	-0.661000	-11.842000	7.157000	-41.392000
50182.055790	-1.233000	-1.542000	10.215000	-0.281000	-0.462000	-0.827000	-11.842000	7.621000	-41.392000
50182.069250	-1.619000	-1.909000	10.704000	-0.241000	-0.569000	-0.894000	-11.842000	7.621000	-41.392000
50182.075960	-1.580000	-1.930000	11.094000	-0.244000	-0.571000	-0.851000	-11.842000	8.029000	-41.392000
50182.088230	-1.308000	-1.665000	11.320000	-0.263000	-0.532000	-0.794000	-11.842000	8.029000	-41.392000
50182.096830	-0.968000	-1.369000	11.254000	-0.232000	-0.412000	-0.623000	-11.842000	8.029000	-41.392000
50182.105900	-0.675000	-1.013000	10.863000	-0.128000	-0.297000	-0.429000	-11.528000	8.029000	-41.392000
50182.118840	-0.464000	-0.657000	10.338000	0.016000	-0.192000	-0.269000	-11.528000	8.354000	-41.392000
50182.126470	-0.402000	-0.406000	9.786000	0.141000	-0.063000	-0.171000	-11.528000	8.354000	-41.392000
50182.135500	-0.482000	-0.327000	9.357000	0.210000	0.097000	-0.130000	-11.528000	8.354000	-41.392000
50182.146330	-0.762000	-0.397000	9.215000	0.244000	0.255000	-0.135000	-11.528000	8.749000	-41.084000
50182.157810	-1.146000	-0.499000	9.096000	0.230000	0.375000	-0.182000	-11.528000	8.749000	-41.084000
50182.167730	-1.701000	-0.512000	9.042000	0.179000	0.453000	-0.248000	-11.528000	8.749000	-41.084000
50182.177920	-2.207000	-0.445000	9.070000	0.135000	0.485000	-0.287000	-11.528000	8.749000	-41.084000
50182.185430	-2.376000	-0.319000	9.058000	0.110000	0.465000	-0.270000	-11.528000	8.749000	-41.084000
50182.195470	-2.298000	0.010000	9.122000	0.098000	0.428000	-0.189000	-11.528000	8.749000	-41.084000
50182.205480	-2.109000	0.491000	9.271000	0.066000	0.410000	-0.130000	-11.528000	8.749000	-41.084000
50182.215490	-1.711000	0.978000	9.406000	0.042000	0.383000	0.007000	-11.528000	8.749000	-41.084000
50182.225500	-1.334000	1.510000	9.550000	0.046000	0.345000	0.140000	-11.528000	8.749000	-41.084000
50182.235410	-1.130000	1.962000	9.574000	0.051000	0.261000	0.225000	-11.528000	8.749000	-41.084000
50182.246370	-1.065000	2.178000	9.598000	0.062000	0.170000	0.250000	-11.528000	8.749000	-41.084000
50182.260900	-1.178000	2.194000	9.745000	0.082000	0.083000	0.194000	-11.528000	8.749000	-41.084000
50182.266050	-1.553000	2.062000	9.889000	0.109000	-0.009000	0.074000	-11.528000	8.749000	-41.084000
50182.279540	-1.967000	1.782000	9.964000	0.138000	-0.121000	-0.060000	-11.528000	8.749000	-41.084000
50182.287570	-2.267000	1.492000	9.963000	0.193000	-0.280000	-0.176000	-11.528000	8.749000	-41.084000
50182.302190	-2.359000	1.332000	10.117000	0.278000	-0.487000	-0.241000	-11.193000	8.749000	-41.084000
50182.307370	-2.106000	1.313000	10.317000	0.368000	-0.707000	-0.228000	-11.193000	8.749000	-41.084000
50182.319180	-1.816000	1.268000	10.487000	0.400000	-0.899000	-0.142000	-11.193000	8.398000	-41.084000
50182.325620	-1.415000	1.319000	10.630000	0.375000	-0.996000	-0.076000	-11.193000	8.398000	-41.084000
50182.336120	-0.930000	1.465000	10.861000	0.257000	-0.978000	0.077000	-11.193000	8.398000	-41.084000
50182.346100	-0.583000	1.447000	11.012000	0.096000	-0.810000	0.217000	-11.193000	8.398000	-41.084000
50182.355770	-0.516000	1.198000	10.987000	-0.076000	-0.529000	0.316000	-11.193000	8.079000	-41.084000
50182.370550	-0.564000	0.947000	10.764000	-0.206000	-0.224000	0.349000	-11.193000	8.079000	-41.084000
50182.378050	-0.663000	0.656000	10.452000	-0.248000	0.036000	0.310000	-11.544000	8.079000	-41.084000
50182.391180	-0.869000	0.345000	10.200000	-0.212000	0.204000	0.246000	-11.544000	8.079000	-41.084000
50182.396640	-1.138000	0.113000	9.855000	-0.143000	0.264000	0.182000	-11.544000	8.079000	-41.084000
50182.407350	-1.286000	0.102000	9.505000	-0.079000	0.262000	0.138000	-11.544000	8.079000	-41.084000
50182.420500	-1.359000	0.089000	9.362000	-0.035000	0.228000	0.123000	-11.860000	8.079000	-40.750000
50182.428650	-1.391000	-0.004000	9.561000	-0.012000	0.175000	0.141000	-11.860000	8.079000	-40.750000
50182.440520	-1.431000	-0.111000	9.822000	-0.014000	0.109000	0.179000	-11.860000	8.079000	-40.750000
50182.445800	-1.425000	-0.251000	10.126000	-0.055000	0.079000	0.199000	-11.860000	8.079000	-40.750000
50182.456020	-1.258000	-0.272000	10.383000	-0.116000	0.033000	0.246000	-12.187000	8.079000	-40.750000
50182.468050	-1.113000	-0.261000	10.306000	-0.154000	-0.001000	0.295000	-12.187000	8.079000	-40.750000
50182.479650	-1.074000	-0.298000	10.104000	-0.133000	-0.023000	0.335000	-12.187000	8.079000	-40.750000
50182.489470	-1.153000	-0.492000	10.098000	-0.039000	-0.058000	0.352000	-12.187000	8.079000	-40.750000
50182.497650	-1.177000	-0.658000	9.993000	0.075000	-0.115000	0.357000	-12.187000	8.079000	-40.750000
50182.510590	-1.056000	-0.594000	9.938000	0.153000	-0.192000	0.374000	-12.187000	8.079000	-40.750000
50182.518040	-0.797000	-0.408000	9.968000	0.185000	-0.272000	0.421000	-12.187000	8.079000	-40.750000
50182.529850	-0.494000	-0.262000	10.045000	0.179000	-0.320000	0.500000	-12.187000	8.079000	-40.750000
50182.539120	-0.178000	-0.106000	10.216000	0.144000	-0.317000	0.581000	-12.187000	8.079000	-40.750000
50182.546690	-0.053000	-0.071000	10.282000	0.063000	-0.288000	0.626000	-12.187000	8.079000	-40.750000
50182.558080	-0.121000	-0.258000	10.292000	0.008000	-0.232000	0.643000	-12.187000	8.079000	-40.750000
50182.567870	-0.277000	-0.409000	10.284000	-0.107000	-0.185000	0.644000	-12.187000	8.079000	-40.750000
50182.580380	-0.450000	-0.573000	10.372000	-0.224000	-0.058000	0.622000	-12.187000	8.079000	-40.750000
50182.587920	-0.344000	-0.634000	10.757000	-0.348000	0.092000	0.589000	-12.187000	8.428000	-40.750000
50182.596590	-0.097000	-0.670000	10.865000	-0.471000	0.229000	0.573000	-12.187000	8.428000	-40.750000
50182.609250	0.057000	-0.576000	10.613000	-0.538000	0.322000	0.578000	-12.187000	8.428000	-40.750000
50182.615970	0.171000	-0.450000	10.559000	-0.474000	0.308000	0.593000	-12.187000	8.428000	-40.750000
50182.627290	0.257000	-0.457000	10.850000	-0.309000	0.179000	0.581000	-12.187000	8.837000	-40.750000
50182.640600	0.377000	-0.399000	11.045000	-0.148000	0.009000	0.540000	-12.187000	8.837000	-40.750000
50182.646210	0.464000	-0.243000	11.045000	-0.038000	-0.175000	0.484000	-12.187000	8.837000	-40.750000
50182.662260	0.422000	-0.145000	10.935000	0.064000	-0.363000	0.426000	-12.187000	9.150000	-40.750000
50182.667420	0.339000	-0.098000	10.798000	0.161000	-0.524000	0.375000	-12.187000	9.150000	-40.750000
50182.678100	0.242000	-0.054000	10.701000	0.192000	-0.603000	0.321000	-12.187000	9.150000	-40.750000
50182.691380	0.004000	0.020000	10.591000	0.206000	-0.582000	0.293000	-12.187000	9.150000	-40.750000
50182.698060	-0.196000	0.116000	10.466000	0.181000	-0.543000	0.244000	-12.187000	9.545000	-40.750000
50182.709930	-0.232000	0.190000	10.348000	0.143000	-0.440000	0.211000	-12.187000	9.545000	-40.750000
50182.718170	-0.175000	0.244000	10.167000	0.107000	-0.294000	0.194000	-12.187000	9.545000	-40.750000
50182.728150	-0.152000	0.313000	10.010000	0.122000	-0.123000	0.196000	-12.507000	9.545000	-40.750000
50182.740200	-0.191000	0.435000	9.820000	0.196000	-0.009000	0.195000	-12.507000	9.866000	-40.750000
50182.746060	-0.341000	0.558000	9.540000	0.299000	0.034000	0.176000	-12.507000	9.866000	-40.750000
50182.756530	-0.553000	0.645000	9.331000	0.390000	0.040000	0.127000	-12.507000	9.866000	-40.750000
50182.767210	-0.878000	0.682000	9.272000	0.449000	0.045000	0.064000	-12.507000	9.866000	-40.750000
50182.777070	-1.139000	0.599000	9.270000	0.435000	0.054000	-0.001000	-12.507000	9.866000	-40.750000
50182.789060	-1.363000	0.414000	9.435000	0.363000	0.082000	-0.065000	-12.507000	9.866000	-40.750000
50182.801880	-1.510000	0.311000	9.626000	0.314000	0.126000	-0.119000	-12.507000	9.866000	-40.750000
50182.806920	-1.630000	0.327000	9.872000	0.191000	0.149000	-0.144000	-12.507000	9.866000	-40.750000
50182.822570	-1.676000	0.324000	10.151000	0.081000	0.193000	-0.173000	-12.507000	9.866000	-40.750000
50182.827060	-1.657000	0.361000	10.413000	0.020000	0.227000	-0.175000	-12.507000	9.866000	-40.750000
50182.841890	-1.315000	0.534000	10.633000	0.021000	0.240000	-0.173000	-12.507000	9.866000	-40.750000
50182.847660	-1.000000	0.876000	10.441000	0.089000	0.224000	-0.164000	-12.507000	9.866000	-40.750000
50182.857540	-0.678000	1.082000	9.819000	0.233000	0.184000	-0.147000	-12.507000	9.506000	-40.750000
50182.872830	-0.331000	1.335000	9.134000	0.430000	0.125000	-0.130000	-12.507000	9.506000	-40.750000
50182.877810	-0.084000	1.563000	8.798000	0.588000	0.080000	-0.128000	-12.507000	9.506000	-40.750000
50182.891510	0.180000	1.714000	8.807000	0.632000	0.102000	-0.132000	-12.507000	9.121000	-40.750000
50182.896880	0.573000	1.796000	9.184000	0.547000	0.159000	-0.151000	-12.507000	9.121000	-40.750000
50182.906890	0.798000	1.842000	9.985000	0.376000	0.193000	-0.194000	-12.507000	9.121000	-40.750000
50182.919370	0.645000	1.645000	10.672000	0.180000	0.186000	-0.254000	-12.507000	8.720000	-40.750000
50182.927370	0.425000	1.244000	11.226000	0.028000	0.150000	-0.335000	-12.182000	8.720000	-40.750000
50182.941740	0.247000	1.037000	11.535000	-0.009000	0.089000	-0.451000	-12.182000	8.720000	-40.750000
50182.957920	0.083000	0.919000	11.332000	0.137000	-0.041000	-0.597000	-12.182000	8.355000	-40.750000
50182.971990	0.022000	0.926000	10.973000	0.341000	-0.155000	-0.633000	-12.182000	8.355000	-41.067000
50182.976780	0.174000	1.085000	10.567000	0.552000	-0.244000	-0.624000	-12.182000	7.954000	-41.067000
50182.991390	0.444000	1.395000	10.178000	0.687000	-0.280000	-0.570000	-12.182000	7.954000	-41.067000
50182.997560	0.861000	1.796000	9.729000	0.730000	-0.257000	-0.504000	-11.863000	7.633000	-41.067000
50183.011350	1.506000	2.266000	8.931000	0.727000	-0.181000	-0.446000	-11.863000	7.633000	-41.067000
50183.022830	1.541000	2.459000	8.250000	0.707000	-0.060000	-0.431000	-11.863000	7.243000	-41.067000
50183.026830	1.136000	2.263000	8.037000	0.635000	0.063000	-0.512000	-11.863000	7.243000	-41.067000
50183.041020	0.482000	1.785000	8.681000	0.565000	0.137000	-0.587000	-11.863000	6.730000	-41.067000
50183.046330	-0.224000	1.175000	9.482000	0.370000	0.142000	-0.762000	-11.863000	6.730000	-41.067000
50183.057250	-0.840000	0.715000	9.984000	0.192000	0.079000	-0.919000	-11.863000	6.384000	-41.397000
50183.068570	-1.341000	0.537000	10.180000	0.130000	-0.068000	-1.014000	-11.863000	5.995000	-41.397000
50183.078060	-1.712000	0.397000	10.023000	0.181000	-0.236000	-1.033000	-11.863000	5.995000	-41.397000
50183.089170	-2.061000	0.203000	9.808000	0.262000	-0.365000	-0.996000	-11.863000	5.387000	-41.397000
50183.098820	-2.197000	0.291000	9.614000	0.306000	-0.431000	-0.923000	-11.863000	5.387000	-41.397000
50183.108430	-2.068000	0.498000	9.240000	0.303000	-0.411000	-0.813000	-11.863000	5.023000	-41.397000
50183.117220	-1.828000	0.679000	8.643000	0.271000	-0.327000	-0.684000	-11.863000	5.023000	-41.397000
50183.126310	-1.091000	1.122000	7.884000	0.219000	-0.195000	-0.563000	-11.863000	5.023000	-41.397000
50183.136290	-0.448000	1.604000	7.405000	0.125000	-0.035000	-0.461000	-11.863000	5.023000	-41.397000
50183.147250	-0.299000	1.384000	7.864000	-0.057000	0.130000	-0.443000	-11.863000	4.646000	-41.397000
50183.156340	-0.701000	0.375000	9.008000	-0.178000	0.253000	-0.567000	-11.863000	4.646000	-41.397000
50183.166230	-1.136000	-0.691000	9.913000	-0.396000	0.262000	-0.678000	-11.863000	4.336000	-41.728000
50183.176270	-1.479000	-1.329000	10.567000	-0.437000	0.103000	-0.930000	-11.863000	4.336000	-41.728000
50183.186280	-1.501000	-1.700000	10.858000	-0.243000	-0.304000	-1.122000	-11.863000	4.336000	-41.728000
50183.198520	-1.089000	-1.607000	11.125000	0.089000	-0.854000	-1.197000	-11.863000	3.948000	-41.728000
50183.208410	-0.512000	-1.203000	11.125000	0.418000	-1.417000	-1.168000	-11.863000	3.948000	-41.728000
50183.217190	0.379000	-0.820000	10.895000	0.642000	-1.865000	-1.076000	-11.863000	3.948000	-41.728000
50183.231200	1.421000	-0.274000	10.794000	0.734000	-2.123000	-0.978000	-12.266000	3.526000	-41.728000
50183.238590	1.861000	0.145000	10.947000	0.694000	-2.172000	-0.921000	-13.424000	3.526000	-41.728000
50183.248140	1.699000	-0.020000	11.152000	0.542000	-2.067000	-0.958000	-14.198000	3.215000	-41.728000
50183.258450	1.246000	-0.468000	11.313000	0.319000	-1.889000	-1.097000	-14.974000	3.215000	-41.395000
50183.267730	0.741000	-0.770000	11.535000	0.058000	-1.667000	-1.259000	-15.328000	2.902000	-41.395000
50183.281250	0.206000	-1.204000	11.882000	-0.071000	-1.379000	-1.352000	-15.328000	2.902000	-41.395000
50183.286590	-0.244000	-1.465000	12.006000	-0.291000	-1.217000	-1.368000	-15.852000	2.902000	-41.395000
50183.298950	-0.458000	-1.295000	12.000000	-0.405000	-0.892000	-1.362000	-15.852000	2.478000	-41.012000
50183.307530	-0.346000	-0.889000	11.493000	-0.342000	-0.625000	-1.304000	-16.465000	2.478000	-41.012000
50183.318020	-0.165000	-0.406000	10.529000	-0.067000	-0.469000	-1.199000	-16.465000	2.154000	-41.012000
50183.333040	-0.095000	-0.048000	9.826000	0.344000	-0.484000	-1.087000	-16.465000	1.747000	-40.693000
50183.337310	0.145000	0.362000	9.500000	0.659000	-0.639000	-0.982000	-17.407000	1.371000	-40.693000
50183.349150	0.307000	0.719000	8.965000	0.672000	-0.744000	-0.876000	-17.076000	0.941000	-40.693000
50183.362120	0.315000	0.886000	7.541000	0.411000	-0.633000	-0.776000	-17.076000	0.941000	-40.693000
50183.366730	0.180000	0.996000	5.760000	0.038000	-0.294000	-0.714000	-17.076000	0.941000	-40.364000
50183.382170	-0.120000	0.884000	5.331000	-0.378000	0.179000	-0.708000	-16.531000	0.941000	-40.364000
50183.388830	-0.612000	0.346000	6.379000	-0.832000	0.621000	-0.759000	-16.531000	0.941000	-40.364000
50183.398320	-0.929000	-0.577000	8.392000	-1.058000	0.838000	-0.812000	-16.531000	0.941000	-40.364000
50183.411680	-1.182000	-1.280000	10.358000	-1.414000	0.824000	-0.965000	-16.531000	0.585000	-40.364000
50183.417570	-1.311000	-1.554000	11.420000	-1.472000	0.552000	-1.139000	-16.903000	0.585000	-40.364000
50183.428350	-1.398000	-1.724000	11.744000	-1.176000	-0.009000	-1.262000	-16.903000	0.585000	-40.364000
50183.436710	-1.304000	-1.696000	11.618000	-0.681000	-0.680000	-1.293000	-16.903000	0.585000	-40.364000
50183.449100	-1.009000	-1.664000	11.222000	-0.236000	-1.219000	-1.231000	-17.251000	0.585000	-40.364000
50183.456880	-0.572000	-1.440000	10.867000	-0.032000	-1.463000	-1.095000	-17.251000	0.585000	-40.364000
50183.467010	-0.166000	-0.871000	10.534000	-0.122000	-1.334000	-0.900000	-17.251000	0.585000	-40.364000
50183.478060	0.108000	-0.406000	10.429000	-0.418000	-0.899000	-0.691000	-17.604000	0.585000	-40.364000
50183.486570	0.052000	-0.209000	10.572000	-0.764000	-0.290000	-0.541000	-17.604000	0.585000	-40.364000
50183.498990	-0.217000	-0.281000	11.447000	-1.018000	0.319000	-0.493000	-17.604000	0.585000	-40.364000
50183.510900	-0.709000	-0.805000	12.629000	-1.125000	0.764000	-0.518000	-17.604000	0.585000	-40.364000
50183.518770	-1.198000	-1.354000	12.792000	-1.108000	0.994000	-0.590000	-17.604000	0.585000	-40.721000
50183.527800	-1.489000	-1.396000	11.869000	-0.892000	1.007000	-0.632000	-17.604000	0.971000	-40.721000
50183.540590	-1.508000	-1.132000	10.748000	-0.425000	0.944000	-0.676000	-17.604000	0.971000	-40.721000
50183.548830	-1.284000	-0.928000	9.848000	0.130000	0.748000	-0.640000	-17.604000	0.971000	-40.721000
50183.561220	-0.937000	-0.558000	9.007000	0.542000	0.540000	-0.544000	-17.604000	1.344000	-41.033000
50183.567200	-0.672000	0.040000	8.609000	0.684000	0.376000	-0.420000	-17.604000	1.344000	-41.033000
50183.578770	-0.595000	0.503000	8.964000	0.581000	0.329000	-0.301000	-17.604000	1.344000	-41.033000
50183.589170	-0.824000	0.488000	9.327000	0.336000	0.403000	-0.232000	-17.604000	1.344000	-41.033000
50183.598110	-1.068000	0.309000	9.422000	0.077000	0.511000	-0.239000	-17.604000	1.344000	-41.369000
50183.609190	-1.188000	0.223000	9.434000	-0.060000	0.560000	-0.299000	-17.268000	1.344000	-41.369000
50183.617280	-1.366000	0.286000	9.869000	-0.065000	0.514000	-0.356000	-17.268000	1.344000	-41.369000
50183.629700	-1.283000	0.317000	10.122000	-0.024000	0.399000	-0.375000	-17.268000	1.344000	-41.673000
50183.639190	-1.162000	0.297000	10.324000	-0.004000	0.254000	-0.348000	-17.268000	1.344000	-41.673000
50183.648830	-0.963000	0.428000	10.217000	0.060000	0.112000	-0.320000	-16.851000	1.344000	-41.673000
50183.659180	-0.824000	0.628000	10.044000	0.181000	0.047000	-0.258000	-16.851000	1.344000	-42.027000
50183.667330	-0.725000	0.754000	9.625000	0.307000	-0.069000	-0.200000	-16.529000	1.344000	-42.027000
50183.681460	-0.746000	0.846000	9.236000	0.379000	-0.135000	-0.146000	-16.529000	1.344000	-42.027000
50183.689610	-0.696000	0.931000	8.950000	0.374000	-0.133000	-0.092000	-16.529000	1.344000	-42.027000
50183.698210	-0.283000	1.252000	8.959000	0.279000	-0.056000	-0.040000	-16.137000	1.344000	-42.367000
50183.706970	-0.039000	1.519000	8.990000	0.136000	0.085000	0.011000	-16.137000	1.344000	-42.367000
50183.717130	-0.023000	1.523000	8.935000	0.015000	0.207000	0.049000	-16.137000	0.932000	-42.367000
50183.727020	-0.010000	1.419000	9.115000	-0.052000	0.265000	0.029000	-16.137000	0.932000	-42.367000
50183.741670	-0.193000	1.134000	9.622000	-0.081000	0.256000	-0.038000	-16.137000	0.932000	-42.367000
50183.748350	-0.294000	0.832000	9.960000	-0.081000	0.210000	-0.116000	-15.806000	0.627000	-42.367000
50183.759220	-0.411000	0.714000	9.939000	-0.068000	0.131000	-0.184000	-15.806000	0.627000	-42.367000
50183.767880	-0.602000	0.681000	9.895000	0.016000	0.015000	-0.210000	-15.806000	0.627000	-42.367000
50183.779210	-0.806000	0.607000	9.836000	0.160000	-0.049000	-0.236000	-15.806000	0.627000	-42.669000
50183.788390	-1.015000	0.498000	9.656000	0.248000	-0.176000	-0.237000	-15.806000	0.302000	-42.669000
50183.799230	-1.147000	0.436000	9.291000	0.240000	-0.236000	-0.226000	-15.806000	0.302000	-42.669000
50183.808720	-1.302000	0.457000	8.956000	0.193000	-0.199000	-0.191000	-15.806000	0.302000	-42.669000
50183.819280	-1.441000	0.391000	8.738000	0.125000	-0.100000	-0.138000	-15.806000	0.302000	-42.669000
50183.828370	-1.481000	0.326000	8.704000	0.033000	0.023000	-0.091000	-15.806000	-0.059000	-42.669000
50183.839260	-1.585000	0.354000	8.932000	-0.059000	0.125000	-0.054000	-15.806000	-0.059000	-42.669000
50183.849300	-1.750000	0.280000	9.294000	-0.122000	0.170000	-0.019000	-15.806000	-0.059000	-42.669000
50183.857610	-1.999000	0.124000	9.473000	-0.138000	0.135000	0.010000	-15.806000	-0.059000	-42.669000
50183.869870	-2.197000	0.089000	9.358000	-0.107000	0.026000	0.014000	-15.806000	-0.059000	-42.669000
50183.877630	-2.235000	0.153000	9.227000	-0.075000	-0.110000	0.019000	-15.806000	-0.059000	-42.669000
50183.889220	-2.219000	0.242000	9.279000	0.006000	-0.230000	0.035000	-15.806000	-0.387000	-42.669000
50183.898040	-2.130000	0.357000	9.453000	0.061000	-0.281000	0.084000	-15.806000	-0.387000	-42.669000
50183.909300	-2.013000	0.506000	9.672000	0.060000	-0.368000	0.135000	-15.806000	-0.387000	-42.669000
50183.923740	-1.956000	0.686000	9.975000	0.032000	-0.430000	0.195000	-15.806000	-0.387000	-42.669000
50183.927000	-2.015000	0.849000	10.282000	-0.015000	-0.460000	0.267000	-15.806000	-0.387000	-42.669000
50183.939240	-2.269000	0.784000	10.523000	-0.070000	-0.439000	0.335000	-15.806000	-0.387000	-42.669000
50183.949310	-2.629000	0.687000	10.382000	-0.112000	-0.369000	0.374000	-16.165000	-0.387000	-42.669000
50183.957670	-2.885000	0.763000	10.185000	-0.122000	-0.274000	0.372000	-16.165000	-0.387000	-42.669000
50183.969150	-3.109000	0.760000	10.095000	-0.077000	-0.173000	0.376000	-16.165000	-0.387000	-42.309000
50183.977230	-3.323000	0.772000	9.953000	-0.011000	-0.096000	0.410000	-16.165000	-0.387000	-42.309000
50183.988800	-3.683000	0.835000	9.710000	0.029000	-0.060000	0.459000	-16.165000	-0.387000	-42.309000
50183.997740	-3.999000	1.041000	9.357000	0.043000	-0.040000	0.520000	-16.514000	-0.387000	-42.309000
50184.009340	-4.278000	1.186000	9.113000	0.067000	-0.009000	0.557000	-16.514000	-0.387000	-42.309000
50184.018770	-4.701000	1.149000	9.219000	0.070000	0.012000	0.643000	-16.514000	-0.387000	-42.002000
50184.029300	-5.271000	0.857000	9.373000	0.015000	0.064000	0.716000	-16.514000	-0.387000	-42.002000
50184.038570	-5.864000	0.312000	9.683000	-0.080000	0.131000	0.754000	-16.514000	-0.387000	-42.002000
50184.050050	-6.491000	-0.356000	10.568000	-0.134000	0.155000	0.772000	-16.514000	-0.387000	-42.002000
50184.057370	-6.765000	-0.957000	11.222000	-0.101000	0.106000	0.779000	-16.838000	-0.015000	-41.693000
50184.069210	-6.663000	-1.326000	11.089000	0.034000	0.007000	0.801000	-16.838000	-0.015000	-41.693000
50184.078280	-6.280000	-1.451000	10.633000	0.287000	-0.160000	0.882000	-16.838000	-0.015000	-41.693000
50184.089300	-5.833000	-1.484000	10.065000	0.612000	-0.354000	1.026000	-16.838000	-0.015000	-41.693000
50184.101010	-5.318000	-1.492000	9.623000	0.854000	-0.488000	1.213000	-16.838000	-0.015000	-41.354000
50184.107850	-4.776000	-1.429000	9.309000	0.881000	-0.474000	1.417000	-16.838000	-0.015000	-41.354000
50184.119260	-4.222000	-1.306000	9.040000	0.808000	-0.265000	1.613000	-16.838000	-0.015000	-41.354000
50184.128750	-3.916000	-1.273000	9.046000	0.534000	0.108000	1.699000	-16.838000	0.288000	-41.052000
50184.139250	-3.826000	-1.652000	9.283000	0.189000	0.324000	1.825000	-16.838000	0.288000	-41.052000
50184.148530	-3.793000	-2.316000	9.695000	-0.084000	0.726000	1.870000	-16.838000	0.288000	-41.052000
50184.158780	-3.785000	-2.950000	9.896000	-0.218000	0.963000	1.820000	-16.838000	0.288000	-40.742000
50184.170010	-3.721000	-3.619000	9.823000	-0.198000	0.955000	1.724000	-16.838000	0.607000	-40.742000
50184.178380	-3.725000	-4.306000	9.805000	-0.055000	0.746000	1.632000	-16.838000	0.607000	-40.742000
50184.189240	-3.653000	-4.789000	9.904000	0.127000	0.445000	1.566000	-16.838000	0.607000	-40.742000
50184.199280	-3.451000	-5.262000	9.987000	0.245000	0.145000	1.534000	-16.838000	0.607000	-40.386000
50184.207520	-3.301000	-5.593000	10.026000	0.263000	-0.085000	1.557000	-16.838000	1.014000	-40.386000
50184.217560	-3.218000	-5.741000	10.093000	0.184000	-0.185000	1.627000	-16.838000	1.014000	-40.386000
50184.230230	-3.364000	-6.021000	10.327000	0.008000	-0.133000	1.709000	-16.838000	1.014000	-40.386000
50184.239560	-3.656000	-6.430000	10.523000	-0.107000	0.066000	1.784000	-16.838000	1.408000	-40.020000
50184.248440	-3.709000	-6.637000	10.472000	-0.349000	0.345000	1.821000	-16.838000	1.408000	-40.020000
50184.257570	-3.544000	-6.721000	10.481000	-0.534000	0.485000	1.900000	-16.838000	2.481000	-40.020000
50184.268040	-2.990000	-6.719000	10.436000	-0.596000	0.707000	1.998000	-16.838000	3.379000	-40.020000
50184.281190	-2.400000	-6.681000	10.159000	-0.528000	0.787000	2.112000	-16.838000	4.017000	-40.020000
50184.289890	-2.070000	-6.706000	9.935000	-0.364000	0.686000	2.217000	-16.490000	4.652000	-39.669000
50184.298400	-1.978000	-6.917000	9.847000	-0.174000	0.455000	2.293000	-16.490000	4.652000	-39.669000
50184.309600	-1.982000	-7.183000	9.761000	-0.059000	0.212000	2.320000	-16.490000	5.558000	-39.669000
50184.318910	-2.118000	-7.436000	9.759000	-0.075000	0.064000	2.311000	-16.490000	5.859000	-39.669000
50184.329620	-2.304000	-7.539000	9.868000	-0.167000	0.048000	2.307000	-16.146000	6.517000	-39.669000
50184.339600	-2.455000	-7.576000	10.444000	-0.286000	0.122000	2.345000	-16.146000	7.098000	-39.669000
50184.349370	-2.365000	-7.604000	10.715000	-0.417000	0.250000	2.419000	-16.146000	7.902000	-39.669000
50184.359680	-2.074000	-7.385000	10.233000	-0.466000	0.391000	2.520000	-16.146000	8.657000	-39.669000
50184.368070	-1.890000	-7.004000	9.708000	-0.485000	0.486000	2.577000	-16.146000	9.330000	-39.669000
50184.379850	-1.927000	-6.798000	9.576000	-0.392000	0.512000	2.701000	-15.788000	9.741000	-39.669000
50184.388090	-1.969000	-6.718000	9.707000	-0.290000	0.531000	2.803000	-15.788000	10.192000	-39.355000
50184.399450	-1.913000	-6.544000	9.866000	-0.264000	0.504000	2.841000	-15.788000	10.612000	-39.355000
50184.409240	-1.741000	-6.267000	10.345000	-0.276000	0.409000	2.839000	-15.409000	11.126000	-39.355000
50184.419920	-1.392000	-6.040000	11.285000	-0.269000	0.243000	2.843000	-15.409000	11.531000	-39.355000
50184.428160	-1.134000	-6.155000	12.195000	-0.249000	0.052000	2.857000	-15.409000	12.277000	-39.355000
50184.439970	-0.940000	-6.316000	12.683000	-0.206000	-0.126000	2.883000	-14.993000	12.789000	-39.355000
50184.448180	-0.727000	-6.463000	12.608000	-0.100000	-0.278000	2.903000	-14.993000	12.789000	-39.355000
50184.461950	-0.826000	-6.775000	11.650000	0.066000	-0.358000	2.931000	-14.993000	13.618000	-39.355000
50184.468420	-1.252000	-6.803000	10.591000	0.247000	-0.335000	2.969000	-14.613000	13.618000	-39.355000
50184.479950	-1.720000	-6.515000	9.695000	0.316000	-0.188000	2.988000	-14.613000	14.181000	-39.355000
50184.488190	-2.028000	-6.082000	9.293000	0.359000	0.084000	2.996000	-14.285000	14.596000	-39.355000
50184.499570	-2.007000	-5.758000	9.497000	0.267000	0.243000	3.033000	-14.285000	14.596000	-39.355000
50184.508360	-1.706000	-5.772000	10.238000	0.070000	0.544000	3.096000	-13.867000	15.446000	-39.355000
50184.519350	-1.143000	-6.162000	11.034000	-0.161000	0.748000	3.162000	-13.272000	15.446000	-39.355000
50184.528440	-0.929000	-6.817000	11.755000	-0.326000	0.799000	3.222000	-12.487000	16.374000	-39.355000
50184.540220	-0.909000	-7.318000	11.657000	-0.315000	0.675000	3.240000	-12.005000	16.374000	-39.355000
50184.549130	-0.789000	-7.434000	11.152000	-0.089000	0.381000	3.200000	-11.705000	16.801000	-39.355000
50184.559080	-0.656000	-7.262000	10.837000	0.258000	0.002000	3.142000	-11.236000	17.193000	-39.355000
50184.571960	-0.358000	-6.996000	10.686000	0.561000	-0.338000	3.136000	-11.236000	17.193000	-39.355000
50184.579250	-0.181000	-6.876000	11.019000	0.677000	-0.536000	3.183000	-10.879000	17.704000	-39.355000
50184.591800	-0.015000	-6.795000	11.337000	0.557000	-0.552000	3.267000	-10.171000	17.704000	-39.355000
50184.599270	-0.117000	-6.889000	11.688000	0.220000	-0.359000	3.366000	-9.535000	18.537000	-39.355000
50184.609990	-0.476000	-7.138000	11.783000	-0.230000	0.005000	3.445000	-8.627000	19.097000	-39.355000
50184.620180	-1.120000	-7.662000	12.118000	-0.447000	0.451000	3.468000	-7.659000	19.677000	-39.355000
50184.628820	-1.483000	-8.341000	12.593000	-0.782000	0.663000	3.481000	-6.762000	20.559000	-39.355000
50184.642910	-1.599000	-8.747000	12.850000	-0.950000	0.970000	3.460000	-5.749000	21.246000	-39.355000
50184.648900	-1.207000	-8.669000	12.540000	-0.948000	1.080000	3.453000	-4.829000	21.835000	-39.355000
50184.668340	-0.418000	-8.218000	12.065000	-0.330000	0.666000	3.607000	-3.515000	22.247000	-39.355000
50184.681670	0.362000	-7.748000	11.669000	0.091000	0.246000	3.755000	-2.584000	22.247000	-39.355000
50184.687930	0.889000	-7.408000	11.207000	0.391000	-0.132000	3.876000	-2.108000	22.247000	-39.355000
50184.699710	1.091000	-7.375000	10.657000	0.546000	-0.369000	3.932000	-1.177000	22.247000	-39.355000
50184.708440	1.000000	-7.427000	10.343000	0.556000	-0.422000	3.932000	-0.444000	22.575000	-39.355000
50184.720220	0.647000	-7.600000	9.989000	0.497000	-0.286000	3.895000	0.836000	22.575000	-39.355000
50184.728390	0.218000	-7.955000	9.761000	0.275000	0.003000	3.874000	2.056000	22.575000	-39.355000
50184.740270	-0.116000	-8.343000	9.793000	0.016000	0.178000	3.836000	3.199000	22.575000	-39.674000
50184.749270	-0.344000	-8.833000	9.946000	-0.178000	0.510000	3.804000	3.717000	22.129000	-39.674000
50184.758970	-0.411000	-9.194000	10.076000	-0.232000	0.707000	3.776000	4.838000	22.129000	-39.674000
50184.770420	-0.305000	-9.358000	10.010000	-0.105000	0.667000	3.756000	5.355000	22.129000	-39.674000
50184.779360	-0.118000	-9.564000	9.935000	0.146000	0.405000	3.752000	6.036000	22.129000	-39.978000
50184.788060	0.202000	-9.853000	10.044000	0.380000	0.036000	3.749000	6.713000	22.129000	-39.978000
50184.799810	0.483000	-10.127000	10.548000	0.473000	-0.271000	3.761000	7.293000	22.129000	-39.978000
50184.808500	0.643000	-10.352000	10.924000	0.392000	-0.396000	3.794000	7.859000	22.129000	-40.278000
50184.822450	0.554000	-10.783000	11.085000	0.205000	-0.342000	3.827000	8.622000	22.129000	-40.278000
50184.828060	0.369000	-11.547000	11.544000	0.011000	-0.144000	3.841000	9.492000	21.156000	-40.278000
50184.841400	0.365000	-12.435000	11.985000	-0.065000	0.127000	3.840000	10.375000	20.355000	-40.650000
50184.848540	0.849000	-13.414000	11.999000	-0.136000	0.322000	3.845000	10.940000	19.389000	-40.650000
50184.859070	1.557000	-14.011000	11.336000	-0.038000	0.355000	3.881000	11.697000	18.254000	-40.959000
50184.870240	2.200000	-13.940000	10.262000	0.218000	0.306000	3.949000	11.697000	17.445000	-40.959000
50184.880430	2.546000	-13.315000	9.586000	0.506000	0.182000	4.032000	12.426000	16.297000	-40.959000
50184.888670	2.763000	-12.361000	9.605000	0.645000	0.078000	4.094000	13.163000	15.390000	-41.372000
50184.899930	2.722000	-11.562000	10.491000	0.543000	0.058000	4.119000	13.798000	14.334000	-41.372000
50184.908690	2.675000	-11.153000	11.794000	0.284000	0.094000	4.096000	13.798000	13.555000	-41.372000
50184.920440	2.536000	-11.395000	12.711000	0.036000	0.136000	4.022000	14.224000	12.802000	-41.725000
50184.929260	2.429000	-12.201000	13.081000	-0.048000	0.119000	3.928000	14.224000	11.599000	-41.725000
50184.940460	2.630000	-12.868000	13.255000	0.069000	0.026000	3.835000	14.546000	10.868000	-41.725000
50184.950100	3.117000	-13.132000	13.184000	0.317000	-0.108000	3.791000	14.546000	9.674000	-41.725000
50184.958560	3.685000	-12.990000	12.570000	0.462000	-0.255000	3.827000	14.546000	8.375000	-42.137000
50184.970310	4.076000	-12.480000	11.858000	0.758000	-0.385000	3.864000	14.546000	7.440000	-42.137000
50184.980530	4.398000	-11.742000	11.568000	0.991000	-0.423000	3.953000	14.546000	5.970000	-42.137000
50184.989170	4.625000	-11.028000	11.611000	1.037000	-0.389000	4.034000	14.895000	4.479000	-42.137000
50185.003300	4.445000	-10.668000	11.750000	0.882000	-0.201000	4.100000	14.895000	4.034000	-42.536000
50185.008270	3.984000	-10.581000	11.687000	0.636000	0.095000	4.116000	14.895000	3.132000	-42.536000
50185.021390	3.466000	-10.833000	11.720000	0.425000	0.426000	4.061000	14.895000	2.326000	-42.536000
50185.028780	2.907000	-11.352000	11.879000	0.331000	0.684000	3.972000	14.895000	1.062000	-42.536000
50185.039610	2.468000	-11.822000	11.618000	0.361000	0.794000	3.894000	14.895000	-0.228000	-42.536000
50185.048310	2.515000	-11.981000	10.954000	0.491000	0.758000	3.863000	14.895000	-0.930000	-42.845000
50185.059270	3.238000	-11.557000	10.658000	0.662000	0.668000	3.915000	14.895000	-2.207000	-42.845000
50185.071350	4.153000	-10.786000	10.252000	0.791000	0.610000	4.048000	15.339000	-3.187000	-42.845000
50185.080410	4.932000	-9.972000	9.808000	0.822000	0.592000	4.201000	15.339000	-4.368000	-42.845000
50185.089260	5.254000	-9.072000	9.635000	0.801000	0.645000	4.253000	15.707000	-5.647000	-42.845000
50185.100430	4.980000	-8.523000	9.514000	0.669000	0.712000	4.275000	15.707000	-6.353000	-42.845000
50185.108920	4.402000	-8.349000	9.189000	0.459000	0.900000	4.193000	15.707000	-6.964000	-42.845000
50185.121120	3.529000	-8.544000	9.094000	0.255000	1.075000	4.025000	16.098000	-7.759000	-42.845000
50185.131780	2.935000	-8.997000	9.867000	0.093000	1.195000	3.822000	16.098000	-8.248000	-42.845000
50185.139340	2.625000	-9.610000	11.019000	-0.060000	1.252000	3.654000	16.098000	-8.656000	-42.845000
50185.150330	2.629000	-9.944000	11.462000	-0.181000	1.219000	3.552000	16.409000	-9.432000	-42.845000
50185.159240	2.855000	-9.720000	11.308000	-0.155000	1.104000	3.532000	16.409000	-10.034000	-42.845000
50185.171910	3.030000	-9.377000	11.058000	0.020000	0.955000	3.580000	16.409000	-10.903000	-42.497000
50185.181670	3.126000	-9.014000	10.979000	0.174000	0.834000	3.651000	16.409000	-11.773000	-42.497000
50185.189790	3.086000	-8.695000	11.066000	0.170000	0.805000	3.710000	16.409000	-11.773000	-42.497000
50185.198880	2.938000	-8.430000	11.001000	0.117000	0.891000	3.739000	16.409000	-12.966000	-42.126000
50185.209990	2.867000	-8.249000	10.670000	-0.024000	1.046000	3.743000	16.409000	-13.539000	-42.126000
50185.219790	2.779000	-8.010000	10.352000	-0.160000	1.129000	3.735000	16.409000	-14.114000	-42.126000
50185.228490	2.836000	-7.674000	9.958000	-0.247000	1.283000	3.721000	16.409000	-14.114000	-41.712000
50185.238500	2.918000	-7.287000	10.083000	-0.267000	1.370000	3.717000	16.409000	-14.990000	-41.712000
50185.248470	3.088000	-6.981000	10.653000	-0.247000	1.330000	3.710000	16.409000	-15.476000	-41.712000
50185.258420	3.296000	-6.637000	11.012000	-0.210000	1.195000	3.691000	16.409000	-16.049000	-41.328000
50185.268310	3.393000	-6.363000	11.333000	-0.128000	0.979000	3.658000	16.409000	-16.427000	-41.328000
50185.278290	3.548000	-6.279000	11.751000	-0.010000	0.709000	3.607000	16.409000	-16.928000	-41.328000
50185.288330	3.691000	-6.208000	12.124000	0.055000	0.505000	3.558000	15.940000	-17.709000	-40.956000
50185.298490	3.923000	-6.254000	12.100000	0.016000	0.441000	3.533000	15.286000	-18.209000	-40.956000
50185.309300	4.085000	-6.396000	11.884000	-0.084000	0.534000	3.525000	14.665000	-18.209000	-40.956000
50185.321350	3.895000	-6.746000	11.615000	-0.135000	0.751000	3.518000	14.062000	-18.682000	-40.956000
50185.329500	3.463000	-7.120000	11.271000	-0.219000	0.993000	3.508000	13.481000	-18.682000	-40.544000
50185.341430	3.358000	-7.065000	10.936000	-0.261000	1.085000	3.468000	13.481000	-19.342000	-40.544000
50185.351500	3.658000	-6.421000	10.720000	-0.242000	1.172000	3.425000	12.872000	-19.982000	-40.544000
50185.362550	3.989000	-5.536000	10.621000	-0.182000	1.127000	3.431000	12.255000	-20.454000	-40.208000
50185.371670	4.162000	-4.779000	10.508000	-0.136000	1.010000	3.482000	11.853000	-20.454000	-40.208000
50185.379030	4.201000	-4.216000	10.389000	-0.152000	0.884000	3.509000	11.225000	-20.884000	-40.208000
50185.391390	4.041000	-4.186000	10.545000	-0.236000	0.786000	3.472000	10.667000	-20.884000	-40.208000
50185.401890	3.423000	-4.772000	11.314000	-0.353000	0.752000	3.378000	10.180000	-20.884000	-39.869000
50185.410580	2.687000	-5.333000	12.063000	-0.457000	0.739000	3.244000	9.474000	-21.223000	-39.869000
50185.421330	2.266000	-5.569000	12.204000	-0.480000	0.675000	3.097000	9.001000	-21.223000	-39.869000
50185.430450	2.138000	-5.368000	12.149000	-0.399000	0.521000	3.022000	8.375000	-21.633000	-39.869000
50185.440160	2.338000	-4.934000	12.075000	-0.345000	0.370000	3.066000	7.589000	-21.633000	-39.869000
50185.449220	2.724000	-4.319000	11.986000	-0.283000	0.338000	3.127000	7.034000	-21.633000	-39.869000
50185.460240	3.059000	-3.849000	11.766000	-0.306000	0.365000	3.274000	6.478000	-21.633000	-39.869000
50185.470950	3.184000	-3.782000	11.404000	-0.372000	0.472000	3.399000	5.757000	-21.633000	-39.869000
50185.480530	3.037000	-4.062000	11.307000	-0.398000	0.588000	3.452000	5.296000	-21.633000	-39.869000
50185.491820	2.981000	-4.380000	11.548000	-0.371000	0.630000	3.408000	4.393000	-21.633000	-39.869000
50185.500090	2.953000	-4.454000	11.982000	-0.319000	0.568000	3.309000	3.895000	-21.936000	-39.869000
50185.511480	3.004000	-4.339000	12.383000	-0.257000	0.422000	3.233000	2.732000	-21.936000	-39.869000
50185.520020	2.816000	-4.138000	12.718000	-0.168000	0.244000	3.201000	2.174000	-21.936000	-39.869000
50185.531950	2.541000	-3.844000	12.218000	-0.049000	0.096000	3.196000	1.161000	-22.245000	-39.535000
50185.542360	2.130000	-3.683000	11.181000	0.102000	0.023000	3.195000	0.714000	-22.245000	-39.535000
50185.550690	1.724000	-3.757000	10.218000	0.280000	0.034000	3.195000	-0.123000	-22.572000	-39.535000
50185.560180	1.436000	-3.894000	9.617000	0.353000	0.130000	3.185000	-0.819000	-22.572000	-39.535000
50185.571050	1.621000	-3.733000	9.213000	0.411000	0.283000	3.179000	-1.824000	-22.572000	-39.535000
50185.579160	1.874000	-3.437000	9.036000	0.354000	0.355000	3.194000	-2.182000	-22.949000	-39.535000
50185.590670	2.039000	-3.298000	9.155000	0.239000	0.472000	3.243000	-2.890000	-22.949000	-39.535000
50185.599270	1.948000	-3.732000	10.006000	0.114000	0.549000	3.269000	-3.585000	-22.949000	-39.535000
50185.610540	1.632000	-4.568000	11.015000	0.003000	0.576000	3.229000	-4.566000	-23.257000	-39.163000
50185.619540	1.134000	-5.307000	12.164000	-0.053000	0.526000	3.111000	-5.091000	-23.257000	-39.163000
50185.630250	0.651000	-5.996000	13.299000	0.012000	0.327000	2.958000	-6.269000	-23.257000	-39.163000
50185.641420	0.530000	-6.273000	14.090000	0.178000	-0.024000	2.836000	-7.456000	-23.257000	-39.163000
50185.649750	0.693000	-6.260000	13.992000	0.398000	-0.409000	2.796000	-8.273000	-23.257000	-39.163000
50185.662810	1.091000	-5.948000	13.340000	0.652000	-0.688000	2.865000	-9.288000	-23.558000	-38.774000
50185.670780	1.430000	-5.579000	12.130000	0.856000	-0.729000	3.018000	-9.713000	-23.558000	-38.774000
50185.681460	1.557000	-5.259000	10.701000	0.911000	-0.483000	3.196000	-10.597000	-23.558000	-38.774000
50185.690250	1.657000	-5.077000	9.378000	0.928000	-0.035000	3.275000	-11.686000	-23.558000	-38.360000
50185.699830	1.677000	-4.991000	8.304000	0.828000	0.222000	3.382000	-11.686000	-23.558000	-38.360000
50185.710600	1.564000	-4.969000	7.828000	0.641000	0.723000	3.420000	-12.342000	-23.558000	-38.360000
50185.723240	1.117000	-5.323000	8.697000	0.431000	1.104000	3.387000	-12.721000	-23.558000	-38.032000
50185.729250	0.524000	-5.820000	9.982000	0.213000	1.284000	3.291000	-13.217000	-23.558000	-38.032000
50185.740420	0.051000	-6.346000	10.709000	0.028000	1.270000	3.143000	-13.876000	-23.558000	-38.032000
50185.750310	-0.113000	-6.475000	10.867000	0.009000	1.056000	2.977000	-14.746000	-23.558000	-38.032000
50185.761440	0.167000	-6.442000	10.842000	0.187000	0.662000	2.875000	-15.419000	-23.558000	-37.690000
50185.770360	0.722000	-6.159000	10.894000	0.393000	0.252000	2.879000	-16.184000	-23.231000	-37.690000
50185.781400	1.269000	-5.895000	10.779000	0.450000	-0.003000	2.968000	-16.767000	-23.231000	-37.690000
50185.790770	1.589000	-5.627000	10.126000	0.332000	-0.029000	3.082000	-17.410000	-22.741000	-37.690000
50185.799930	1.616000	-5.473000	9.377000	0.239000	0.161000	3.158000	-17.886000	-21.672000	-37.690000
50185.811460	1.285000	-5.728000	9.094000	0.047000	0.483000	3.176000	-18.536000	-20.573000	-37.690000
50185.819030	0.980000	-6.242000	9.547000	-0.166000	0.656000	3.157000	-18.902000	-19.479000	-37.690000
50185.831510	0.719000	-6.729000	10.688000	-0.429000	0.952000	3.068000	-19.465000	-18.447000	-37.690000
50185.839230	0.527000	-7.222000	12.249000	-0.717000	1.118000	2.964000	-19.465000	-17.115000	-38.429000
50185.850400	0.494000	-7.397000	13.145000	-0.923000	1.145000	2.893000	-20.111000	-16.049000	-39.884000
50185.861450	0.679000	-7.089000	13.023000	-0.914000	1.015000	2.867000	-20.933000	-14.950000	-40.852000
50185.870420	1.171000	-6.407000	12.289000	-0.633000	0.734000	2.884000	-20.933000	-14.430000	-40.852000
50185.881410	1.657000	-5.866000	11.454000	-0.158000	0.388000	2.948000	-21.690000	-13.580000	-41.755000
50185.890290	2.195000	-5.416000	10.554000	0.260000	0.096000	3.034000	-21.690000	-12.457000	-42.674000
50185.904020	2.303000	-5.108000	9.904000	0.405000	-0.013000	3.092000	-21.690000	-12.060000	-43.408000
50185.909580	2.127000	-5.297000	9.540000	0.257000	0.131000	3.108000	-21.690000	-10.934000	-44.313000
50185.920840	1.800000	-5.519000	9.921000	0.104000	0.499000	3.066000	-21.690000	-9.632000	-45.079000
50185.930600	1.331000	-5.624000	10.617000	-0.270000	0.942000	3.022000	-21.104000	-8.578000	-45.704000
50185.939240	0.848000	-5.840000	11.384000	-0.606000	1.124000	2.906000	-20.469000	-7.339000	-45.704000
50185.951140	0.390000	-6.185000	12.201000	-0.792000	1.293000	2.788000	-20.112000	-6.764000	-46.490000
50185.959900	0.099000	-6.299000	12.297000	-0.769000	1.180000	2.684000	-20.112000	-5.375000	-46.490000
50185.971530	0.019000	-6.132000	11.535000	-0.551000	0.879000	2.607000	-20.112000	-4.823000	-46.490000
50185.979190	0.202000	-5.963000	10.834000	-0.207000	0.502000	2.583000	-20.112000	-4.496000	-46.490000
50185.989260	0.600000	-5.677000	10.211000	0.150000	0.170000	2.621000	-20.112000	-4.167000	-46.490000
50185.999240	1.117000	-5.267000	9.485000	0.339000	0.002000	2.695000	-20.112000	-3.482000	-46.151000
50186.009250	1.390000	-5.020000	9.190000	0.302000	0.023000	2.785000	-20.112000	-2.864000	-46.151000
50186.019040	1.197000	-5.077000	9.633000	0.104000	0.212000	2.865000	-19.082000	-2.462000	-44.979000
50186.029970	0.758000	-5.321000	10.120000	-0.202000	0.515000	2.866000	-18.444000	-1.861000	-44.979000
50186.039890	0.104000	-5.691000	10.677000	-0.361000	0.780000	2.780000	-17.933000	-0.823000	-44.979000
50186.050970	-0.549000	-6.166000	11.277000	-0.586000	0.863000	2.724000	-17.506000	-0.241000	-44.979000
50186.062650	-0.754000	-6.354000	11.538000	-0.638000	0.832000	2.614000	-17.141000	0.534000	-44.979000
50186.072450	-0.438000	-5.981000	11.291000	-0.566000	0.677000	2.550000	-16.827000	0.534000	-44.979000
50186.084380	0.176000	-5.299000	10.767000	-0.402000	0.457000	2.590000	-16.827000	0.923000	-44.667000
50186.091950	0.727000	-4.821000	10.199000	-0.178000	0.248000	2.739000	-16.827000	1.362000	-43.678000
50186.101040	1.044000	-4.514000	9.774000	0.036000	0.109000	2.899000	-17.196000	1.699000	-43.124000
50186.112700	1.228000	-4.251000	9.555000	0.161000	0.042000	2.986000	-17.196000	1.699000	-43.124000
50186.120580	1.121000	-4.247000	9.489000	0.165000	0.063000	2.998000	-17.196000	2.040000	-42.034000
50186.129120	0.857000	-4.434000	9.718000	0.052000	0.159000	2.954000	-17.196000	2.575000	-42.034000
50186.141360	0.633000	-4.688000	10.178000	-0.128000	0.315000	2.863000	-17.196000	3.189000	-41.720000
50186.151000	0.293000	-5.347000	10.995000	-0.301000	0.483000	2.768000	-17.196000	3.543000	-41.720000
50186.160310	0.056000	-5.754000	11.297000	-0.368000	0.589000	2.695000	-17.196000	4.115000	-41.720000
50186.171230	0.109000	-5.640000	10.719000	-0.431000	0.615000	2.665000	-16.735000	4.510000	-41.308000
50186.181610	0.224000	-5.434000	10.028000	-0.350000	0.596000	2.635000	-16.735000	5.148000	-41.308000
50186.190430	0.324000	-5.164000	9.738000	-0.143000	0.508000	2.669000	-16.392000	5.148000	-41.308000
50186.201050	0.572000	-4.773000	9.959000	0.033000	0.422000	2.733000	-16.392000	5.673000	-41.308000
50186.211670	0.796000	-4.471000	10.611000	0.024000	0.395000	2.775000	-16.076000	6.214000	-41.308000
50186.221650	0.967000	-4.286000	10.965000	-0.114000	0.435000	2.805000	-16.076000	6.919000	-41.308000
50186.230070	1.205000	-4.163000	11.106000	-0.249000	0.494000	2.815000	-16.076000	6.919000	-41.308000
50186.240480	1.283000	-4.296000	11.276000	-0.297000	0.511000	2.777000	-16.076000	7.798000	-41.308000
50186.251280	1.458000	-4.617000	11.367000	-0.238000	0.455000	2.711000	-15.693000	8.410000	-41.308000
50186.262090	1.653000	-4.894000	11.606000	-0.154000	0.364000	2.643000	-15.693000	8.877000	-40.931000
50186.271760	1.579000	-5.216000	11.496000	-0.094000	0.280000	2.589000	-15.693000	9.304000	-40.931000
50186.279820	1.465000	-5.335000	10.757000	-0.059000	0.242000	2.569000	-15.693000	9.814000	-40.617000
50186.292390	1.247000	-5.127000	9.910000	-0.050000	0.304000	2.571000	-15.336000	9.814000	-40.617000
50186.301150	1.088000	-4.770000	9.370000	-0.068000	0.381000	2.611000	-15.336000	10.688000	-40.617000
50186.310640	0.973000	-4.310000	8.979000	-0.174000	0.638000	2.691000	-14.981000	11.207000	-40.617000
50186.320340	0.704000	-3.970000	8.864000	-0.377000	0.980000	2.772000	-14.981000	11.949000	-40.617000
50186.330350	0.448000	-3.943000	9.145000	-0.589000	1.273000	2.820000	-13.821000	12.838000	-40.313000
50186.340390	0.268000	-3.884000	9.626000	-0.734000	1.404000	2.823000	-12.936000	13.562000	-40.313000
50186.352300	0.413000	-3.744000	9.974000	-0.801000	1.321000	2.778000	-12.284000	14.015000	-40.313000
50186.362890	0.470000	-3.764000	10.233000	-0.774000	1.039000	2.734000	-11.732000	14.561000	-40.313000
50186.371460	0.606000	-4.105000	10.746000	-0.683000	0.651000	2.730000	-11.387000	14.999000	-40.313000
50186.383760	1.009000	-4.131000	11.373000	-0.608000	0.280000	2.747000	-10.935000	16.152000	-40.313000
50186.402370	1.460000	-3.958000	11.767000	-0.699000	-0.119000	2.866000	-10.140000	17.228000	-40.313000
50186.411320	1.841000	-3.724000	11.860000	-0.758000	-0.088000	2.929000	-9.744000	17.933000	-40.313000
50186.421510	2.166000	-3.247000	11.756000	-0.878000	-0.013000	3.047000	-9.034000	18.847000	-40.313000
50186.431400	2.269000	-2.945000	11.256000	-0.943000	0.194000	3.125000	-9.034000	19.464000	-40.313000
50186.442900	1.878000	-3.037000	10.566000	-0.925000	0.367000	3.140000	-8.247000	19.934000	-40.313000
50186.449650	1.421000	-3.468000	10.081000	-0.831000	0.426000	3.080000	-7.794000	20.745000	-40.313000
50186.460880	0.940000	-4.031000	9.923000	-0.681000	0.348000	2.967000	-7.794000	21.630000	-40.313000
50186.471500	0.679000	-4.638000	9.958000	-0.524000	0.126000	2.855000	-7.287000	21.630000	-40.313000
50186.481600	0.576000	-5.068000	10.285000	-0.414000	-0.183000	2.795000	-7.287000	22.210000	-39.987000
50186.493010	0.736000	-5.089000	10.980000	-0.363000	-0.452000	2.823000	-6.828000	22.210000	-39.987000
50186.502410	0.790000	-5.164000	12.185000	-0.346000	-0.589000	2.931000	-6.248000	22.761000	-39.987000
50186.511600	0.905000	-5.107000	12.675000	-0.272000	-0.599000	3.062000	-5.792000	22.761000	-39.987000
50186.523070	0.997000	-5.012000	12.136000	-0.167000	-0.590000	3.160000	-5.792000	22.761000	-39.987000
50186.532290	1.212000	-4.722000	10.865000	0.205000	-0.648000	3.194000	-5.293000	23.283000	-39.624000
50186.541960	1.413000	-4.739000	9.822000	0.630000	-0.679000	3.249000	-4.579000	23.283000	-39.624000
50186.551390	1.687000	-4.915000	9.046000	0.855000	-0.655000	3.286000	-4.579000	23.283000	-39.624000
50186.561650	2.009000	-4.982000	8.274000	0.780000	-0.469000	3.302000	-3.306000	23.283000	-39.624000
50186.570530	2.402000	-4.646000	7.845000	0.533000	-0.184000	3.310000	-2.407000	23.283000	-39.624000
50186.579740	2.286000	-4.298000	8.238000	0.270000	0.110000	3.289000	-1.814000	23.283000	-39.274000
50186.589630	1.503000	-4.950000	9.661000	0.059000	0.314000	3.189000	-1.411000	23.283000	-39.274000
50186.599640	0.496000	-5.918000	11.408000	-0.054000	0.305000	2.983000	-1.411000	23.283000	-39.274000
50186.609710	-0.193000	-6.656000	12.448000	-0.016000	0.059000	2.740000	-0.701000	23.283000	-39.274000
50186.621890	-0.279000	-7.169000	12.318000	0.206000	-0.324000	2.600000	-0.192000	23.283000	-39.274000
50186.629610	0.111000	-7.448000	11.735000	0.508000	-0.687000	2.623000	-0.192000	23.283000	-39.274000
50186.639650	0.715000	-7.154000	11.049000	0.626000	-0.852000	2.762000	0.602000	23.283000	-39.274000
50186.652650	1.343000	-6.582000	10.065000	0.712000	-0.759000	2.851000	1.298000	23.283000	-39.274000
50186.661800	1.722000	-5.868000	9.578000	0.607000	-0.636000	3.026000	2.056000	23.283000	-39.274000
50186.672270	1.848000	-5.316000	9.689000	0.359000	-0.278000	3.137000	3.279000	23.283000	-39.274000
50186.680300	1.607000	-5.343000	9.905000	0.042000	0.136000	3.140000	3.677000	23.283000	-39.274000
50186.692020	1.097000	-5.960000	10.222000	-0.208000	0.409000	3.037000	4.283000	23.283000	-39.274000
50186.702550	0.497000	-6.922000	11.088000	-0.318000	0.438000	2.864000	4.283000	23.283000	-39.627000
50186.712620	0.090000	-7.838000	12.035000	-0.320000	0.288000	2.681000	5.322000	23.283000	-39.627000
50186.723180	0.160000	-8.411000	12.465000	-0.238000	0.035000	2.569000	5.726000	23.283000	-39.627000
50186.730260	0.633000	-8.542000	12.177000	-0.053000	-0.228000	2.566000	6.040000	23.283000	-39.627000
50186.741640	1.463000	-8.058000	11.609000	0.233000	-0.409000	2.662000	6.040000	23.283000	-40.039000
50186.751340	2.152000	-7.450000	11.226000	0.465000	-0.522000	2.808000	6.596000	23.283000	-40.039000
50186.762090	2.239000	-7.019000	11.239000	0.504000	-0.502000	2.917000	7.142000	22.875000	-40.039000
50186.772250	1.662000	-7.029000	11.327000	0.406000	-0.286000	2.942000	7.977000	22.875000	-40.347000
50186.781920	1.119000	-7.158000	11.100000	0.178000	-0.126000	2.924000	8.476000	21.844000	-40.347000
50186.791380	0.780000	-7.231000	10.912000	-0.017000	0.207000	2.854000	9.158000	21.394000	-40.347000
50186.802090	0.717000	-7.177000	11.059000	-0.108000	0.469000	2.811000	10.113000	20.991000	-40.702000
50186.811950	0.794000	-6.981000	11.156000	-0.119000	0.609000	2.822000	10.618000	20.466000	-40.702000
50186.821900	0.901000	-6.778000	10.646000	-0.086000	0.632000	2.873000	11.296000	20.077000	-40.702000
50186.832220	1.116000	-6.427000	9.700000	0.033000	0.600000	2.925000	11.764000	19.313000	-40.702000
50186.841460	1.459000	-6.047000	9.122000	0.210000	0.540000	2.968000	12.414000	18.466000	-41.012000
50186.851560	1.800000	-5.543000	8.875000	0.319000	0.486000	3.017000	13.092000	17.936000	-41.012000
50186.861660	2.249000	-4.913000	8.726000	0.275000	0.466000	3.058000	13.406000	17.178000	-41.012000
50186.871060	2.463000	-4.572000	8.695000	0.120000	0.486000	3.067000	14.097000	16.673000	-41.012000
50186.880070	2.236000	-4.524000	8.645000	0.026000	0.568000	3.014000	14.672000	15.731000	-41.012000
50186.892330	1.716000	-4.899000	8.966000	-0.178000	0.671000	2.961000	15.278000	15.246000	-41.012000
50186.900090	0.889000	-5.746000	10.507000	-0.380000	0.711000	2.822000	15.278000	15.246000	-41.012000
50186.912450	0.206000	-6.658000	11.684000	-0.537000	0.755000	2.659000	16.017000	14.645000	-41.012000
50186.922670	-0.181000	-7.175000	11.731000	-0.555000	0.696000	2.496000	16.017000	14.237000	-41.313000
50186.932190	-0.091000	-7.339000	11.506000	-0.323000	0.454000	2.407000	16.423000	13.600000	-41.313000
50186.942080	0.469000	-7.116000	11.571000	0.061000	0.101000	2.434000	16.423000	13.098000	-41.313000
50186.950130	0.983000	-6.691000	11.639000	0.343000	-0.220000	2.545000	16.423000	12.429000	-41.313000
50186.961460	1.331000	-6.372000	11.431000	0.402000	-0.390000	2.702000	16.423000	11.567000	-41.313000
50186.971470	1.601000	-5.954000	10.949000	0.335000	-0.330000	2.842000	16.857000	10.940000	-41.313000
50186.985870	1.742000	-5.582000	10.318000	0.235000	-0.071000	2.928000	17.369000	10.350000	-41.313000
50186.990240	1.748000	-5.225000	9.789000	0.162000	0.248000	2.957000	17.369000	9.387000	-41.313000
50187.001530	1.726000	-4.894000	9.478000	0.147000	0.485000	2.937000	17.369000	8.853000	-41.313000
50187.011660	1.721000	-4.623000	9.298000	0.137000	0.589000	2.917000	17.915000	7.997000	-41.313000
50187.022740	1.599000	-4.636000	9.455000	0.125000	0.597000	2.863000	17.915000	7.205000	-41.313000
50187.031770	1.266000	-4.961000	9.559000	0.103000	0.567000	2.803000	17.915000	6.582000	-41.313000
50187.042760	0.860000	-5.122000	9.275000	0.091000	0.510000	2.739000	17.915000	5.877000	-41.313000
50187.050450	0.654000	-5.168000	8.926000	0.107000	0.426000	2.680000	17.915000	5.259000	-41.313000
50187.061370	0.599000	-5.029000	8.729000	0.125000	0.365000	2.657000	17.915000	4.724000	-41.313000
50187.071690	0.781000	-4.459000	8.861000	0.110000	0.351000	2.670000	18.264000	4.132000	-41.625000
50187.082830	0.941000	-4.008000	9.003000	0.040000	0.352000	2.702000	18.264000	3.352000	-41.625000
50187.092130	0.924000	-3.679000	9.041000	-0.038000	0.352000	2.734000	18.264000	2.635000	-41.625000
50187.100340	0.757000	-3.559000	9.221000	-0.084000	0.319000	2.732000	18.264000	2.029000	-41.625000
50187.112820	0.537000	-3.718000	9.703000	-0.123000	0.266000	2.701000	18.695000	2.029000	-41.625000
50187.120850	0.250000	-4.044000	10.235000	-0.147000	0.235000	2.664000	18.695000	1.487000	-41.625000
50187.132630	0.127000	-4.312000	10.398000	-0.177000	0.209000	2.647000	18.998000	0.564000	-41.625000
50187.140320	0.331000	-4.430000	10.054000	-0.125000	0.187000	2.634000	18.998000	-0.283000	-41.625000
50187.150940	0.801000	-4.474000	9.436000	0.030000	0.106000	2.660000	18.998000	-0.283000	-41.625000
50187.166630	1.502000	-4.433000	9.040000	0.208000	-0.012000	2.719000	19.400000	-1.539000	-41.625000
50187.170320	2.142000	-4.275000	8.802000	0.298000	-0.099000	2.804000	19.400000	-2.159000	-41.625000
50187.181490	2.278000	-4.117000	8.803000	0.243000	-0.104000	2.877000	19.400000	-2.470000	-41.625000
50187.191900	1.719000	-4.182000	8.971000	0.068000	-0.018000	2.886000	19.400000	-3.149000	-41.625000
50187.201480	0.871000	-4.461000	9.279000	-0.162000	0.126000	2.822000	19.400000	-3.456000	-41.625000
50187.211910	0.257000	-4.791000	10.104000	-0.363000	0.257000	2.709000	19.400000	-3.865000	-41.625000
50187.222930	0.070000	-5.003000	11.609000	-0.489000	0.304000	2.614000	19.400000	-4.443000	-41.625000
50187.231900	0.351000	-4.720000	12.701000	-0.545000	0.239000	2.607000	19.400000	-4.840000	-41.625000
50187.242980	0.828000	-4.237000	12.605000	-0.532000	0.080000	2.684000	19.400000	-5.180000	-41.931000
50187.251470	1.207000	-3.883000	11.932000	-0.375000	-0.137000	2.744000	19.400000	-5.496000	-41.931000
50187.262020	1.455000	-3.539000	11.590000	-0.099000	-0.231000	2.881000	19.400000	-6.138000	-41.931000
50187.271450	1.599000	-3.220000	11.359000	0.094000	-0.297000	2.998000	19.096000	-6.614000	-41.931000
50187.283020	1.572000	-3.030000	11.202000	0.066000	-0.179000	3.086000	19.096000	-7.099000	-41.931000
50187.292540	1.179000	-2.966000	10.832000	-0.082000	0.066000	3.139000	18.788000	-7.754000	-41.931000
50187.301640	0.791000	-3.043000	10.411000	-0.217000	0.367000	3.145000	18.788000	-7.754000	-41.931000
50187.312930	0.702000	-3.103000	10.708000	-0.312000	0.599000	3.115000	18.788000	-8.193000	-41.931000
50187.321990	0.822000	-3.300000	11.477000	-0.393000	0.729000	3.085000	18.327000	-8.967000	-41.931000
50187.331120	0.745000	-3.803000	12.202000	-0.432000	0.754000	3.091000	18.327000	-8.967000	-41.931000
50187.346650	0.508000	-4.217000	12.200000	-0.350000	0.615000	3.081000	17.938000	-9.503000	-41.931000
50187.350400	0.425000	-4.563000	11.474000	-0.092000	0.347000	3.035000	17.938000	-10.044000	-41.931000
50187.360630	0.369000	-4.785000	10.831000	0.086000	0.030000	3.005000	17.390000	-11.125000	-41.931000
50187.370670	0.296000	-4.831000	10.420000	0.412000	-0.110000	3.009000	16.697000	-11.524000	-41.931000
50187.380620	0.330000	-4.788000	10.256000	0.538000	-0.252000	3.059000	16.139000	-12.229000	-41.931000
50187.390720	0.468000	-4.801000	10.126000	0.447000	-0.182000	3.136000	15.650000	-12.687000	-41.931000
50187.400360	0.628000	-4.827000	9.700000	0.275000	0.046000	3.216000	15.115000	-13.226000	-41.931000
50187.410340	0.628000	-4.936000	9.117000	0.162000	0.306000	3.286000	14.808000	-13.844000	-41.931000
50187.420380	0.600000	-5.309000	8.739000	0.170000	0.446000	3.320000	14.050000	-14.573000	-41.931000
50187.430420	0.791000	-5.713000	8.831000	0.246000	0.424000	3.308000	13.560000	-14.930000	-41.931000
50187.440400	0.979000	-5.975000	9.387000	0.301000	0.297000	3.269000	12.440000	-15.838000	-41.931000
50187.453430	1.142000	-6.258000	10.340000	0.319000	0.102000	3.226000	11.892000	-15.838000	-41.931000
50187.463070	1.394000	-6.500000	11.354000	0.322000	-0.146000	3.187000	10.626000	-16.638000	-41.931000
50187.472080	1.646000	-6.711000	12.237000	0.309000	-0.407000	3.155000	10.227000	-16.993000	-41.931000
50187.482730	1.763000	-6.919000	12.537000	0.305000	-0.614000	3.131000	9.252000	-17.437000	-41.931000
50187.493870	1.776000	-7.058000	12.195000	0.320000	-0.723000	3.124000	8.168000	-17.964000	-41.931000
50187.503330	1.790000	-7.135000	11.416000	0.373000	-0.734000	3.116000	7.646000	-18.475000	-41.931000
50187.512630	1.700000	-7.130000	10.549000	0.459000	-0.659000	3.122000	6.986000	-18.902000	-41.931000
50187.524930	1.721000	-7.027000	9.976000	0.545000	-0.469000	3.144000	6.047000	-19.331000	-41.931000
50187.533080	1.906000	-6.876000	9.877000	0.560000	-0.236000	3.169000	5.294000	-19.645000	-41.931000
50187.542630	2.126000	-6.779000	9.843000	0.494000	-0.021000	3.185000	5.294000	-20.195000	-41.931000
50187.554440	2.253000	-6.728000	9.834000	0.384000	0.124000	3.192000	4.496000	-20.195000	-41.931000
50187.561860	2.392000	-6.750000	10.012000	0.280000	0.191000	3.178000	3.692000	-20.195000	-41.574000
50187.571560	2.486000	-6.971000	10.532000	0.217000	0.181000	3.136000	2.874000	-20.693000	-41.574000
50187.580870	2.467000	-7.348000	11.376000	0.171000	0.108000	3.077000	2.259000	-20.693000	-41.574000
50187.592960	2.207000	-7.718000	11.858000	0.156000	0.012000	2.991000	1.466000	-20.693000	-41.574000
50187.601780	2.177000	-7.939000	11.637000	0.168000	-0.093000	2.889000	0.762000	-20.693000	-41.151000
50187.612850	2.288000	-7.686000	11.094000	0.246000	-0.166000	2.844000	0.242000	-21.191000	-41.151000
50187.621670	2.551000	-7.096000	10.801000	0.383000	-0.183000	2.799000	-0.550000	-21.191000	-41.151000
50187.632900	2.622000	-6.495000	10.709000	0.501000	-0.175000	2.826000	-0.971000	-21.191000	-40.824000
50187.642550	2.497000	-5.900000	10.563000	0.507000	-0.089000	2.889000	-1.635000	-21.191000	-40.824000
50187.652100	2.203000	-5.590000	10.251000	0.398000	0.081000	2.932000	-2.055000	-21.191000	-40.824000
50187.662050	1.867000	-5.425000	9.819000	0.258000	0.315000	2.946000	-2.647000	-21.191000	-40.362000
50187.670720	1.803000	-5.306000	8.971000	0.160000	0.567000	2.934000	-3.047000	-21.191000	-40.362000
50187.681790	1.694000	-5.310000	8.145000	0.140000	0.757000	2.899000	-3.047000	-21.191000	-40.362000
50187.692410	1.557000	-5.421000	7.849000	0.170000	0.855000	2.870000	-3.848000	-21.191000	-39.978000
50187.707120	1.529000	-5.515000	7.933000	0.174000	0.869000	2.830000	-3.848000	-21.626000	-39.978000
50187.710790	1.653000	-5.508000	8.559000	0.119000	0.810000	2.783000	-4.344000	-21.626000	-39.978000
50187.723240	1.791000	-5.370000	9.333000	0.081000	0.660000	2.751000	-5.415000	-21.626000	-39.562000
50187.732300	1.730000	-5.202000	9.848000	0.002000	0.564000	2.743000	-5.920000	-21.626000	-39.562000
50187.743160	1.526000	-5.121000	10.145000	-0.072000	0.364000	2.729000	-6.283000	-21.960000	-39.562000
50187.751710	1.235000	-5.078000	10.304000	-0.113000	0.178000	2.713000	-7.017000	-21.960000	-39.234000
50187.763210	1.000000	-5.102000	10.441000	-0.134000	0.075000	2.696000	-7.400000	-21.960000	-39.234000
50187.771700	0.782000	-5.312000	10.513000	-0.180000	0.089000	2.696000	-7.783000	-21.960000	-39.234000
50187.782170	0.765000	-5.399000	10.141000	-0.247000	0.206000	2.719000	-8.164000	-21.960000	-39.234000
50187.792150	1.006000	-5.325000	9.504000	-0.263000	0.378000	2.742000	-8.811000	-21.960000	-39.234000
50187.801760	1.168000	-5.219000	9.188000	-0.171000	0.501000	2.759000	-9.297000	-21.960000	-39.234000
50187.812130	1.183000	-5.273000	9.468000	-0.032000	0.508000	2.767000	-9.690000	-21.638000	-39.234000
50187.823210	1.158000	-5.568000	10.050000	0.047000	0.421000	2.751000	-10.447000	-21.638000	-38.883000
50187.834170	1.069000	-5.774000	10.488000	0.046000	0.276000	2.709000	-10.954000	-21.337000	-38.883000
50187.841100	0.909000	-5.904000	10.375000	0.025000	0.114000	2.661000	-11.526000	-20.907000	-38.883000
50187.851780	0.487000	-5.973000	9.792000	-0.020000	0.024000	2.648000	-12.133000	-20.401000	-38.883000
50187.862980	0.123000	-5.956000	9.271000	-0.043000	0.016000	2.644000	-12.725000	-19.821000	-38.883000
50187.871640	0.015000	-5.884000	9.153000	-0.039000	0.069000	2.642000	-13.150000	-19.354000	-38.883000
50187.887020	0.099000	-5.732000	9.625000	-0.068000	0.187000	2.661000	-13.717000	-18.598000	-38.883000
50187.891300	0.302000	-5.586000	10.191000	-0.155000	0.324000	2.708000	-14.118000	-17.907000	-38.883000
50187.901860	0.423000	-5.596000	10.524000	-0.234000	0.407000	2.764000	-14.939000	-17.253000	-38.883000
50187.912170	0.603000	-5.671000	10.671000	-0.232000	0.355000	2.791000	-14.939000	-16.572000	-38.883000
50187.923220	0.916000	-5.657000	10.801000	-0.137000	0.199000	2.795000	-16.058000	-15.913000	-38.883000
50187.931580	1.314000	-5.669000	10.870000	-0.017000	0.020000	2.793000	-16.737000	-15.180000	-38.883000
50187.943210	1.777000	-5.745000	10.924000	0.049000	-0.122000	2.795000	-17.250000	-14.694000	-38.883000
50187.951570	2.071000	-5.577000	11.195000	0.071000	-0.168000	2.803000	-17.826000	-13.906000	-38.883000
50187.962250	2.135000	-5.602000	11.353000	0.079000	-0.126000	2.815000	-18.420000	-13.438000	-38.883000
50187.971740	1.972000	-6.015000	11.136000	0.091000	-0.039000	2.816000	-19.468000	-12.469000	-38.883000
50187.982670	1.891000	-6.075000	10.594000	0.104000	0.010000	2.803000	-19.468000	-11.907000	-38.883000
50187.992890	1.979000	-5.826000	9.979000	0.154000	0.116000	2.780000	-20.106000	-11.006000	-38.883000
50188.001560	2.181000	-5.507000	9.479000	0.239000	0.243000	2.788000	-20.504000	-10.466000	-39.183000
50188.014310	2.430000	-5.076000	9.194000	0.296000	0.367000	2.841000	-20.504000	-9.390000	-39.183000
50188.022920	2.720000	-4.713000	9.040000	0.274000	0.465000	2.912000	-20.504000	-8.387000	-39.183000
50188.032870	2.808000	-4.425000	9.227000	0.166000	0.545000	2.967000	-20.878000	-7.640000	-39.538000
50188.045290	2.701000	-4.390000	9.777000	-0.000000	0.597000	2.979000	-20.878000	-6.150000	-39.538000
50188.052220	2.354000	-4.476000	10.476000	-0.178000	0.634000	2.939000	-20.574000	-5.401000	-39.538000
50188.066770	1.725000	-4.757000	11.102000	-0.322000	0.615000	2.852000	-20.574000	-4.086000	-40.347000
50188.072360	1.200000	-5.215000	11.437000	-0.402000	0.522000	2.758000	-20.574000	-3.164000	-40.347000
50188.085240	0.915000	-5.526000	11.505000	-0.403000	0.380000	2.689000	-20.574000	-2.218000	-41.046000
50188.092440	1.223000	-5.488000	11.285000	-0.346000	0.238000	2.695000	-20.574000	-1.391000	-41.491000
50188.103700	2.020000	-5.191000	11.207000	-0.310000	0.152000	2.741000	-19.926000	-0.738000	-41.491000
50188.114230	2.965000	-4.821000	11.302000	-0.256000	0.141000	2.902000	-19.926000	0.080000	-41.491000
50188.132940	3.956000	-4.393000	11.321000	-0.330000	0.277000	3.293000	-20.227000	1.803000	-41.491000
50188.143460	5.109000	-3.708000	11.503000	-0.359000	0.350000	3.383000	-20.227000	2.330000	-41.491000
50188.151730	5.158000	-3.468000	12.098000	-0.307000	0.335000	3.347000	-20.227000	2.929000	-41.491000
50188.163450	4.257000	-3.956000	12.616000	-0.198000	0.208000	3.162000	-20.227000	2.929000	-41.491000
50188.172880	3.184000	-4.542000	12.936000	-0.051000	0.011000	2.869000	-20.227000	3.344000	-41.491000
50188.181310	2.330000	-4.820000	12.793000	0.133000	-0.171000	2.635000	-19.847000	3.344000	-41.491000
50188.193330	1.773000	-5.007000	12.112000	0.335000	-0.261000	2.555000	-19.451000	3.344000	-41.491000
50188.202030	1.454000	-5.003000	11.053000	0.426000	-0.235000	2.621000	-19.451000	3.344000	-41.491000
50188.213900	1.389000	-4.845000	9.973000	0.538000	-0.049000	2.693000	-18.888000	3.344000	-41.491000
50188.222990	1.587000	-4.572000	8.982000	0.532000	0.102000	2.873000	-18.888000	3.344000	-41.491000
50188.233310	1.911000	-4.219000	8.368000	0.444000	0.451000	3.058000	-18.435000	4.118000	-41.491000
50188.247500	2.072000	-3.936000	8.171000	0.325000	0.746000	3.197000	-18.119000	4.118000	-41.491000
50188.251370	1.986000	-3.913000	8.422000	0.203000	0.910000	3.250000	-17.774000	4.118000	-41.032000
50188.263700	1.654000	-4.277000	8.846000	0.124000	0.895000	3.203000	-17.774000	4.724000	-41.032000
50188.272860	1.225000	-4.631000	9.202000	0.130000	0.713000	3.090000	-17.774000	4.724000	-40.719000
50188.283080	0.800000	-4.936000	9.751000	0.228000	0.414000	2.980000	-17.774000	4.724000	-40.719000
50188.291900	0.538000	-5.128000	10.252000	0.355000	0.093000	2.920000	-17.774000	5.030000	-40.310000
50188.301850	0.497000	-5.208000	10.563000	0.450000	-0.157000	2.925000	-17.774000	5.030000	-40.310000
50188.312440	0.691000	-5.259000	10.603000	0.512000	-0.292000	2.996000	-17.439000	5.030000	-40.310000
50188.322450	1.173000	-5.242000	10.380000	0.533000	-0.289000	3.101000	-17.439000	5.030000	-39.953000
50188.331940	1.907000	-5.176000	9.898000	0.564000	-0.173000	3.156000	-17.439000	5.444000	-39.953000
50188.342990	2.662000	-5.115000	9.030000	0.596000	-0.095000	3.249000	-17.132000	5.444000	-39.588000
50188.351930	3.336000	-5.076000	8.128000	0.641000	0.044000	3.289000	-17.132000	6.112000	-39.588000
50188.363890	3.513000	-5.240000	8.135000	0.662000	0.131000	3.256000	-17.132000	6.433000	-39.588000
50188.373690	3.202000	-5.471000	8.732000	0.589000	0.203000	3.144000	-17.132000	7.028000	-39.186000
50188.382600	2.485000	-5.781000	9.707000	0.439000	0.235000	2.956000	-16.773000	7.374000	-39.186000
50188.392460	1.591000	-6.366000	10.505000	0.284000	0.178000	2.731000	-16.773000	7.788000	-39.186000
50188.402860	0.887000	-6.865000	10.889000	0.176000	0.078000	2.533000	-16.773000	7.788000	-39.186000
50188.412870	0.573000	-7.103000	11.019000	0.120000	-0.015000	2.416000	-16.773000	8.607000	-39.186000
50188.426700	0.630000	-7.138000	11.003000	0.089000	-0.050000	2.408000	-16.773000	8.607000	-38.854000
50188.431580	0.932000	-6.971000	10.598000	0.053000	-0.008000	2.481000	-16.435000	9.239000	-38.854000
50188.441590	1.197000	-6.745000	9.953000	0.040000	0.082000	2.576000	-16.435000	9.730000	-38.854000
50188.453030	1.309000	-6.532000	9.388000	0.022000	0.192000	2.612000	-16.435000	10.238000	-38.854000
50188.461640	1.170000	-6.458000	9.284000	-0.030000	0.250000	2.644000	-16.435000	10.881000	-38.854000
50188.471680	0.831000	-6.561000	9.819000	-0.152000	0.347000	2.622000	-16.435000	11.389000	-38.854000
50188.482820	0.403000	-6.570000	10.703000	-0.319000	0.396000	2.563000	-16.088000	12.203000	-38.854000
50188.492280	0.106000	-6.579000	11.514000	-0.471000	0.401000	2.501000	-16.088000	12.709000	-38.854000
50188.503510	-0.013000	-6.356000	11.848000	-0.534000	0.350000	2.470000	-16.088000	13.879000	-38.854000
50188.513920	-0.015000	-5.915000	11.371000	-0.457000	0.256000	2.488000	-15.676000	14.221000	-38.854000
50188.523870	0.027000	-5.640000	10.698000	-0.276000	0.165000	2.550000	-15.676000	14.787000	-38.854000
50188.535250	0.095000	-5.392000	10.107000	-0.094000	0.129000	2.624000	-15.341000	15.289000	-38.854000
50188.542510	0.081000	-5.346000	9.397000	-0.026000	0.168000	2.691000	-15.341000	15.832000	-38.854000
50188.556150	0.064000	-5.502000	8.620000	-0.084000	0.280000	2.739000	-14.492000	16.569000	-38.854000
50188.562130	0.359000	-5.610000	8.450000	-0.151000	0.447000	2.769000	-13.916000	17.182000	-38.854000
50188.575070	0.628000	-5.673000	9.632000	-0.356000	0.639000	2.784000	-13.256000	17.730000	-38.854000
50188.582640	0.683000	-5.996000	11.051000	-0.601000	0.714000	2.805000	-12.596000	18.545000	-38.854000
50188.594450	0.576000	-6.375000	12.266000	-0.762000	0.726000	2.769000	-12.289000	19.078000	-38.854000
50188.604770	0.467000	-6.400000	12.890000	-0.698000	0.487000	2.669000	-11.874000	19.419000	-38.854000
50188.612890	0.462000	-6.401000	12.613000	-0.389000	0.077000	2.564000	-11.874000	19.419000	-38.854000
50188.622890	0.527000	-6.346000	11.896000	0.039000	-0.365000	2.512000	-11.503000	19.964000	-38.502000
50188.632780	0.645000	-6.154000	11.244000	0.390000	-0.683000	2.524000	-11.503000	19.964000	-38.502000
50188.642150	0.888000	-5.998000	10.717000	0.535000	-0.750000	2.585000	-10.888000	19.964000	-38.502000
50188.653320	1.287000	-5.715000	10.189000	0.483000	-0.585000	2.668000	-10.385000	20.375000	-38.502000
50188.662600	1.708000	-5.208000	9.874000	0.328000	-0.283000	2.757000	-10.385000	20.970000	-38.502000
50188.672820	1.971000	-4.823000	9.615000	0.172000	0.071000	2.821000	-9.521000	20.970000	-38.502000
50188.682100	2.115000	-4.551000	9.647000	0.112000	0.354000	2.821000	-8.770000	21.298000	-38.502000
50188.692750	2.014000	-4.554000	10.333000	0.033000	0.479000	2.797000	-8.770000	21.600000	-38.502000
50188.701810	1.639000	-4.830000	11.088000	0.001000	0.486000	2.712000	-7.917000	21.600000	-38.502000
50188.713200	1.189000	-4.813000	11.171000	0.023000	0.417000	2.589000	-7.226000	21.907000	-38.502000
50188.724400	0.871000	-4.633000	10.780000	0.145000	0.254000	2.475000	-6.846000	21.907000	-38.502000
50188.734040	0.587000	-4.432000	10.290000	0.355000	0.072000	2.419000	-6.230000	21.907000	-38.502000
50188.743380	0.444000	-4.167000	9.645000	0.524000	-0.018000	2.421000	-5.604000	21.907000	-38.502000
50188.753330	0.449000	-3.821000	9.068000	0.556000	0.027000	2.461000	-4.753000	21.907000	-38.502000
50188.764010	0.585000	-3.569000	8.625000	0.475000	0.184000	2.533000	-3.912000	21.907000	-38.502000
50188.774320	0.902000	-3.315000	8.238000	0.314000	0.417000	2.618000	-3.134000	21.907000	-38.502000
50188.787140	1.006000	-3.168000	8.428000	0.134000	0.648000	2.668000	-2.178000	21.907000	-38.502000
50188.791900	0.883000	-3.472000	9.340000	-0.025000	0.766000	2.654000	-1.385000	21.907000	-38.502000
50188.803350	0.642000	-4.127000	10.242000	-0.090000	0.743000	2.567000	-0.730000	22.270000	-38.847000
50188.812810	0.451000	-4.559000	10.519000	-0.152000	0.673000	2.508000	-0.250000	22.270000	-38.847000
50188.823910	0.523000	-4.653000	10.296000	-0.087000	0.439000	2.400000	0.555000	22.270000	-38.847000
50188.833920	0.666000	-4.568000	9.904000	0.082000	0.172000	2.362000	0.555000	22.697000	-38.847000
50188.844150	0.786000	-4.367000	9.640000	0.225000	-0.011000	2.400000	1.751000	22.697000	-39.250000
50188.853090	0.798000	-4.194000	9.371000	0.216000	-0.039000	2.483000	2.565000	22.697000	-39.250000
50188.865600	0.772000	-4.076000	8.996000	0.034000	0.114000	2.575000	3.359000	22.697000	-39.250000
50188.873290	0.667000	-3.946000	8.565000	-0.237000	0.418000	2.658000	4.164000	23.045000	-39.555000
50188.885290	0.391000	-4.058000	8.345000	-0.499000	0.752000	2.710000	5.081000	23.045000	-39.555000
50188.892400	0.127000	-4.388000	8.724000	-0.693000	0.990000	2.718000	5.798000	23.045000	-39.555000
50188.903530	-0.146000	-4.807000	9.763000	-0.807000	1.047000	2.685000	6.521000	23.045000	-39.555000
50188.914800	-0.041000	-5.083000	10.843000	-0.837000	0.896000	2.644000	6.860000	23.045000	-39.933000
50188.922430	0.327000	-4.919000	11.381000	-0.810000	0.564000	2.633000	7.368000	23.045000	-39.933000
50188.932950	0.691000	-4.553000	11.375000	-0.648000	0.115000	2.649000	7.669000	23.045000	-39.933000
50188.945400	0.990000	-4.224000	11.168000	-0.374000	-0.109000	2.731000	8.052000	23.045000	-39.933000
50188.953280	1.334000	-3.929000	10.877000	-0.135000	-0.461000	2.839000	8.406000	23.045000	-39.933000
50188.964360	1.687000	-3.577000	10.442000	-0.033000	-0.594000	2.947000	9.178000	23.045000	-40.287000
50188.973600	1.689000	-3.551000	10.121000	-0.043000	-0.521000	3.042000	9.178000	23.045000	-40.287000
50188.983250	1.574000	-3.754000	10.011000	-0.128000	-0.343000	3.096000	10.284000	23.045000	-40.287000
50188.992830	1.565000	-3.909000	10.281000	-0.247000	-0.124000	3.091000	10.691000	23.045000	-40.287000
50189.002410	1.727000	-3.909000	10.797000	-0.322000	0.057000	3.055000	11.170000	23.045000	-40.287000
50189.013920	1.855000	-3.910000	11.274000	-0.296000	0.097000	3.027000	11.535000	22.653000	-40.287000
50189.024260	1.811000	-3.964000	11.478000	-0.181000	-0.029000	3.005000	11.886000	22.653000	-40.287000
50189.034270	1.630000	-3.986000	11.185000	0.001000	-0.226000	2.981000	11.886000	21.740000	-40.634000
50189.044310	1.428000	-4.049000	10.876000	0.111000	-0.396000	2.950000	12.284000	20.658000	-40.634000
50189.053740	1.207000	-4.183000	10.566000	0.319000	-0.470000	2.940000	12.617000	19.654000	-40.634000
50189.064180	1.007000	-4.320000	10.115000	0.406000	-0.452000	2.953000	13.107000	18.811000	-40.634000
50189.074340	0.959000	-4.353000	9.550000	0.337000	-0.294000	2.994000	13.696000	17.869000	-40.634000
50189.084350	1.038000	-4.332000	8.792000	0.198000	0.002000	3.043000	14.233000	17.301000	-40.634000
50189.093660	1.070000	-4.404000	8.105000	0.085000	0.336000	3.090000	14.878000	16.546000	-40.634000
50189.103730	0.922000	-4.659000	8.128000	0.046000	0.570000	3.102000	15.209000	16.058000	-40.634000
50189.114320	0.670000	-5.255000	8.905000	0.055000	0.619000	3.057000	15.209000	15.274000	-40.634000
50189.123140	0.333000	-5.879000	9.788000	0.040000	0.487000	2.968000	15.727000	14.724000	-40.634000
50189.134740	-0.109000	-6.431000	10.599000	0.007000	0.227000	2.863000	15.727000	14.196000	-40.634000
50189.147340	-0.572000	-6.828000	11.125000	-0.003000	-0.062000	2.793000	16.166000	13.323000	-40.946000
50189.152280	-0.749000	-6.961000	11.473000	0.009000	-0.264000	2.796000	16.166000	12.504000	-40.946000
50189.165920	-0.567000	-6.919000	11.535000	0.016000	-0.326000	2.878000	16.474000	11.802000	-40.946000
50189.173190	-0.198000	-6.706000	11.215000	0.002000	-0.232000	2.947000	16.783000	11.375000	-40.946000
50189.185670	0.129000	-6.437000	10.432000	-0.027000	-0.133000	3.121000	16.783000	10.775000	-40.946000
50189.193360	0.448000	-6.236000	9.510000	-0.008000	0.108000	3.296000	17.089000	9.352000	-40.946000
50189.202330	0.600000	-6.096000	9.053000	0.071000	0.308000	3.417000	17.546000	8.741000	-40.946000
50189.215820	0.608000	-6.312000	9.363000	0.168000	0.417000	3.473000	17.546000	7.867000	-40.946000
50189.222350	0.658000	-6.805000	9.986000	0.201000	0.415000	3.469000	17.546000	6.877000	-41.265000
50189.234280	0.778000	-7.263000	10.452000	0.153000	0.314000	3.424000	17.546000	6.254000	-41.265000
50189.245030	0.880000	-7.590000	10.726000	0.116000	0.165000	3.384000	17.546000	5.084000	-41.265000
50189.254060	1.005000	-7.727000	10.972000	0.137000	0.018000	3.376000	17.546000	4.551000	-41.265000
50189.264400	1.151000	-7.730000	11.062000	0.169000	-0.082000	3.378000	17.546000	3.739000	-41.265000
50189.276860	1.330000	-7.575000	10.943000	0.176000	-0.130000	3.397000	17.546000	2.828000	-41.265000
50189.282500	1.440000	-7.410000	10.938000	0.172000	-0.129000	3.433000	17.546000	2.018000	-41.265000
50189.293310	1.462000	-7.350000	10.931000	0.142000	-0.060000	3.446000	17.875000	1.042000	-41.609000
50189.302460	1.441000	-7.484000	10.759000	0.073000	-0.007000	3.444000	17.875000	0.506000	-41.609000
50189.312930	1.314000	-7.792000	10.924000	0.003000	0.095000	3.395000	17.875000	-0.556000	-41.609000
50189.327580	1.165000	-8.201000	11.274000	-0.034000	0.161000	3.329000	18.180000	-0.556000	-41.609000
50189.332430	1.174000	-8.509000	11.392000	-0.068000	0.184000	3.263000	18.180000	-1.588000	-41.609000
50189.342620	1.201000	-8.677000	11.504000	-0.073000	0.158000	3.210000	18.180000	-2.003000	-41.609000
50189.353610	1.271000	-8.777000	11.490000	-0.026000	0.096000	3.191000	18.180000	-2.795000	-41.609000
50189.365780	1.242000	-8.732000	11.259000	0.021000	0.064000	3.198000	18.180000	-3.382000	-41.609000
50189.373540	1.080000	-8.592000	10.941000	0.047000	0.071000	3.211000	18.180000	-4.156000	-41.609000
50189.386080	0.913000	-8.378000	10.897000	0.048000	0.112000	3.223000	18.180000	-4.740000	-41.609000
50189.393920	0.807000	-8.268000	10.930000	-0.015000	0.220000	3.242000	18.180000	-5.145000	-41.609000
50189.402560	0.746000	-8.217000	10.911000	-0.072000	0.375000	3.260000	18.180000	-5.996000	-41.609000
50189.414920	0.737000	-8.198000	11.050000	-0.189000	0.507000	3.268000	18.180000	-6.381000	-41.609000
50189.424680	0.733000	-8.343000	11.441000	-0.253000	0.555000	3.274000	18.180000	-7.164000	-41.609000
50189.434970	0.671000	-8.464000	11.531000	-0.252000	0.608000	3.265000	18.180000	-7.647000	-41.609000
50189.444520	0.767000	-8.477000	11.138000	-0.161000	0.565000	3.252000	18.180000	-8.064000	-41.609000
50189.455840	1.108000	-8.144000	10.736000	0.038000	0.402000	3.249000	17.845000	-8.551000	-41.609000
50189.462650	1.450000	-7.772000	10.695000	0.278000	0.184000	3.280000	17.845000	-9.410000	-41.609000
50189.473080	1.750000	-7.417000	10.489000	0.420000	0.019000	3.353000	17.845000	-10.101000	-41.609000
50189.482610	2.056000	-6.955000	10.208000	0.397000	-0.010000	3.437000	17.411000	-10.784000	-41.609000
50189.492620	2.206000	-6.588000	10.094000	0.285000	0.104000	3.504000	17.411000	-11.289000	-41.609000
50189.504910	2.322000	-6.425000	9.795000	0.153000	0.313000	3.545000	17.065000	-11.993000	-41.609000
50189.512570	2.384000	-6.196000	9.634000	0.063000	0.517000	3.527000	17.065000	-11.993000	-41.609000
50189.523440	2.407000	-6.129000	9.840000	0.050000	0.605000	3.455000	16.340000	-13.117000	-41.609000
50189.532440	2.358000	-6.075000	10.187000	0.083000	0.545000	3.415000	15.943000	-13.711000	-41.609000
50189.542450	2.303000	-6.068000	10.425000	0.147000	0.466000	3.330000	15.274000	-14.323000	-41.302000
50189.552460	2.418000	-5.927000	10.637000	0.222000	0.241000	3.230000	14.112000	-14.776000	-41.302000
50189.562440	2.583000	-5.640000	10.652000	0.318000	0.013000	3.153000	13.449000	-15.382000	-41.302000
50189.576450	2.689000	-5.344000	10.207000	0.388000	-0.141000	3.118000	12.733000	-15.820000	-41.302000
50189.583650	2.712000	-5.106000	9.624000	0.422000	-0.198000	3.104000	12.203000	-16.412000	-41.302000
50189.595090	2.607000	-4.937000	9.356000	0.437000	-0.153000	3.089000	11.900000	-17.091000	-41.302000
50189.603390	2.334000	-4.919000	9.494000	0.356000	0.017000	3.058000	11.428000	-17.091000	-40.979000
50189.615080	1.793000	-5.074000	9.513000	0.146000	0.303000	3.010000	11.428000	-17.639000	-40.979000
50189.625060	1.359000	-5.136000	9.451000	-0.089000	0.616000	2.937000	10.964000	-17.639000	-40.979000
50189.635620	0.956000	-5.280000	9.864000	-0.221000	0.831000	2.844000	10.964000	-18.078000	-40.979000
50189.643340	0.603000	-5.517000	10.213000	-0.244000	0.891000	2.759000	10.406000	-18.078000	-40.650000
50189.653080	0.342000	-5.578000	10.068000	-0.237000	0.829000	2.729000	9.950000	-18.548000	-40.650000
50189.666320	0.297000	-5.437000	9.823000	-0.175000	0.758000	2.691000	9.237000	-18.548000	-40.650000
50189.673400	0.321000	-5.183000	9.725000	-0.038000	0.568000	2.684000	9.237000	-18.850000	-40.650000
50189.688390	0.386000	-4.913000	9.691000	0.119000	0.400000	2.714000	8.425000	-19.282000	-40.650000
50189.693090	0.526000	-4.670000	9.794000	0.190000	0.288000	2.776000	8.018000	-19.282000	-40.650000
50189.705170	0.688000	-4.603000	9.908000	0.155000	0.241000	2.848000	7.450000	-19.282000	-40.650000
50189.713500	0.868000	-4.790000	10.054000	0.057000	0.292000	2.909000	7.450000	-19.676000	-40.650000
50189.726590	1.086000	-5.103000	10.544000	-0.053000	0.414000	2.949000	6.745000	-19.676000	-40.650000
50189.734890	1.289000	-5.508000	11.259000	-0.132000	0.531000	2.968000	6.384000	-19.676000	-40.338000
50189.745850	1.353000	-5.643000	11.351000	-0.171000	0.594000	2.963000	6.069000	-20.124000	-40.338000
50189.754940	1.355000	-5.508000	10.898000	-0.114000	0.582000	2.941000	5.474000	-20.124000	-40.338000
50189.764950	1.311000	-5.245000	10.676000	0.088000	0.455000	2.915000	4.771000	-20.124000	-40.338000
50189.773650	1.338000	-4.889000	10.792000	0.336000	0.273000	2.909000	4.032000	-20.124000	-40.338000
50189.784000	1.381000	-4.521000	10.992000	0.417000	0.145000	2.919000	3.601000	-20.571000	-40.338000
50189.793790	1.419000	-4.265000	10.918000	0.441000	0.120000	2.952000	2.703000	-20.571000	-40.338000
50189.803830	1.356000	-4.050000	10.499000	0.329000	0.180000	3.008000	2.333000	-20.883000	-39.982000
50189.814760	1.366000	-3.880000	9.732000	0.173000	0.371000	3.068000	1.692000	-20.883000	-39.982000
50189.825440	1.352000	-3.777000	9.092000	0.046000	0.633000	3.112000	1.692000	-20.883000	-39.982000
50189.843260	1.441000	-3.669000	8.775000	-0.093000	1.101000	3.159000	0.454000	-21.214000	-39.982000
50189.856690	1.513000	-3.518000	8.738000	-0.152000	1.166000	3.151000	-0.112000	-21.214000	-39.982000
50189.866150	1.546000	-3.430000	8.993000	-0.191000	1.099000	3.116000	-0.459000	-21.606000	-39.619000
50189.877110	1.675000	-3.288000	9.237000	-0.179000	0.920000	3.066000	-1.130000	-21.606000	-39.619000
50189.887330	1.691000	-2.975000	9.471000	-0.162000	0.663000	3.015000	-1.551000	-21.606000	-39.619000
50189.894840	1.709000	-2.746000	9.866000	-0.148000	0.426000	2.993000	-1.551000	-21.961000	-39.619000
50189.904760	1.671000	-2.634000	10.175000	-0.199000	0.343000	2.956000	-2.612000	-21.961000	-39.619000
50189.913360	1.558000	-2.608000	10.203000	-0.330000	0.267000	2.924000	-3.274000	-21.961000	-39.619000
50189.926850	1.414000	-2.695000	10.242000	-0.516000	0.316000	2.893000	-3.593000	-21.961000	-39.309000
50189.933050	1.068000	-2.869000	10.246000	-0.712000	0.473000	2.870000	-4.060000	-21.961000	-39.309000
50189.947170	0.865000	-3.025000	10.189000	-0.869000	0.662000	2.849000	-4.060000	-21.961000	-39.309000
50189.953060	0.825000	-3.095000	10.189000	-0.957000	0.795000	2.836000	-4.702000	-21.961000	-39.309000
50189.965030	0.992000	-3.109000	10.156000	-0.965000	0.849000	2.847000	-5.273000	-21.961000	-39.309000
50189.975010	1.361000	-3.086000	10.256000	-0.907000	0.790000	2.863000	-5.273000	-21.441000	-39.309000
50189.985170	1.753000	-2.978000	10.697000	-0.819000	0.630000	2.880000	-5.960000	-20.585000	-39.309000
50189.994050	1.992000	-2.974000	11.043000	-0.750000	0.424000	2.884000	-6.774000	-19.540000	-39.309000
50190.003630	2.075000	-2.926000	11.284000	-0.725000	0.206000	2.869000	-7.347000	-18.824000	-39.309000
50190.015990	1.990000	-2.798000	11.711000	-0.691000	0.049000	2.856000	-8.045000	-18.299000	-39.631000
