50008.057440	-2.549000	8.966000	1.486000	0.070000	0.307000	0.049000	3.770000	-40.687000	13.481000
50008.069280	-3.005000	8.570000	1.841000	0.031000	0.155000	-0.039000	3.770000	-40.687000	13.818000
50008.077120	-3.144000	8.591000	2.107000	0.013000	0.025000	-0.092000	3.443000	-40.687000	13.818000
50008.086710	-3.092000	8.741000	2.168000	0.031000	-0.049000	-0.062000	3.443000	-40.687000	13.818000
50008.097200	-2.786000	8.912000	2.059000	0.099000	-0.090000	0.054000	3.443000	-40.687000	13.818000
50008.108860	-2.415000	9.155000	1.836000	0.179000	-0.095000	0.217000	3.443000	-40.687000	13.818000
50008.117680	-1.952000	9.476000	1.486000	0.206000	-0.031000	0.301000	3.137000	-40.687000	13.818000
50008.127970	-1.580000	9.612000	1.187000	0.223000	0.031000	0.450000	3.137000	-40.687000	13.818000
50008.138890	-1.238000	9.598000	1.103000	0.204000	0.188000	0.569000	3.137000	-40.687000	13.818000
50008.146430	-1.015000	9.657000	1.112000	0.159000	0.352000	0.636000	3.137000	-40.687000	14.125000
50008.157720	-0.922000	9.807000	1.059000	0.095000	0.500000	0.643000	2.760000	-40.687000	14.125000
50008.167940	-1.009000	9.974000	0.672000	0.031000	0.600000	0.625000	2.760000	-40.687000	14.125000
50008.177980	-1.148000	9.957000	0.492000	-0.008000	0.646000	0.593000	2.458000	-40.687000	14.125000
50008.188730	-1.334000	9.749000	0.743000	-0.029000	0.662000	0.536000	2.458000	-40.687000	14.125000
50008.199440	-1.380000	9.735000	1.008000	-0.038000	0.658000	0.452000	2.127000	-40.687000	14.431000
50008.208990	-1.273000	9.793000	0.941000	0.009000	0.563000	0.358000	2.127000	-40.687000	14.431000
50008.216920	-1.249000	9.804000	0.712000	0.160000	0.355000	0.294000	1.777000	-40.687000	14.431000
50008.227880	-1.220000	9.699000	0.441000	0.353000	0.080000	0.256000	1.777000	-40.687000	14.431000
50008.237650	-1.454000	9.442000	0.356000	0.422000	-0.123000	0.241000	1.310000	-40.687000	14.431000
50008.250370	-1.707000	9.180000	0.508000	0.447000	-0.172000	0.228000	1.310000	-40.687000	14.431000
50008.259010	-2.055000	9.021000	0.825000	0.320000	-0.154000	0.254000	0.999000	-40.687000	14.736000
50008.268770	-2.206000	9.002000	0.958000	0.101000	0.009000	0.325000	0.999000	-40.687000	14.736000
50008.277750	-2.184000	9.014000	1.176000	-0.127000	0.286000	0.447000	0.582000	-40.687000	14.736000
50008.289100	-1.905000	9.130000	1.475000	-0.330000	0.611000	0.609000	-0.143000	-40.687000	14.736000
50008.296480	-1.401000	9.445000	1.526000	-0.473000	0.932000	0.792000	-0.445000	-40.687000	14.736000
50008.309090	-0.894000	9.756000	1.469000	-0.527000	1.184000	0.961000	-1.069000	-40.687000	14.736000
50008.318520	-0.578000	9.782000	1.434000	-0.489000	1.321000	1.090000	-2.111000	-40.687000	14.736000
50008.328160	-0.308000	9.709000	1.636000	-0.408000	1.366000	1.158000	-2.471000	-40.687000	14.736000
50008.339120	0.022000	9.733000	1.797000	-0.336000	1.363000	1.156000	-3.474000	-40.687000	15.046000
50008.346530	0.110000	9.701000	1.776000	-0.290000	1.336000	1.120000	-4.037000	-40.687000	15.046000
50008.357980	-0.232000	9.401000	1.563000	-0.270000	1.305000	1.101000	-4.792000	-40.687000	15.046000
50008.367740	-0.648000	9.032000	1.221000	-0.225000	1.291000	1.060000	-5.590000	-40.687000	15.046000
50008.379400	-0.750000	8.871000	1.284000	-0.190000	1.289000	1.032000	-6.141000	-40.687000	15.046000
50008.387880	-0.628000	8.885000	1.596000	-0.198000	1.338000	1.054000	-6.846000	-40.687000	15.046000
50008.397310	-0.190000	9.066000	1.832000	-0.244000	1.410000	1.133000	-7.507000	-40.687000	15.046000
50008.409190	0.323000	9.283000	1.887000	-0.283000	1.440000	1.252000	-8.247000	-40.687000	15.046000
50008.417730	0.729000	9.392000	1.936000	-0.280000	1.416000	1.376000	-9.446000	-40.687000	15.046000
50008.429360	1.047000	9.521000	2.028000	-0.274000	1.392000	1.474000	-9.446000	-40.687000	15.046000
50008.439210	1.226000	9.637000	2.024000	-0.309000	1.422000	1.538000	-11.470000	-40.687000	14.738000
50008.447760	1.349000	9.644000	2.003000	-0.381000	1.521000	1.584000	-11.968000	-40.687000	14.738000
50008.459230	1.469000	9.731000	1.979000	-0.460000	1.661000	1.622000	-13.148000	-40.687000	14.738000
50008.468760	1.597000	9.843000	2.075000	-0.525000	1.804000	1.649000	-13.993000	-40.687000	14.427000
50008.478550	1.863000	9.910000	2.113000	-0.551000	1.950000	1.660000	-14.649000	-40.687000	14.427000
50008.488740	2.018000	9.950000	2.186000	-0.597000	2.012000	1.675000	-15.753000	-40.687000	14.103000
50008.498140	2.210000	9.985000	2.236000	-0.627000	2.092000	1.676000	-16.110000	-40.687000	14.103000
50008.509310	2.336000	9.966000	2.291000	-0.650000	2.136000	1.650000	-17.102000	-40.687000	13.749000
50008.518010	2.447000	9.861000	2.362000	-0.667000	2.177000	1.608000	-18.025000	-40.687000	13.140000
50008.527750	2.466000	9.853000	2.394000	-0.681000	2.210000	1.555000	-18.025000	-40.687000	12.261000
50008.538030	2.617000	9.822000	2.298000	-0.690000	2.227000	1.490000	-19.261000	-40.309000	11.264000
50008.546730	2.593000	9.646000	2.415000	-0.689000	2.211000	1.423000	-19.873000	-40.309000	10.478000
50008.560310	2.520000	9.412000	2.561000	-0.698000	2.177000	1.358000	-20.477000	-40.309000	9.768000
50008.569370	2.465000	9.328000	2.713000	-0.745000	2.158000	1.286000	-21.383000	-39.874000	8.843000
50008.578100	2.447000	9.127000	2.975000	-0.825000	2.150000	1.227000	-21.383000	-39.874000	8.843000
50008.589360	2.329000	8.906000	3.163000	-0.901000	2.145000	1.199000	-21.821000	-39.561000	7.325000
50008.598000	2.231000	8.699000	3.312000	-0.933000	2.154000	1.190000	-22.311000	-39.561000	6.735000
50008.610780	2.155000	8.621000	3.476000	-0.994000	2.162000	1.173000	-22.311000	-39.231000	6.135000
50008.618630	2.091000	8.508000	3.718000	-1.049000	2.182000	1.173000	-23.619000	-39.231000	5.003000
50008.628480	1.908000	8.276000	4.038000	-1.093000	2.207000	1.194000	-23.281000	-38.836000	4.113000
50008.639410	1.796000	8.107000	4.274000	-1.118000	2.223000	1.215000	-24.485000	-38.836000	2.886000
50008.647710	1.652000	7.907000	4.465000	-1.116000	2.209000	1.228000	-24.485000	-38.449000	2.886000
50008.659490	1.408000	7.668000	4.599000	-1.076000	2.166000	1.242000	-24.865000	-38.079000	1.229000
50008.667880	1.225000	7.426000	4.613000	-1.019000	2.102000	1.278000	-25.407000	-37.397000	0.317000
50008.678660	1.023000	7.130000	4.542000	-0.992000	2.067000	1.359000	-25.407000	-37.397000	-0.354000
50008.689580	0.952000	7.032000	4.696000	-1.044000	2.109000	1.494000	-26.141000	-36.418000	-1.708000
50008.698130	0.867000	7.075000	4.739000	-1.204000	2.286000	1.683000	-26.141000	-35.972000	-2.552000
50008.708720	1.038000	7.185000	4.954000	-1.441000	2.588000	1.918000	-26.846000	-34.939000	-4.113000
50008.718180	1.147000	7.294000	5.481000	-1.570000	2.934000	2.043000	-26.846000	-33.808000	-5.432000
50008.727640	1.063000	7.198000	6.249000	-1.796000	3.101000	2.279000	-27.561000	-33.137000	-6.341000
50008.740450	1.062000	6.861000	6.565000	-1.929000	3.376000	2.457000	-27.911000	-31.585000	-7.734000
50008.748140	1.168000	6.657000	6.452000	-1.923000	3.490000	2.557000	-27.911000	-30.383000	-9.442000
50008.759250	1.335000	6.537000	6.205000	-1.794000	3.418000	2.612000	-28.479000	-29.225000	-10.363000
50008.768800	1.446000	6.354000	5.945000	-1.649000	3.293000	2.666000	-28.871000	-27.999000	-12.356000
50008.778200	1.707000	6.264000	5.962000	-1.600000	3.271000	2.746000	-28.871000	-26.893000	-13.002000
50008.792550	1.867000	6.065000	6.027000	-1.639000	3.377000	2.842000	-28.871000	-25.500000	-16.085000
50008.798800	2.190000	5.923000	5.994000	-1.699000	3.504000	2.915000	-28.871000	-24.227000	-16.545000
50008.808840	2.711000	6.031000	5.961000	-1.721000	3.544000	2.947000	-28.871000	-22.959000	-18.452000
50008.818820	3.109000	6.248000	6.157000	-1.692000	3.474000	2.949000	-29.417000	-21.614000	-19.949000
50008.827730	3.396000	6.025000	6.662000	-1.642000	3.320000	2.938000	-29.115000	-20.457000	-20.506000
50008.837590	3.531000	5.669000	7.401000	-1.612000	3.091000	2.879000	-29.115000	-18.841000	-21.611000
50008.849830	3.712000	5.632000	8.212000	-1.602000	2.767000	2.755000	-29.115000	-18.113000	-22.018000
50008.859050	3.927000	5.635000	8.838000	-1.559000	2.384000	2.680000	-29.115000	-16.986000	-23.117000
50008.868110	3.815000	5.381000	9.148000	-1.468000	2.202000	2.549000	-29.115000	-15.757000	-23.117000
50008.887180	3.649000	5.103000	9.206000	-1.405000	1.807000	2.412000	-29.115000	-13.299000	-26.475000
50008.897620	3.206000	4.538000	9.046000	-1.554000	1.950000	2.364000	-29.115000	-12.641000	-27.529000
50008.907230	2.934000	3.926000	8.793000	-1.779000	2.306000	2.345000	-29.115000	-10.643000	-27.986000
50008.919200	2.604000	3.476000	8.468000	-1.990000	2.771000	2.354000	-29.115000	-9.304000	-28.552000
50008.927130	2.574000	3.264000	8.578000	-2.137000	3.164000	2.423000	-29.115000	-8.061000	-30.563000
50008.937930	2.829000	3.535000	8.856000	-2.201000	3.328000	2.530000	-27.871000	-6.268000	-31.079000
50008.947090	3.086000	3.849000	9.777000	-2.209000	3.218000	2.609000	-26.689000	-5.323000	-31.726000
50008.958290	3.236000	3.582000	11.256000	-2.212000	2.939000	2.615000	-25.595000	-3.805000	-32.257000
50008.969730	3.336000	3.071000	12.215000	-2.221000	2.781000	2.539000	-25.022000	-2.500000	-32.858000
50008.977090	3.289000	2.826000	12.613000	-2.198000	2.472000	2.359000	-23.716000	-1.541000	-33.518000
50008.987830	2.944000	2.592000	12.471000	-2.098000	2.262000	2.158000	-22.877000	-0.154000	-32.786000
50008.998510	2.517000	2.300000	11.968000	-1.886000	2.197000	1.973000	-22.315000	0.486000	-33.682000
50009.011600	2.465000	2.182000	11.232000	-1.572000	2.160000	1.786000	-20.870000	1.045000	-33.682000
50009.018530	2.556000	2.365000	10.480000	-1.258000	2.065000	1.626000	-20.417000	2.146000	-33.682000
50009.027140	2.402000	2.382000	9.878000	-1.057000	1.955000	1.485000	-19.659000	2.493000	-34.526000
50009.039040	2.156000	2.294000	9.642000	-0.967000	1.857000	1.321000	-19.070000	3.199000	-34.182000
50009.048830	1.925000	2.192000	10.066000	-0.936000	1.741000	1.117000	-19.070000	3.703000	-34.732000
50009.057930	1.845000	2.034000	10.853000	-0.913000	1.543000	0.888000	-18.392000	3.703000	-34.732000
50009.069130	1.629000	1.915000	11.717000	-0.843000	1.234000	0.665000	-18.392000	4.313000	-34.732000
50009.077180	1.472000	1.905000	11.979000	-0.775000	0.854000	0.554000	-17.486000	4.313000	-35.057000
50009.089610	1.220000	1.877000	11.870000	-0.567000	0.656000	0.342000	-18.527000	4.684000	-34.535000
50009.098670	0.955000	1.796000	11.545000	-0.303000	0.308000	0.176000	-17.922000	4.234000	-34.535000
50009.108920	0.836000	1.766000	10.997000	-0.052000	0.070000	0.067000	-17.466000	4.234000	-34.535000
50009.119090	0.817000	1.882000	10.424000	0.144000	-0.077000	0.018000	-18.479000	4.542000	-34.535000
50009.127420	0.864000	2.064000	10.011000	0.252000	-0.136000	0.033000	-17.517000	3.770000	-34.535000
50009.139140	0.919000	2.154000	9.714000	0.262000	-0.084000	0.082000	-18.452000	4.205000	-34.535000
50009.150490	0.909000	2.307000	9.694000	0.196000	0.028000	0.126000	-17.951000	4.205000	-34.535000
50009.159000	0.844000	2.451000	9.786000	0.086000	0.148000	0.151000	-17.951000	3.868000	-34.535000
50009.169650	0.701000	2.460000	9.934000	-0.019000	0.270000	0.154000	-17.951000	3.868000	-34.535000
50009.177400	0.539000	2.432000	10.081000	-0.066000	0.346000	0.124000	-17.951000	3.868000	-34.913000
50009.189210	0.381000	2.304000	10.055000	-0.029000	0.328000	0.064000	-17.951000	3.868000	-34.913000
50009.197360	0.210000	2.243000	9.835000	0.017000	0.230000	0.033000	-17.951000	3.868000	-34.913000
50009.209080	0.181000	2.336000	9.497000	0.137000	0.170000	-0.005000	-17.951000	4.205000	-34.913000
50009.218910	0.103000	2.210000	9.159000	0.238000	0.071000	0.005000	-17.553000	4.205000	-35.267000
50009.227420	0.094000	2.154000	8.827000	0.247000	0.047000	0.046000	-17.553000	4.205000	-35.267000
50009.239200	0.129000	2.281000	8.660000	0.172000	0.122000	0.100000	-17.553000	4.205000	-35.267000
50009.247470	0.251000	2.386000	8.590000	0.064000	0.258000	0.165000	-17.189000	4.205000	-35.267000
50009.257480	0.283000	2.423000	8.638000	-0.039000	0.390000	0.207000	-17.189000	4.205000	-35.267000
50009.268960	0.235000	2.425000	8.988000	-0.102000	0.447000	0.203000	-17.189000	4.205000	-35.267000
50009.278450	0.072000	2.328000	9.663000	-0.122000	0.399000	0.157000	-17.189000	4.205000	-35.267000
50009.289250	-0.152000	2.144000	10.072000	-0.089000	0.265000	0.077000	-16.831000	4.205000	-35.267000
50009.297980	-0.350000	1.983000	10.092000	0.018000	0.067000	-0.015000	-16.831000	4.205000	-35.572000
50009.307990	-0.469000	1.883000	9.820000	0.189000	-0.147000	-0.081000	-16.831000	4.205000	-35.572000
50009.318490	-0.400000	1.825000	9.359000	0.274000	-0.302000	-0.095000	-16.831000	4.205000	-35.572000
50009.330270	-0.156000	1.904000	8.955000	0.403000	-0.344000	-0.072000	-16.831000	4.205000	-35.572000
50009.337560	0.057000	2.049000	8.635000	0.451000	-0.367000	0.006000	-16.831000	4.205000	-35.572000
50009.347570	0.172000	2.204000	8.664000	0.416000	-0.330000	0.105000	-16.831000	4.205000	-35.572000
50009.358010	0.333000	2.459000	8.837000	0.298000	-0.252000	0.199000	-16.519000	4.205000	-35.572000
50009.369050	0.436000	2.634000	9.205000	0.121000	-0.159000	0.279000	-16.519000	4.205000	-35.572000
50009.377570	0.508000	2.566000	9.726000	-0.060000	-0.079000	0.334000	-16.519000	4.205000	-35.572000
50009.388830	0.436000	2.374000	10.193000	-0.185000	-0.030000	0.335000	-16.519000	4.205000	-35.572000
50009.398810	0.412000	2.194000	10.548000	-0.228000	-0.030000	0.290000	-16.519000	4.205000	-35.572000
50009.408580	0.412000	2.017000	10.689000	-0.185000	-0.082000	0.235000	-16.519000	4.205000	-35.572000
50009.418830	0.436000	1.864000	10.601000	-0.065000	-0.175000	0.193000	-16.519000	4.205000	-35.572000
50009.427710	0.704000	1.848000	10.524000	0.077000	-0.283000	0.170000	-16.519000	4.205000	-35.572000
50009.437630	0.992000	1.832000	10.141000	0.131000	-0.352000	0.173000	-16.519000	4.205000	-35.572000
50009.447670	1.258000	1.868000	10.064000	0.186000	-0.358000	0.209000	-16.519000	4.205000	-35.572000
50009.458620	1.302000	1.981000	10.210000	0.167000	-0.316000	0.250000	-16.519000	4.205000	-35.572000
50009.467720	1.277000	2.117000	10.490000	0.082000	-0.210000	0.278000	-16.519000	4.205000	-35.572000
50009.477610	1.284000	2.209000	10.709000	-0.034000	-0.073000	0.285000	-16.519000	4.205000	-35.572000
50009.488650	1.247000	2.253000	10.850000	-0.103000	0.020000	0.272000	-16.519000	4.205000	-35.572000
50009.497630	1.153000	2.200000	10.935000	-0.092000	0.057000	0.234000	-16.519000	4.205000	-35.572000
50009.509920	0.968000	2.157000	10.760000	-0.019000	0.076000	0.170000	-16.853000	4.205000	-35.572000
50009.518530	0.794000	2.150000	10.437000	0.094000	0.053000	0.099000	-16.853000	4.205000	-35.252000
50009.527720	0.655000	2.127000	10.022000	0.228000	0.007000	0.045000	-16.853000	4.205000	-35.252000
50009.539070	0.664000	2.243000	9.607000	0.349000	-0.013000	0.020000	-16.853000	4.205000	-35.252000
50009.547670	0.730000	2.386000	9.244000	0.443000	-0.026000	0.019000	-16.853000	4.205000	-35.252000
50009.557680	0.793000	2.498000	8.981000	0.478000	-0.050000	0.023000	-16.853000	4.205000	-35.252000
50009.569100	0.900000	2.593000	8.760000	0.513000	-0.062000	0.031000	-16.853000	4.205000	-35.252000
50009.578620	0.998000	2.701000	8.850000	0.486000	-0.088000	0.043000	-16.853000	4.205000	-35.252000
50009.589120	1.108000	2.781000	9.031000	0.402000	-0.091000	0.059000	-16.853000	4.205000	-35.252000
50009.599130	1.156000	2.840000	9.269000	0.290000	-0.077000	0.058000	-16.853000	4.205000	-35.252000
50009.610330	1.197000	2.852000	9.498000	0.189000	-0.071000	0.046000	-17.184000	4.205000	-35.252000
50009.620310	1.135000	2.794000	9.674000	0.115000	-0.070000	0.022000	-17.184000	4.205000	-35.252000
50009.630380	0.989000	2.714000	9.719000	0.078000	-0.055000	-0.012000	-17.184000	3.895000	-35.252000
50009.641300	0.806000	2.655000	9.623000	0.080000	-0.049000	-0.054000	-17.184000	3.895000	-35.252000
50009.650430	0.694000	2.573000	9.362000	0.123000	-0.062000	-0.089000	-17.184000	3.895000	-35.252000
50009.660410	0.696000	2.559000	9.242000	0.184000	-0.082000	-0.102000	-17.184000	3.895000	-35.252000
50009.668370	0.799000	2.641000	9.213000	0.219000	-0.105000	-0.087000	-17.184000	3.895000	-35.252000
50009.680400	0.968000	2.754000	9.009000	0.217000	-0.122000	-0.071000	-17.184000	3.533000	-35.252000
50009.692660	1.156000	2.868000	8.995000	0.179000	-0.124000	-0.025000	-17.184000	3.533000	-35.252000
50009.699620	1.310000	2.953000	9.225000	0.119000	-0.103000	0.028000	-17.184000	3.533000	-35.252000
50009.709720	1.394000	2.994000	9.574000	0.044000	-0.047000	0.057000	-17.184000	3.533000	-35.252000
50009.720620	1.341000	2.953000	9.905000	-0.037000	-0.002000	0.050000	-17.184000	3.199000	-35.252000
50009.730140	1.179000	2.808000	9.968000	-0.081000	0.004000	0.009000	-17.184000	3.199000	-35.252000
50009.740640	0.977000	2.664000	9.991000	-0.041000	-0.027000	-0.057000	-17.184000	3.199000	-35.252000
50009.749700	0.871000	2.651000	9.786000	0.058000	-0.080000	-0.126000	-17.184000	3.199000	-35.252000
50009.760560	0.906000	2.633000	9.465000	0.163000	-0.142000	-0.170000	-17.184000	3.199000	-35.252000
50009.768560	0.998000	2.746000	9.182000	0.258000	-0.222000	-0.176000	-17.184000	2.870000	-35.252000
50009.780800	1.152000	2.926000	9.037000	0.312000	-0.286000	-0.159000	-17.184000	2.870000	-35.252000
50009.788760	1.325000	3.007000	8.990000	0.294000	-0.313000	-0.130000	-17.184000	2.870000	-35.252000
50009.801150	1.547000	2.964000	8.979000	0.259000	-0.303000	-0.117000	-17.184000	2.870000	-35.252000
50009.808020	1.034000	2.951000	9.443000	0.157000	-0.286000	-0.104000	-17.184000	2.870000	-35.252000
50009.819130	1.100000	3.070000	9.768000	0.048000	-0.246000	-0.119000	-17.184000	2.870000	-35.252000
50009.828220	1.049000	3.044000	9.986000	-0.048000	-0.220000	-0.151000	-17.184000	2.870000	-34.933000
50009.838020	0.973000	2.849000	10.255000	-0.107000	-0.234000	-0.175000	-17.184000	2.545000	-34.933000
50009.849250	0.985000	2.755000	10.300000	-0.087000	-0.244000	-0.210000	-17.184000	2.545000	-34.933000
50009.860450	0.992000	2.845000	10.001000	-0.020000	-0.232000	-0.245000	-17.526000	2.545000	-34.933000
50009.873020	0.922000	2.960000	9.695000	0.072000	-0.225000	-0.260000	-17.526000	2.545000	-34.629000
50009.879950	0.841000	2.994000	9.405000	0.177000	-0.231000	-0.263000	-17.526000	2.545000	-34.629000
50009.890260	0.801000	2.982000	9.182000	0.253000	-0.231000	-0.271000	-17.526000	2.545000	-34.629000
50009.900240	0.806000	2.932000	9.065000	0.270000	-0.226000	-0.284000	-17.526000	2.239000	-34.629000
50009.910440	0.819000	2.902000	9.079000	0.257000	-0.226000	-0.292000	-17.898000	2.239000	-34.629000
50009.919070	0.715000	2.821000	9.298000	0.246000	-0.241000	-0.294000	-17.898000	2.239000	-34.629000
50009.930760	0.518000	2.782000	9.612000	0.214000	-0.259000	-0.298000	-17.898000	2.239000	-34.284000
50009.939090	0.552000	2.656000	9.698000	0.165000	-0.299000	-0.301000	-17.898000	1.901000	-34.284000
50009.949710	0.568000	2.532000	9.833000	0.118000	-0.323000	-0.290000	-18.307000	1.901000	-34.284000
50009.960060	0.646000	2.553000	9.871000	0.090000	-0.327000	-0.261000	-18.307000	1.901000	-34.284000
50009.970890	0.758000	2.678000	9.840000	0.091000	-0.298000	-0.221000	-18.307000	1.901000	-34.284000
50009.979710	0.818000	2.784000	9.734000	0.117000	-0.268000	-0.172000	-18.670000	1.528000	-34.284000
50009.990420	0.831000	2.761000	9.603000	0.151000	-0.258000	-0.123000	-18.670000	1.528000	-34.284000
50010.001960	0.846000	2.778000	9.446000	0.169000	-0.257000	-0.091000	-18.670000	1.528000	-34.284000
50010.009710	0.848000	2.832000	9.378000	0.169000	-0.232000	-0.074000	-19.004000	1.528000	-34.284000
50010.020910	0.910000	2.862000	9.408000	0.157000	-0.190000	-0.054000	-19.004000	1.155000	-34.284000
50010.030950	0.994000	2.880000	9.547000	0.120000	-0.159000	-0.026000	-19.004000	1.155000	-34.284000
50010.040470	0.999000	2.971000	9.784000	0.096000	-0.141000	-0.014000	-19.004000	1.155000	-33.970000
50010.052530	0.959000	3.010000	10.023000	0.053000	-0.133000	0.003000	-19.332000	1.155000	-33.970000
50010.060770	0.950000	2.992000	10.016000	0.023000	-0.107000	0.023000	-19.332000	0.796000	-33.970000
50010.069680	0.863000	2.941000	9.767000	0.016000	-0.085000	0.042000	-19.332000	0.796000	-33.970000
50010.078410	0.787000	3.013000	9.377000	0.050000	-0.068000	0.052000	-19.332000	0.796000	-33.970000
50010.089910	0.850000	3.118000	9.058000	0.121000	-0.035000	0.058000	-19.644000	0.796000	-33.970000
50010.098390	0.970000	3.201000	8.819000	0.193000	-0.011000	0.075000	-19.644000	0.482000	-33.970000
50010.108280	1.127000	3.276000	8.721000	0.237000	-0.005000	0.105000	-19.644000	0.482000	-33.970000
50010.118260	1.325000	3.364000	8.650000	0.239000	-0.013000	0.130000	-19.644000	0.482000	-33.970000
50010.128240	1.483000	3.414000	8.782000	0.204000	-0.026000	0.147000	-19.644000	0.482000	-33.970000
50010.138250	1.563000	3.374000	8.942000	0.146000	-0.038000	0.157000	-19.644000	0.482000	-33.970000
50010.148260	1.602000	3.294000	9.115000	0.066000	-0.036000	0.151000	-19.969000	0.482000	-33.970000
50010.158300	1.542000	3.244000	9.395000	0.022000	-0.021000	0.142000	-19.969000	0.482000	-33.970000
50010.170320	1.490000	3.232000	9.643000	-0.053000	-0.008000	0.121000	-19.969000	0.482000	-33.970000
50010.179480	1.404000	3.095000	9.682000	-0.103000	0.020000	0.104000	-19.969000	0.482000	-33.970000
50010.191690	1.341000	3.001000	9.518000	-0.116000	0.036000	0.078000	-19.969000	0.482000	-33.970000
50010.200350	1.343000	2.987000	9.207000	-0.078000	0.045000	0.044000	-19.969000	0.160000	-33.970000
50010.210180	1.398000	3.008000	9.035000	0.005000	0.049000	0.031000	-19.969000	0.160000	-33.970000
50010.221320	1.499000	3.044000	9.052000	0.087000	0.018000	0.031000	-19.969000	0.160000	-33.651000
50010.232090	1.565000	3.072000	9.211000	0.120000	-0.033000	0.031000	-19.969000	0.160000	-33.651000
50010.241310	1.562000	3.008000	9.299000	0.106000	-0.073000	0.027000	-19.969000	0.160000	-33.651000
50010.249060	1.536000	2.898000	9.374000	0.077000	-0.104000	0.023000	-19.969000	0.160000	-33.651000
50010.262120	1.523000	2.902000	9.522000	0.041000	-0.130000	0.018000	-19.969000	0.160000	-33.651000
50010.270300	1.526000	2.917000	9.725000	-0.003000	-0.125000	0.025000	-19.969000	0.160000	-33.651000
50010.282380	1.465000	2.929000	9.869000	-0.030000	-0.079000	0.037000	-19.969000	0.160000	-33.651000
50010.288700	1.429000	2.939000	9.910000	-0.081000	-0.048000	0.070000	-19.969000	0.160000	-33.651000
50010.299510	1.417000	2.968000	9.781000	-0.106000	0.005000	0.090000	-19.969000	0.160000	-33.651000
50010.309910	1.380000	3.014000	9.587000	-0.093000	0.049000	0.095000	-19.969000	0.160000	-33.651000
50010.319590	1.381000	3.083000	9.320000	-0.049000	0.089000	0.096000	-19.969000	0.160000	-33.651000
50010.331400	1.448000	3.155000	9.130000	0.016000	0.113000	0.094000	-19.969000	0.160000	-33.651000
50010.339850	1.465000	3.211000	9.008000	0.076000	0.100000	0.090000	-19.969000	0.160000	-33.651000
50010.351390	1.460000	3.272000	8.929000	0.117000	0.061000	0.082000	-19.969000	0.160000	-33.651000
50010.359900	1.480000	3.234000	8.899000	0.134000	0.001000	0.071000	-19.969000	0.160000	-33.651000
50010.371340	1.474000	3.190000	8.969000	0.118000	-0.049000	0.060000	-19.969000	0.160000	-33.651000
50010.381320	1.496000	3.143000	9.188000	0.063000	-0.068000	0.045000	-19.969000	0.160000	-33.651000
50010.390360	1.550000	3.209000	9.338000	0.004000	-0.054000	0.038000	-19.969000	0.160000	-33.651000
50010.400030	1.608000	3.272000	9.485000	-0.020000	-0.043000	0.039000	-19.969000	0.160000	-33.651000
50010.411320	1.646000	3.272000	9.570000	-0.049000	-0.043000	0.049000	-19.969000	0.160000	-33.651000
50010.421330	1.570000	3.217000	9.531000	-0.053000	-0.049000	0.054000	-19.969000	0.160000	-33.651000
50010.429300	1.460000	3.111000	9.413000	-0.032000	-0.062000	0.046000	-19.969000	0.160000	-33.651000
50010.440130	1.399000	3.078000	9.236000	-0.002000	-0.078000	0.027000	-19.969000	0.160000	-33.651000
50010.449900	1.370000	3.107000	9.076000	0.035000	-0.084000	0.008000	-19.969000	0.160000	-33.651000
50010.460970	1.423000	3.112000	9.013000	0.067000	-0.086000	-0.003000	-19.969000	0.160000	-33.651000
50010.470400	1.434000	3.106000	9.015000	0.078000	-0.098000	-0.007000	-19.969000	0.160000	-33.326000
50010.480230	1.499000	3.106000	9.042000	0.068000	-0.116000	-0.004000	-19.969000	0.160000	-33.326000
50010.491640	1.532000	3.111000	9.185000	0.035000	-0.118000	0.009000	-19.969000	0.160000	-33.326000
50010.499850	1.590000	3.147000	9.379000	-0.010000	-0.106000	0.027000	-19.969000	0.160000	-33.326000
50010.509920	1.629000	3.110000	9.522000	-0.057000	-0.091000	0.043000	-19.969000	0.160000	-33.326000
50010.520640	1.644000	2.988000	9.588000	-0.079000	-0.075000	0.048000	-19.969000	0.160000	-33.326000
50010.531440	1.615000	2.960000	9.589000	-0.112000	-0.060000	0.048000	-19.969000	0.160000	-33.326000
50010.541200	1.565000	2.990000	9.548000	-0.125000	-0.048000	0.045000	-19.969000	0.160000	-33.326000
50010.550790	1.519000	3.007000	9.430000	-0.115000	-0.018000	0.038000	-19.969000	0.160000	-33.326000
50010.560830	1.473000	3.007000	9.291000	-0.084000	-0.005000	0.034000	-19.969000	0.160000	-33.326000
50010.571600	1.399000	3.022000	9.209000	-0.052000	-0.013000	0.026000	-19.969000	0.160000	-33.326000
50010.580480	1.438000	3.064000	9.159000	-0.035000	-0.010000	0.017000	-19.969000	0.486000	-33.326000
50010.593910	1.502000	3.014000	9.139000	-0.019000	-0.013000	0.013000	-19.969000	0.486000	-33.326000
50010.599830	1.541000	2.993000	9.243000	-0.013000	-0.035000	0.014000	-19.969000	0.486000	-33.326000
50010.611360	1.594000	3.054000	9.469000	-0.027000	-0.048000	0.019000	-19.969000	0.486000	-33.326000
50010.619850	1.656000	3.056000	9.720000	-0.053000	-0.053000	0.030000	-19.969000	0.486000	-33.326000
50010.640750	1.691000	2.999000	9.914000	-0.096000	-0.097000	0.046000	-20.298000	0.486000	-33.326000
50010.649270	1.741000	3.011000	9.926000	-0.091000	-0.112000	0.041000	-20.298000	0.486000	-33.326000
50010.661570	1.804000	3.008000	9.849000	-0.060000	-0.111000	0.027000	-20.298000	0.486000	-33.326000
50010.669290	1.809000	3.056000	9.698000	-0.022000	-0.105000	0.016000	-20.298000	0.486000	-33.326000
50010.680730	1.806000	3.133000	9.576000	0.004000	-0.093000	0.010000	-20.298000	0.486000	-33.326000
50010.691440	1.817000	3.160000	9.483000	0.025000	-0.083000	0.003000	-20.298000	0.486000	-33.326000
50010.699440	1.778000	3.149000	9.383000	0.018000	-0.062000	-0.007000	-20.298000	0.791000	-33.326000
50010.709840	1.782000	3.096000	9.411000	-0.002000	-0.029000	-0.022000	-20.298000	0.791000	-33.326000
50010.721350	1.733000	3.092000	9.618000	-0.015000	-0.003000	-0.034000	-20.298000	0.791000	-33.326000
50010.729280	1.749000	3.026000	9.707000	-0.024000	0.009000	-0.043000	-20.298000	0.791000	-33.326000
50010.740850	1.811000	2.966000	9.798000	-0.011000	-0.004000	-0.055000	-20.298000	0.791000	-33.326000
50010.749980	1.890000	3.026000	9.988000	0.031000	-0.031000	-0.075000	-20.600000	0.791000	-33.326000
50010.760900	1.988000	3.110000	9.884000	0.058000	-0.059000	-0.086000	-20.600000	0.791000	-33.326000
50010.774110	2.090000	3.178000	9.531000	0.131000	-0.081000	-0.113000	-20.600000	0.791000	-33.326000
50010.779120	2.113000	3.306000	9.134000	0.236000	-0.151000	-0.160000	-20.600000	0.791000	-33.326000
50010.792550	2.139000	3.434000	8.909000	0.345000	-0.237000	-0.220000	-20.600000	0.791000	-33.326000
50010.800090	2.191000	3.474000	8.841000	0.415000	-0.336000	-0.276000	-20.600000	0.791000	-33.326000
50010.811320	2.224000	3.405000	8.942000	0.425000	-0.447000	-0.327000	-20.600000	0.791000	-33.326000
50010.820560	2.227000	3.402000	9.156000	0.398000	-0.541000	-0.371000	-20.600000	0.791000	-33.326000
50010.829810	2.217000	3.399000	9.221000	0.356000	-0.597000	-0.399000	-20.976000	0.791000	-33.326000
50010.841100	2.238000	3.351000	9.276000	0.308000	-0.624000	-0.407000	-20.976000	0.454000	-33.326000
50010.849550	2.255000	3.387000	9.392000	0.271000	-0.616000	-0.403000	-20.976000	0.454000	-33.326000
50010.861550	2.270000	3.446000	9.466000	0.250000	-0.581000	-0.400000	-21.281000	0.454000	-32.971000
50010.869240	2.227000	3.512000	9.331000	0.249000	-0.552000	-0.404000	-21.281000	0.149000	-32.971000
50010.881600	2.185000	3.572000	8.913000	0.267000	-0.540000	-0.411000	-21.281000	0.149000	-32.971000
50010.889200	2.207000	3.614000	8.496000	0.317000	-0.542000	-0.434000	-21.736000	0.149000	-32.971000
50010.901590	2.227000	3.648000	8.221000	0.363000	-0.558000	-0.451000	-21.736000	-0.244000	-32.971000
50010.909460	2.298000	3.649000	8.247000	0.359000	-0.576000	-0.453000	-22.311000	-0.244000	-32.971000
50010.921610	2.394000	3.566000	8.666000	0.294000	-0.584000	-0.444000	-22.311000	-0.566000	-32.971000
50010.929200	2.550000	3.475000	9.090000	0.186000	-0.582000	-0.429000	-23.031000	-0.566000	-32.971000
50010.941630	2.228000	3.485000	9.586000	0.088000	-0.584000	-0.410000	-23.342000	-0.929000	-32.656000
50010.951850	2.477000	3.694000	9.913000	0.031000	-0.582000	-0.385000	-23.342000	-0.929000	-32.656000
50010.961520	2.459000	3.651000	9.981000	0.034000	-0.556000	-0.352000	-23.814000	-1.289000	-32.656000
50010.969270	2.456000	3.601000	9.852000	0.098000	-0.524000	-0.346000	-23.814000	-1.289000	-32.656000
50010.981270	2.398000	3.539000	9.385000	0.199000	-0.487000	-0.376000	-24.200000	-1.646000	-32.656000
50010.991430	2.348000	3.710000	8.982000	0.258000	-0.464000	-0.398000	-24.554000	-1.646000	-32.656000
50011.002940	2.441000	3.883000	8.628000	0.378000	-0.474000	-0.402000	-24.554000	-2.021000	-32.279000
50011.012980	2.662000	4.003000	8.379000	0.469000	-0.492000	-0.396000	-24.554000	-2.021000	-32.279000
50011.019450	2.843000	4.115000	8.486000	0.496000	-0.538000	-0.384000	-24.971000	-2.400000	-32.279000
50011.029330	3.016000	4.202000	8.754000	0.453000	-0.570000	-0.377000	-25.312000	-2.400000	-32.279000
50011.042000	3.045000	4.171000	9.206000	0.370000	-0.586000	-0.377000	-25.312000	-2.781000	-31.875000
50011.051430	3.017000	4.108000	9.539000	0.283000	-0.581000	-0.389000	-25.312000	-2.781000	-31.875000
50011.061320	3.024000	4.096000	9.577000	0.243000	-0.576000	-0.427000	-25.312000	-3.207000	-31.875000
50011.071260	3.054000	4.095000	9.357000	0.292000	-0.612000	-0.474000	-25.733000	-3.207000	-31.546000
50011.083200	3.106000	4.189000	9.055000	0.431000	-0.682000	-0.517000	-26.045000	-3.785000	-31.546000
50011.091340	3.215000	4.277000	8.810000	0.599000	-0.794000	-0.559000	-26.045000	-4.345000	-31.216000
50011.099980	3.267000	4.302000	8.665000	0.721000	-0.921000	-0.597000	-26.611000	-4.953000	-31.216000
50011.109960	3.306000	4.377000	8.549000	0.757000	-1.030000	-0.627000	-27.128000	-5.577000	-31.216000
50011.122750	3.399000	4.530000	8.399000	0.794000	-1.112000	-0.638000	-27.445000	-6.002000	-30.792000
50011.132360	3.479000	4.674000	8.381000	0.796000	-1.139000	-0.653000	-27.935000	-6.759000	-30.792000
50011.142770	3.476000	4.709000	8.408000	0.768000	-1.162000	-0.664000	-28.248000	-7.177000	-30.387000
50011.149300	3.452000	4.727000	8.364000	0.726000	-1.160000	-0.687000	-28.248000	-7.597000	-29.667000
50011.161600	3.455000	4.785000	8.404000	0.708000	-1.156000	-0.710000	-29.022000	-8.076000	-28.955000
50011.169470	3.465000	4.815000	8.451000	0.710000	-1.175000	-0.723000	-29.753000	-8.621000	-28.140000
50011.180730	3.556000	4.850000	8.590000	0.724000	-1.208000	-0.731000	-30.210000	-8.946000	-27.333000
50011.189670	3.712000	5.061000	8.332000	0.770000	-1.256000	-0.744000	-30.210000	-9.611000	-26.258000
50011.202250	3.944000	5.344000	7.964000	0.862000	-1.343000	-0.754000	-30.787000	-10.166000	-25.862000
50011.211550	4.067000	5.483000	7.653000	0.976000	-1.452000	-0.772000	-31.373000	-10.740000	-24.920000
50011.220950	4.108000	5.553000	7.445000	1.046000	-1.535000	-0.805000	-31.373000	-11.431000	-24.920000
50011.231420	4.198000	5.810000	7.415000	1.054000	-1.592000	-0.839000	-31.951000	-11.853000	-23.843000
50011.242900	4.322000	6.023000	7.772000	1.016000	-1.611000	-0.845000	-31.951000	-12.557000	-23.068000
50011.252330	4.490000	6.268000	7.781000	0.924000	-1.594000	-0.842000	-32.427000	-12.557000	-22.474000
50011.262910	4.599000	6.640000	7.758000	0.828000	-1.523000	-0.839000	-32.427000	-13.461000	-22.082000
50011.271430	4.451000	6.856000	7.776000	0.795000	-1.443000	-0.844000	-32.427000	-13.803000	-21.464000
50011.279670	4.331000	6.936000	7.393000	0.851000	-1.373000	-0.881000	-33.103000	-14.416000	-20.617000
50011.291880	4.418000	6.959000	6.516000	0.991000	-1.374000	-0.964000	-33.103000	-15.286000	-19.898000
50011.301150	4.981000	7.176000	5.823000	1.201000	-1.492000	-1.066000	-33.103000	-15.931000	-19.255000
50011.312260	5.598000	7.566000	5.604000	1.405000	-1.674000	-1.157000	-33.641000	-16.676000	-18.154000
50011.321510	6.303000	7.821000	5.356000	1.542000	-1.903000	-1.251000	-33.641000	-17.417000	-16.856000
50011.331430	6.947000	8.241000	5.517000	1.662000	-2.248000	-1.403000	-34.320000	-18.739000	-15.211000
50011.341500	7.243000	8.535000	5.871000	1.852000	-2.744000	-1.640000	-34.320000	-19.609000	-14.028000
50011.351480	8.143000	9.002000	5.817000	1.981000	-3.388000	-1.962000	-34.320000	-20.678000	-11.485000
50011.360050	9.061000	9.445000	5.445000	2.306000	-4.166000	-2.147000	-34.320000	-22.401000	-8.424000
50011.372050	10.551000	10.188000	4.132000	2.704000	-4.584000	-2.534000	-34.320000	-23.582000	-6.022000
50011.381630	11.628000	10.906000	2.604000	3.088000	-5.403000	-2.902000	-34.320000	-25.230000	-1.789000
50011.391210	11.173000	10.751000	2.348000	3.307000	-6.095000	-3.236000	-34.320000	-26.390000	0.959000
50011.399720	10.135000	9.786000	2.310000	3.253000	-6.495000	-3.598000	-34.320000	-27.633000	4.174000
50011.409770	8.926000	9.402000	2.342000	2.993000	-6.621000	-3.978000	-33.694000	-29.525000	6.958000
50011.421120	7.775000	9.477000	2.165000	2.721000	-6.672000	-4.237000	-31.701000	-30.709000	8.480000
50011.429660	6.932000	9.412000	1.446000	2.516000	-6.704000	-4.300000	-29.515000	-32.194000	10.714000
50011.440680	5.978000	9.421000	0.921000	2.322000	-6.639000	-4.219000	-27.432000	-32.620000	13.053000
50011.449680	4.981000	9.104000	0.661000	2.060000	-6.370000	-4.061000	-25.329000	-33.483000	14.559000
50011.459630	4.052000	8.643000	0.648000	1.735000	-5.934000	-3.873000	-23.223000	-34.529000	16.151000
50011.469670	3.236000	8.431000	0.600000	1.560000	-5.455000	-3.681000	-21.556000	-34.529000	16.665000
50011.479680	2.488000	8.474000	0.385000	1.209000	-4.952000	-3.573000	-19.848000	-35.452000	17.768000
50011.491890	1.903000	8.477000	0.077000	0.890000	-4.690000	-3.329000	-18.383000	-35.896000	17.768000
50011.499610	1.329000	8.348000	-0.086000	0.621000	-4.166000	-3.076000	-16.923000	-35.896000	18.283000
50011.509620	0.364000	8.009000	0.066000	0.378000	-3.649000	-2.858000	-15.803000	-36.984000	18.601000
50011.521700	-0.635000	7.607000	0.159000	0.137000	-3.150000	-2.689000	-14.666000	-36.984000	18.927000
50011.533150	-1.328000	7.286000	0.394000	-0.084000	-2.714000	-2.545000	-13.395000	-38.139000	18.927000
50011.540290	-1.581000	7.118000	1.031000	-0.262000	-2.398000	-2.370000	-12.185000	-38.139000	18.927000
50011.550420	-1.626000	7.059000	1.923000	-0.425000	-2.184000	-2.167000	-11.468000	-38.139000	18.927000
50011.562840	-1.666000	6.979000	2.646000	-0.541000	-2.031000	-1.974000	-10.304000	-38.827000	18.927000
50011.569830	-1.724000	7.037000	2.799000	-0.535000	-1.982000	-1.809000	-9.614000	-38.827000	18.397000
50011.582530	-1.607000	7.185000	2.697000	-0.390000	-2.051000	-1.668000	-8.432000	-39.256000	18.775000
50011.590340	-1.445000	7.275000	2.636000	-0.289000	-2.145000	-1.547000	-7.743000	-39.256000	18.319000
50011.601320	-1.430000	7.309000	2.403000	-0.100000	-2.177000	-1.487000	-6.953000	-39.256000	18.319000
50011.609870	-1.858000	7.224000	2.055000	0.012000	-2.158000	-1.362000	-6.286000	-39.256000	18.319000
50011.623420	-2.419000	7.336000	1.561000	0.055000	-2.061000	-1.223000	-6.286000	-39.256000	18.319000
50011.629980	-2.518000	7.593000	1.028000	0.054000	-1.914000	-1.085000	-5.818000	-39.587000	18.319000
50011.641850	-2.084000	7.858000	0.824000	-0.003000	-1.713000	-0.929000	-5.433000	-39.587000	18.319000
50011.651890	-1.519000	8.159000	1.585000	-0.142000	-1.445000	-0.751000	-5.433000	-39.587000	18.319000
50011.661870	-1.001000	8.368000	2.495000	-0.338000	-1.118000	-0.603000	-4.888000	-39.587000	18.319000
50011.674780	-0.670000	8.632000	2.886000	-0.479000	-0.862000	-0.518000	-4.888000	-39.587000	18.319000
50011.680670	-0.622000	8.764000	2.840000	-0.425000	-0.816000	-0.495000	-3.881000	-39.587000	18.319000
50011.691930	-0.821000	8.653000	2.507000	-0.168000	-0.941000	-0.550000	-3.881000	-39.587000	18.319000
50011.701910	-1.091000	8.516000	1.955000	0.161000	-1.111000	-0.651000	-3.424000	-39.587000	18.319000
50011.711860	-1.243000	8.635000	1.470000	0.309000	-1.263000	-0.735000	-2.986000	-39.587000	18.319000
50011.721780	-1.918000	8.680000	0.728000	0.531000	-1.337000	-0.752000	-2.986000	-39.909000	18.319000
50011.730930	-2.038000	8.745000	-0.330000	0.641000	-1.330000	-0.726000	-2.578000	-39.909000	18.319000
50011.744240	-1.824000	9.058000	-0.891000	0.666000	-1.231000	-0.655000	-2.578000	-39.909000	18.319000
50011.751200	-1.624000	9.398000	-0.579000	0.628000	-1.053000	-0.547000	-2.578000	-39.909000	18.319000
50011.761510	-1.507000	9.348000	-0.220000	0.472000	-0.834000	-0.423000	-2.099000	-40.251000	18.319000
50011.770420	-1.563000	9.324000	0.040000	0.240000	-0.613000	-0.329000	-2.099000	-40.251000	18.629000
50011.781900	-1.498000	9.437000	0.242000	0.061000	-0.468000	-0.261000	-2.099000	-40.251000	18.629000
50011.791080	-1.400000	9.595000	0.426000	-0.043000	-0.374000	-0.205000	-2.099000	-40.251000	18.629000
50011.801400	-1.302000	9.861000	0.397000	-0.108000	-0.269000	-0.153000	-2.099000	-40.251000	18.629000
50011.811930	-1.362000	9.855000	0.106000	-0.135000	-0.163000	-0.110000	-2.099000	-40.251000	18.629000
50011.821450	-1.408000	9.790000	-0.230000	-0.110000	-0.081000	-0.095000	-2.099000	-40.251000	18.629000
50011.832070	-1.329000	9.871000	-0.384000	-0.076000	-0.038000	-0.131000	-2.099000	-40.251000	18.629000
50011.840730	-1.304000	10.057000	-0.526000	0.031000	-0.067000	-0.155000	-2.099000	-40.251000	18.629000
50011.855080	-1.278000	10.089000	-0.694000	0.163000	-0.125000	-0.195000	-2.099000	-40.251000	18.971000
50011.860690	-1.334000	9.971000	-0.696000	0.251000	-0.310000	-0.234000	-1.754000	-40.251000	18.971000
50011.871280	-1.607000	9.787000	-0.363000	0.252000	-0.478000	-0.273000	-1.754000	-40.251000	18.971000
50011.881600	-1.786000	9.620000	-0.113000	0.141000	-0.535000	-0.299000	-1.380000	-40.251000	18.971000
50011.891610	-1.878000	9.474000	0.348000	-0.053000	-0.459000	-0.292000	-1.380000	-40.251000	18.971000
50011.901220	-1.894000	9.408000	0.798000	-0.248000	-0.291000	-0.249000	-1.071000	-40.251000	19.297000
50011.911750	-1.799000	9.444000	0.985000	-0.392000	-0.102000	-0.194000	-1.071000	-40.251000	19.297000
50011.921610	-1.784000	9.622000	0.827000	-0.449000	0.066000	-0.148000	-1.071000	-40.251000	19.297000
50011.932810	-1.706000	9.714000	0.614000	-0.404000	0.163000	-0.110000	-0.749000	-40.251000	19.297000
50011.941720	-1.717000	9.617000	0.499000	-0.298000	0.186000	-0.092000	-0.749000	-40.251000	19.297000
50011.961250	-1.853000	9.489000	0.394000	-0.111000	0.067000	-0.133000	-0.749000	-40.251000	19.297000
50011.972810	-1.932000	9.452000	0.388000	-0.001000	0.006000	-0.182000	-0.422000	-40.251000	19.297000
50011.982370	-2.139000	9.330000	0.514000	0.064000	-0.129000	-0.218000	-0.422000	-40.251000	18.986000
50011.990330	-2.157000	9.255000	0.574000	0.053000	-0.237000	-0.243000	-0.422000	-40.251000	18.986000
50012.001710	-2.301000	9.234000	0.763000	-0.029000	-0.260000	-0.250000	-0.422000	-40.251000	18.986000
50012.011570	-2.378000	9.219000	0.917000	-0.136000	-0.194000	-0.232000	-0.097000	-40.251000	18.986000
50012.020850	-2.410000	9.091000	0.976000	-0.226000	-0.063000	-0.199000	-0.097000	-40.567000	18.986000
50012.034830	-2.340000	9.173000	1.040000	-0.268000	0.076000	-0.162000	-0.097000	-40.567000	18.986000
50012.040780	-2.143000	9.336000	0.945000	-0.270000	0.147000	-0.133000	-0.097000	-40.567000	18.986000
50012.050940	-1.944000	9.476000	0.805000	-0.230000	0.169000	-0.098000	-0.097000	-40.567000	18.600000
50012.062750	-1.964000	9.578000	0.566000	-0.147000	0.147000	-0.081000	0.231000	-40.567000	18.600000
50012.071970	-2.027000	9.531000	0.253000	-0.092000	0.078000	-0.107000	0.231000	-40.567000	18.600000
50012.081950	-2.096000	9.418000	0.053000	0.039000	-0.037000	-0.133000	0.231000	-40.567000	18.600000
50012.090730	-2.136000	9.336000	0.013000	0.158000	-0.112000	-0.194000	0.231000	-40.567000	18.600000
50012.101420	-2.208000	9.255000	0.138000	0.199000	-0.246000	-0.244000	0.231000	-40.567000	18.600000
50012.111610	-2.260000	9.306000	0.296000	0.145000	-0.304000	-0.255000	0.231000	-40.567000	18.258000
50012.120890	-2.315000	9.396000	0.467000	0.022000	-0.283000	-0.220000	0.596000	-40.567000	18.258000
50012.131570	-2.342000	9.484000	0.743000	-0.123000	-0.177000	-0.160000	0.596000	-40.567000	18.258000
50012.141490	-2.400000	9.500000	0.967000	-0.246000	-0.013000	-0.117000	0.596000	-40.567000	18.258000
50012.151650	-2.396000	9.524000	1.086000	-0.303000	0.130000	-0.098000	0.596000	-40.567000	18.258000
50012.162480	-2.218000	9.622000	0.853000	-0.258000	0.175000	-0.094000	0.596000	-40.567000	18.258000
50012.171880	-2.051000	9.799000	0.390000	-0.137000	0.118000	-0.107000	0.938000	-40.567000	18.258000
50012.181550	-1.879000	9.991000	-0.211000	0.016000	0.022000	-0.125000	0.938000	-40.567000	18.258000
50012.191050	-1.826000	10.068000	-0.617000	0.092000	-0.087000	-0.146000	0.938000	-40.567000	17.953000
50012.200480	-1.853000	10.029000	-0.681000	0.203000	-0.142000	-0.164000	0.938000	-40.567000	17.953000
50012.212800	-1.967000	9.957000	-0.543000	0.238000	-0.232000	-0.220000	0.938000	-40.567000	17.953000
50012.220560	-2.102000	9.936000	-0.336000	0.197000	-0.307000	-0.285000	1.278000	-40.567000	17.953000
50012.230810	-2.139000	9.943000	-0.114000	0.114000	-0.381000	-0.347000	1.278000	-40.567000	17.953000
50012.240610	-2.178000	9.843000	0.127000	0.017000	-0.421000	-0.372000	1.278000	-40.567000	17.953000
50012.250520	-2.149000	9.861000	0.269000	-0.088000	-0.396000	-0.371000	1.278000	-40.567000	17.953000
50012.260690	-2.234000	9.822000	0.494000	-0.172000	-0.352000	-0.376000	1.676000	-40.567000	17.953000
50012.270700	-2.204000	9.674000	0.560000	-0.217000	-0.337000	-0.380000	1.676000	-40.567000	17.642000
50012.280800	-2.266000	9.522000	0.520000	-0.240000	-0.321000	-0.385000	1.676000	-40.567000	17.642000
50012.292970	-2.282000	9.354000	0.523000	-0.249000	-0.307000	-0.398000	1.676000	-40.567000	17.642000
50012.302560	-2.327000	8.999000	0.803000	-0.251000	-0.318000	-0.416000	2.078000	-40.567000	17.642000
50012.312510	-2.513000	8.559000	1.094000	-0.263000	-0.348000	-0.452000	2.078000	-40.567000	17.308000
50012.323920	-2.747000	8.133000	1.499000	-0.294000	-0.403000	-0.509000	2.395000	-40.567000	17.308000
50012.332590	-2.953000	7.603000	2.145000	-0.310000	-0.489000	-0.535000	2.395000	-40.567000	17.308000
50012.343690	-3.003000	7.036000	2.886000	-0.344000	-0.541000	-0.575000	2.735000	-40.567000	17.308000
50012.352060	-3.234000	6.410000	3.481000	-0.399000	-0.647000	-0.598000	2.735000	-40.567000	16.935000
50012.362710	-3.471000	5.731000	4.005000	-0.490000	-0.723000	-0.593000	3.572000	-40.567000	16.935000
50012.371530	-3.516000	4.900000	4.674000	-0.590000	-0.732000	-0.558000	3.915000	-40.567000	16.935000
50012.393130	-3.489000	3.802000	5.881000	-0.612000	-0.660000	-0.416000	4.913000	-40.567000	16.503000
50012.403420	-3.511000	2.329000	7.609000	-0.584000	-0.676000	-0.328000	5.317000	-40.873000	16.186000
50012.412820	-3.165000	0.844000	9.776000	-0.539000	-0.718000	-0.221000	5.741000	-40.873000	15.725000
50012.422610	-2.537000	-0.525000	12.946000	-0.461000	-0.775000	-0.058000	5.741000	-40.873000	15.274000
50012.431250	-1.901000	-1.629000	16.234000	-0.393000	-0.787000	0.165000	5.741000	-40.873000	14.904000
50012.442420	-1.489000	-3.049000	18.340000	-0.138000	-0.762000	0.281000	6.114000	-40.873000	14.904000
50012.451390	-0.901000	-4.585000	19.305000	0.388000	-0.650000	0.494000	6.114000	-40.873000	14.904000
50012.462560	-0.626000	-6.727000	18.903000	1.230000	-0.479000	0.685000	6.114000	-40.873000	14.904000
50012.471900	-0.281000	-9.813000	18.425000	2.278000	-0.276000	0.873000	6.114000	-40.873000	14.904000
50012.481390	0.511000	-12.992000	19.336000	3.368000	-0.049000	1.073000	6.114000	-40.873000	16.111000
50012.492620	1.994000	-15.422000	19.609000	4.387000	0.217000	1.325000	6.114000	-40.873000	18.495000
50012.500890	3.269000	-17.354000	19.609000	5.353000	0.495000	1.684000	6.114000	-38.769000	21.846000
50012.512850	3.790000	-19.272000	19.609000	6.402000	0.735000	2.071000	6.114000	-35.705000	24.684000
50012.522770	3.332000	-19.609000	15.759000	7.705000	1.045000	2.293000	6.114000	-31.715000	27.160000
50012.531530	2.001000	-19.609000	6.401000	9.152000	1.596000	2.228000	5.149000	-27.104000	30.479000
50012.541910	0.762000	-19.609000	-3.576000	9.931000	2.193000	2.012000	4.200000	-22.647000	33.482000
50012.552010	1.759000	-19.609000	-12.167000	-10.030000	2.410000	1.909000	2.932000	-16.635000	35.394000
50012.562050	3.966000	-19.598000	-18.305000	-10.030000	2.348000	1.956000	1.243000	-11.883000	38.282000
50012.573520	5.449000	-18.511000	-19.609000	-10.030000	2.139000	2.260000	-0.401000	-7.049000	39.541000
50012.581880	6.374000	-18.500000	-19.609000	-10.030000	2.246000	2.611000	-2.239000	-3.424000	40.274000
50012.590860	8.422000	-19.425000	-19.609000	9.528000	2.945000	2.771000	-4.348000	0.277000	40.274000
50012.601840	10.994000	-19.425000	-19.609000	8.621000	3.887000	2.755000	-5.258000	4.614000	39.547000
50012.612740	11.620000	-17.625000	-19.609000	8.433000	4.274000	2.604000	-5.703000	8.850000	39.547000
50012.622260	13.079000	-14.781000	-19.609000	8.989000	3.756000	2.369000	-6.340000	12.705000	38.456000
50012.633520	16.048000	-10.556000	-19.609000	9.233000	2.885000	2.231000	-6.340000	16.380000	37.217000
50012.640870	18.973000	-4.650000	-19.609000	8.517000	2.190000	2.205000	-4.098000	22.447000	35.733000
50012.650920	18.950000	-0.293000	-19.609000	7.088000	1.819000	2.168000	-4.098000	24.938000	34.678000
50012.663270	16.966000	0.776000	-19.609000	5.216000	1.835000	1.991000	-4.756000	26.202000	34.678000
50012.672120	15.110000	0.209000	-19.609000	4.129000	2.016000	1.647000	-4.756000	26.202000	33.770000
50012.683450	13.027000	0.424000	-19.609000	1.896000	2.028000	1.456000	-4.756000	26.718000	34.403000
50012.692140	11.354000	1.933000	-19.609000	0.259000	1.739000	1.097000	-4.756000	26.718000	34.403000
50012.702520	9.874000	3.251000	-19.609000	-0.323000	1.167000	0.801000	-4.756000	26.718000	33.961000
50012.713230	8.193000	4.181000	-19.609000	-0.176000	0.556000	0.568000	-4.756000	26.718000	34.629000
50012.721230	7.102000	4.620000	-19.609000	0.093000	0.113000	0.363000	-5.307000	26.718000	34.629000
50012.733220	6.121000	4.718000	-19.609000	0.104000	-0.021000	0.218000	-5.307000	26.718000	34.629000
50012.741460	5.674000	4.755000	-19.609000	-0.209000	0.172000	0.126000	-5.677000	25.982000	34.936000
50012.754340	5.158000	4.240000	-19.609000	-0.706000	0.557000	0.036000	-5.677000	25.270000	35.330000
50012.761020	4.386000	3.225000	-19.609000	-1.251000	0.812000	-0.093000	-5.677000	24.366000	35.330000
50012.773960	3.722000	2.011000	-19.609000	-1.739000	0.687000	-0.277000	-5.677000	23.013000	35.330000
50012.781040	3.773000	1.635000	-19.116000	-2.084000	0.237000	-0.440000	-5.677000	22.128000	36.161000
50012.791690	4.477000	1.952000	-18.311000	-2.204000	-0.296000	-0.480000	-5.677000	21.101000	36.161000
50012.801060	5.930000	2.112000	-18.783000	-2.367000	-0.511000	-0.445000	-5.677000	19.973000	36.161000
50012.813730	6.957000	1.903000	-18.881000	-2.494000	-0.750000	-0.331000	-5.995000	19.238000	36.161000
50012.821050	7.986000	1.459000	-18.965000	-2.695000	-0.759000	-0.272000	-5.995000	18.057000	35.630000
50012.831820	9.453000	1.451000	-19.563000	-2.954000	-0.636000	-0.320000	-5.995000	16.708000	36.328000
50012.841130	10.050000	1.413000	-19.609000	-3.169000	-0.550000	-0.432000	-5.995000	15.057000	36.929000
50012.851810	9.607000	0.721000	-19.609000	-3.351000	-0.553000	-0.569000	-5.995000	13.064000	37.767000
50012.863470	9.215000	0.045000	-19.609000	-3.625000	-0.579000	-0.752000	-6.320000	10.891000	38.710000
50012.872170	8.965000	-0.440000	-19.609000	-4.059000	-0.565000	-0.943000	-6.320000	8.741000	38.710000
50012.885530	9.030000	-1.041000	-18.939000	-4.582000	-0.475000	-1.115000	-6.320000	6.250000	39.138000
50012.891670	8.925000	-1.331000	-15.660000	-5.096000	-0.438000	-1.297000	-6.320000	3.172000	39.448000
50012.901190	8.352000	-1.226000	-13.257000	-5.473000	-0.669000	-1.498000	-6.320000	0.895000	39.448000
50012.912120	7.326000	-1.368000	-12.062000	-5.562000	-1.142000	-1.698000	-6.320000	-1.860000	38.856000
50012.921580	6.254000	-1.633000	-11.340000	-5.523000	-1.381000	-1.792000	-6.320000	-4.020000	38.856000
50012.935220	5.432000	-1.599000	-11.129000	-5.354000	-1.713000	-1.957000	-6.320000	-6.462000	38.856000
50012.941170	4.857000	-1.556000	-10.905000	-5.266000	-1.800000	-2.085000	-4.804000	-8.898000	38.493000
50012.951240	4.505000	-1.745000	-10.404000	-5.298000	-1.751000	-2.165000	-3.581000	-11.129000	37.998000
50012.963260	4.013000	-2.354000	-9.262000	-5.400000	-1.677000	-2.206000	-2.340000	-13.569000	37.998000
50012.972110	3.225000	-3.129000	-7.659000	-5.563000	-1.646000	-2.264000	-1.107000	-15.980000	38.340000
50012.983370	2.665000	-3.703000	-5.936000	-5.772000	-1.710000	-2.348000	-0.115000	-18.392000	37.728000
50012.992160	2.363000	-4.417000	-3.839000	-5.961000	-1.892000	-2.419000	1.628000	-20.745000	35.241000
50013.001710	1.887000	-4.745000	-1.259000	-6.102000	-2.106000	-2.435000	2.847000	-23.133000	32.882000
50013.012240	1.270000	-4.454000	1.116000	-6.207000	-2.239000	-2.409000	4.040000	-25.535000	31.468000
50013.022310	0.858000	-3.909000	2.564000	-6.206000	-2.303000	-2.333000	5.145000	-26.844000	29.403000
50013.031290	0.615000	-3.106000	2.849000	-6.129000	-2.378000	-2.276000	6.196000	-29.040000	27.671000
50013.042120	0.472000	-2.271000	2.808000	-5.808000	-2.408000	-2.158000	7.255000	-30.345000	25.614000
50013.051310	0.004000	-1.395000	2.729000	-5.344000	-2.391000	-2.039000	7.933000	-31.472000	23.936000
50013.064890	-0.090000	-0.758000	2.592000	-4.867000	-2.299000	-1.892000	8.770000	-32.983000	22.352000
50013.072240	0.096000	-0.751000	2.774000	-4.508000	-2.202000	-1.727000	9.336000	-33.520000	20.518000
50013.083440	0.223000	-0.666000	3.670000	-4.360000	-2.085000	-1.572000	10.165000	-34.632000	18.870000
50013.092840	0.068000	-0.316000	5.180000	-4.439000	-1.833000	-1.448000	10.795000	-35.650000	16.946000
50013.101930	-0.359000	-0.028000	6.809000	-4.640000	-1.484000	-1.350000	11.141000	-36.381000	14.952000
50013.114930	-1.037000	0.257000	8.188000	-4.762000	-1.211000	-1.280000	11.964000	-37.095000	13.125000
50013.121620	-2.207000	0.475000	8.969000	-4.685000	-1.002000	-1.275000	12.417000	-37.538000	11.637000
50013.134010	-3.247000	0.393000	9.227000	-4.390000	-0.818000	-1.311000	12.870000	-37.867000	10.157000
50013.141850	-3.619000	0.737000	9.717000	-3.902000	-0.732000	-1.298000	13.215000	-38.412000	8.587000
50013.151890	-3.612000	1.170000	10.172000	-3.626000	-0.745000	-1.259000	13.215000	-38.412000	7.737000
50013.163490	-3.563000	1.396000	10.300000	-3.118000	-0.760000	-1.118000	14.021000	-38.412000	6.266000
50013.172860	-3.785000	1.522000	10.566000	-2.719000	-0.766000	-0.919000	14.021000	-38.412000	5.654000
50013.182130	-3.982000	1.434000	11.650000	-2.454000	-0.706000	-0.710000	14.021000	-38.412000	5.020000
50013.192910	-4.244000	1.127000	13.339000	-2.331000	-0.497000	-0.531000	14.021000	-38.861000	3.494000
50013.201700	-4.804000	1.004000	14.578000	-2.258000	-0.159000	-0.395000	14.021000	-38.861000	3.494000
50013.211950	-5.268000	1.046000	15.203000	-2.052000	0.175000	-0.284000	14.572000	-38.861000	2.940000
50013.223490	-5.266000	0.569000	15.004000	-1.583000	0.393000	-0.179000	14.057000	-38.395000	2.581000
50013.231970	-4.855000	0.235000	14.134000	-0.858000	0.458000	-0.069000	14.057000	-38.395000	3.173000
50013.247110	-4.414000	0.195000	13.148000	-0.003000	0.361000	0.055000	14.057000	-38.395000	3.173000
50013.251500	-3.985000	0.348000	12.227000	0.796000	0.183000	0.202000	14.057000	-38.395000	4.273000
50013.262730	-3.719000	0.191000	11.587000	1.408000	0.015000	0.347000	13.725000	-38.395000	4.273000
50013.273900	-3.670000	-0.681000	11.402000	1.627000	-0.082000	0.417000	13.725000	-38.395000	4.273000
50013.281990	-3.639000	-1.718000	12.054000	1.904000	-0.072000	0.531000	13.725000	-38.395000	5.667000
50013.293980	-3.742000	-3.190000	12.954000	2.048000	0.064000	0.608000	13.725000	-38.395000	6.811000
50013.301550	-3.821000	-5.198000	14.375000	2.220000	0.268000	0.713000	13.725000	-38.395000	7.533000
50013.312930	-3.579000	-7.057000	16.282000	2.518000	0.403000	0.835000	14.044000	-38.696000	8.448000
50013.322030	-2.206000	-8.465000	17.747000	2.933000	0.447000	0.976000	14.044000	-38.696000	9.379000
50013.332860	0.263000	-9.589000	18.106000	3.478000	0.491000	1.213000	14.044000	-38.696000	11.511000
50013.342840	2.711000	-10.799000	16.276000	4.183000	0.554000	1.550000	14.044000	-38.696000	13.488000
50013.351930	4.003000	-12.216000	12.617000	5.059000	0.670000	1.875000	12.806000	-38.381000	16.006000
50013.362830	4.386000	-13.938000	9.113000	6.041000	0.921000	2.091000	11.343000	-37.049000	19.012000
50013.372630	3.952000	-16.398000	6.958000	6.930000	1.368000	2.168000	10.137000	-34.178000	21.682000
50013.383210	3.504000	-19.160000	5.406000	7.572000	1.901000	2.140000	8.903000	-31.260000	24.113000
50013.392920	3.236000	-19.609000	3.744000	7.836000	2.299000	2.108000	7.933000	-28.068000	26.922000
50013.401830	3.700000	-19.609000	2.401000	8.395000	2.386000	2.048000	6.672000	-24.516000	29.148000
50013.412630	4.252000	-19.609000	0.228000	9.073000	2.327000	2.046000	5.535000	-21.038000	31.349000
50013.422700	5.929000	-19.609000	-5.250000	9.710000	2.066000	2.114000	4.252000	-16.752000	33.366000
50013.431740	8.685000	-19.609000	-14.773000	9.978000	1.793000	2.230000	2.351000	-12.155000	36.436000
50013.441690	12.585000	-19.609000	-19.609000	-10.030000	1.819000	2.430000	0.807000	-7.244000	38.069000
50013.451700	18.073000	-19.609000	-19.609000	-10.030000	2.282000	2.708000	-0.608000	-1.449000	38.688000
50013.461770	15.262000	-18.008000	-19.609000	-10.030000	2.997000	2.822000	-1.640000	4.154000	39.169000
50013.473760	10.537000	-14.445000	-19.609000	-10.030000	3.735000	2.572000	-2.586000	9.173000	39.169000
50013.481700	9.673000	-11.086000	-19.609000	9.948000	4.362000	2.155000	-3.562000	13.116000	38.453000
50013.491580	12.700000	-7.436000	-19.609000	8.863000	4.598000	1.967000	-4.217000	15.487000	37.937000
50013.501560	13.613000	-5.201000	-19.609000	6.570000	3.834000	2.085000	-3.909000	17.404000	37.239000
50013.511570	12.263000	-5.183000	-19.609000	5.590000	1.862000	2.153000	-3.909000	19.296000	36.863000
50013.522410	11.031000	-5.748000	-19.609000	4.744000	0.707000	2.050000	-3.414000	21.704000	35.961000
50013.531590	12.795000	-2.249000	-19.609000	4.887000	-1.083000	1.679000	-2.983000	23.908000	35.067000
50013.541570	14.855000	3.820000	-19.609000	5.071000	-1.722000	1.400000	-2.983000	26.863000	35.067000
50013.553320	13.828000	7.132000	-19.609000	4.938000	-1.345000	1.417000	-3.341000	27.565000	33.796000
50013.562750	11.088000	7.811000	-19.609000	4.342000	-0.335000	1.466000	-4.054000	28.523000	33.796000
50013.572850	8.360000	5.998000	-19.609000	2.981000	0.918000	1.163000	-4.609000	28.523000	33.796000
50013.582950	6.282000	3.682000	-19.609000	1.026000	1.968000	0.568000	-4.609000	28.013000	34.367000
50013.592810	4.638000	2.359000	-19.609000	-0.778000	2.233000	-0.031000	-4.609000	27.127000	34.367000
50013.603730	2.981000	1.893000	-18.043000	-1.810000	1.599000	-0.447000	-4.226000	26.634000	35.195000
50013.612550	2.192000	2.176000	-16.384000	-2.026000	0.494000	-0.680000	-3.881000	25.953000	35.639000
50013.623390	2.294000	2.468000	-17.637000	-1.794000	-0.485000	-0.786000	-3.881000	25.158000	35.639000
50013.634190	2.778000	2.748000	-19.227000	-1.641000	-1.005000	-0.775000	-3.881000	24.667000	35.639000
50013.644200	3.349000	3.060000	-19.609000	-1.450000	-1.062000	-0.638000	-3.881000	23.423000	35.639000
50013.655770	4.373000	3.288000	-19.609000	-1.566000	-0.726000	-0.457000	-3.881000	22.647000	36.027000
50013.664250	5.272000	3.068000	-19.609000	-1.932000	-0.065000	-0.354000	-4.206000	21.719000	36.027000
50013.673280	5.740000	1.788000	-19.609000	-2.307000	0.413000	-0.378000	-4.206000	20.602000	36.027000
50013.682350	5.966000	0.412000	-19.609000	-2.661000	0.524000	-0.519000	-4.206000	19.308000	35.711000
50013.692880	5.887000	-0.699000	-18.842000	-3.104000	0.317000	-0.763000	-4.206000	18.132000	35.711000
50013.701790	5.772000	-1.378000	-16.682000	-3.564000	-0.134000	-1.015000	-4.206000	16.455000	36.195000
50013.714240	5.445000	-1.658000	-15.152000	-3.897000	-0.654000	-1.145000	-4.206000	14.433000	37.104000
50013.723120	5.830000	-1.492000	-15.098000	-4.093000	-1.002000	-1.150000	-4.206000	12.541000	37.582000
50013.733190	6.631000	-0.995000	-16.369000	-4.209000	-1.059000	-1.106000	-4.206000	9.826000	38.270000
50013.743930	6.952000	-0.491000	-17.596000	-4.235000	-0.918000	-1.066000	-4.206000	7.879000	38.270000
50013.754370	7.154000	-0.527000	-17.961000	-4.218000	-0.695000	-1.060000	-4.206000	6.416000	38.270000
50013.764380	7.302000	-0.848000	-17.324000	-4.181000	-0.584000	-1.109000	-4.206000	4.119000	39.201000
50013.774390	6.849000	-1.275000	-16.181000	-4.226000	-0.434000	-1.231000	-4.206000	1.939000	39.201000
50013.785350	5.645000	-1.638000	-15.395000	-4.402000	-0.450000	-1.399000	-4.206000	-0.529000	38.861000
50013.794410	4.908000	-2.158000	-14.554000	-4.659000	-0.613000	-1.587000	-4.206000	-2.694000	38.861000
50013.803720	4.194000	-2.670000	-12.659000	-4.909000	-0.794000	-1.761000	-3.845000	-4.762000	38.861000
50013.814400	3.968000	-3.062000	-10.254000	-5.180000	-0.874000	-1.904000	-3.845000	-7.695000	38.861000
50013.824130	3.927000	-3.190000	-8.127000	-5.519000	-0.836000	-2.032000	-3.845000	-9.742000	38.243000
50013.836490	3.773000	-2.882000	-6.783000	-5.808000	-0.864000	-2.143000	-3.111000	-12.152000	38.243000
50013.842020	3.767000	-2.419000	-6.291000	-5.860000	-1.096000	-2.259000	-1.667000	-14.677000	38.243000
50013.853340	3.259000	-2.319000	-6.351000	-5.649000	-1.412000	-2.392000	-0.001000	-16.674000	37.835000
50013.864630	2.446000	-2.689000	-6.429000	-5.363000	-1.714000	-2.516000	1.618000	-18.467000	36.318000
50013.874670	1.766000	-3.237000	-5.649000	-5.267000	-1.926000	-2.574000	2.931000	-20.086000	34.687000
50013.882060	1.055000	-3.910000	-3.955000	-5.242000	-1.977000	-2.662000	4.248000	-22.282000	33.049000
50013.894660	0.180000	-4.225000	-1.867000	-5.414000	-1.966000	-2.660000	5.403000	-24.266000	30.538000
50013.903020	-0.071000	-3.856000	1.168000	-5.693000	-1.881000	-2.570000	6.144000	-26.588000	29.537000
50013.914680	0.012000	-3.318000	4.088000	-5.939000	-1.828000	-2.429000	7.179000	-28.860000	26.782000
50013.923620	-0.066000	-2.264000	5.781000	-6.040000	-1.830000	-2.284000	7.865000	-30.181000	24.763000
50013.932590	-0.664000	-1.333000	5.904000	-5.902000	-1.911000	-2.196000	9.106000	-31.575000	22.718000
50013.942210	-1.163000	-0.837000	5.474000	-5.471000	-2.103000	-2.168000	10.261000	-32.881000	21.205000
50013.953650	-1.430000	-0.550000	5.228000	-4.823000	-2.302000	-2.133000	10.656000	-33.624000	19.381000
50013.963290	-1.713000	-0.123000	5.461000	-4.235000	-2.314000	-2.049000	11.598000	-34.635000	17.727000
50013.973760	-1.674000	0.643000	5.467000	-3.884000	-2.150000	-1.921000	12.472000	-34.971000	16.299000
50013.983830	-1.404000	1.298000	5.350000	-3.736000	-1.944000	-1.733000	12.472000	-35.813000	14.816000
50013.994180	-1.568000	1.447000	5.981000	-3.702000	-1.710000	-1.499000	13.301000	-36.254000	13.426000
50014.003730	-1.863000	1.492000	6.949000	-3.686000	-1.417000	-1.398000	13.301000	-36.996000	11.570000
50014.016910	-2.327000	1.678000	7.913000	-3.753000	-1.241000	-1.280000	14.277000	-37.416000	10.258000
50014.023990	-3.049000	1.890000	8.687000	-3.823000	-0.901000	-1.265000	14.277000	-37.416000	9.428000
50014.033420	-3.587000	2.085000	9.485000	-3.765000	-0.674000	-1.285000	14.698000	-37.719000	7.664000
50014.043830	-4.108000	2.084000	10.147000	-3.530000	-0.550000	-1.291000	15.229000	-37.719000	6.697000
50014.052710	-4.675000	1.888000	10.348000	-3.183000	-0.533000	-1.264000	15.562000	-38.209000	5.445000
50014.065310	-5.271000	1.698000	10.646000	-2.808000	-0.589000	-1.202000	16.096000	-38.209000	4.086000
50014.073000	-6.093000	1.389000	11.410000	-2.456000	-0.630000	-1.100000	16.096000	-37.724000	3.161000
50014.085640	-6.765000	1.030000	12.368000	-2.174000	-0.576000	-0.953000	16.523000	-37.724000	2.827000
50014.093630	-7.114000	0.436000	13.677000	-1.981000	-0.415000	-0.774000	16.523000	-37.724000	2.307000
50014.105260	-7.536000	-0.018000	15.118000	-1.772000	-0.207000	-0.577000	16.523000	-37.724000	1.715000
50014.114510	-7.352000	-0.411000	15.991000	-1.451000	-0.035000	-0.355000	16.523000	-37.724000	1.300000
50014.126130	-6.754000	-1.070000	16.051000	-0.982000	0.053000	-0.098000	16.523000	-37.724000	1.300000
50014.143290	-6.148000	-1.856000	15.312000	0.049000	0.025000	0.338000	16.523000	-37.724000	1.617000
50014.152410	-5.640000	-2.763000	14.237000	0.875000	-0.041000	0.620000	15.786000	-37.724000	2.862000
50014.165840	-5.018000	-3.720000	13.807000	1.662000	-0.087000	0.867000	15.786000	-37.724000	3.433000
50014.172370	-3.831000	-4.111000	14.471000	2.264000	-0.081000	1.086000	15.786000	-37.724000	4.589000
50014.183320	-2.127000	-4.170000	15.547000	2.635000	-0.014000	1.290000	15.786000	-38.087000	6.120000
50014.197760	-1.641000	-4.582000	16.117000	2.926000	0.109000	1.466000	15.786000	-38.087000	6.559000
50014.202460	-1.641000	-5.370000	15.637000	3.390000	0.283000	1.572000	16.119000	-38.087000	7.910000
50014.214060	-2.154000	-7.083000	14.782000	4.096000	0.471000	1.602000	16.119000	-38.087000	10.156000
50014.223850	-2.090000	-9.312000	14.007000	4.918000	0.607000	1.578000	16.119000	-38.087000	11.788000
50014.233430	-1.745000	-11.739000	13.235000	5.327000	0.659000	1.568000	15.519000	-38.087000	14.242000
50014.244480	-0.586000	-12.968000	13.083000	6.094000	0.654000	1.615000	14.672000	-38.087000	17.002000
50014.252750	0.762000	-13.183000	12.658000	6.772000	0.654000	1.787000	13.584000	-35.401000	20.280000
50014.265840	1.855000	-13.366000	10.299000	7.369000	0.770000	2.041000	12.635000	-32.617000	22.718000
50014.272500	1.901000	-14.548000	6.923000	7.949000	1.008000	2.225000	11.610000	-29.399000	25.222000
50014.285800	1.272000	-15.899000	3.457000	8.496000	1.377000	2.237000	10.624000	-26.251000	28.128000
50014.292520	0.352000	-17.583000	0.457000	8.933000	1.847000	2.158000	9.410000	-22.845000	30.746000
50014.302590	-0.120000	-19.072000	-3.126000	9.281000	2.224000	2.116000	8.190000	-19.009000	32.452000
50014.312570	0.833000	-19.134000	-6.989000	9.605000	2.378000	2.186000	6.701000	-15.426000	34.265000
50014.323460	3.738000	-18.336000	-9.665000	9.865000	2.361000	2.401000	5.686000	-11.367000	35.635000
50014.333470	7.293000	-18.350000	-10.947000	9.917000	2.301000	2.665000	4.225000	-7.556000	37.649000
50014.342380	8.324000	-19.510000	-13.860000	9.786000	2.242000	2.759000	3.231000	-3.529000	38.595000
50014.352390	8.189000	-19.609000	-19.015000	9.729000	2.173000	2.707000	2.059000	0.881000	38.595000
50014.362400	9.267000	-19.609000	-19.609000	9.767000	2.194000	2.491000	1.385000	5.511000	38.595000
50014.374640	12.619000	-19.609000	-19.609000	9.920000	2.465000	2.321000	1.385000	10.643000	38.595000
50014.383830	15.499000	-18.468000	-19.609000	-10.030000	2.818000	2.384000	0.587000	15.275000	37.989000
50014.394110	16.549000	-12.975000	-19.609000	-10.030000	2.859000	2.602000	0.587000	19.137000	37.348000
50014.405190	15.031000	-6.996000	-19.609000	9.648000	2.619000	2.659000	0.009000	22.296000	36.528000
50014.414890	13.873000	-4.116000	-19.609000	8.153000	2.331000	2.401000	0.009000	24.197000	36.528000
50014.424230	13.153000	-3.341000	-19.609000	5.819000	1.860000	1.990000	0.440000	25.416000	35.243000
50014.436350	12.026000	-3.791000	-19.609000	3.629000	0.935000	1.597000	1.016000	25.939000	35.243000
50014.444520	10.520000	-4.182000	-19.609000	2.081000	-0.061000	1.196000	1.016000	27.241000	34.747000
50014.453500	9.305000	-3.176000	-19.488000	1.237000	-0.732000	0.773000	1.319000	27.241000	34.747000
50014.462770	8.898000	-0.561000	-19.609000	1.042000	-0.966000	0.508000	0.904000	28.027000	34.747000
50014.472690	8.820000	2.838000	-19.609000	1.122000	-0.559000	0.478000	0.602000	29.000000	34.747000
50014.483470	8.071000	5.183000	-19.609000	1.287000	-0.138000	0.535000	0.602000	29.000000	34.747000
50014.492500	6.398000	5.596000	-19.609000	1.072000	0.804000	0.512000	0.273000	29.359000	35.452000
50014.503480	4.158000	4.053000	-19.609000	0.453000	1.424000	0.250000	0.273000	28.469000	35.452000
50014.512550	2.413000	1.782000	-19.609000	-0.365000	1.471000	-0.170000	0.273000	28.469000	35.995000
50014.522530	0.998000	0.113000	-19.545000	-1.203000	1.056000	-0.550000	0.273000	27.041000	35.995000
50014.532540	0.536000	-0.300000	-17.492000	-1.856000	0.458000	-0.733000	0.273000	26.359000	35.995000
50014.542640	0.807000	-0.002000	-16.129000	-2.188000	-0.060000	-0.701000	0.273000	25.088000	35.995000
50014.554820	1.601000	0.297000	-17.247000	-2.255000	-0.343000	-0.547000	-0.160000	23.587000	35.995000
50014.562570	2.549000	0.740000	-18.964000	-2.178000	-0.380000	-0.378000	-0.160000	22.892000	35.995000
50014.572610	3.618000	1.205000	-19.609000	-2.125000	-0.215000	-0.248000	-0.160000	22.451000	35.995000
50014.582590	4.824000	1.248000	-19.609000	-2.259000	0.022000	-0.183000	-0.500000	21.855000	35.995000
50014.592600	5.752000	0.870000	-19.609000	-2.399000	0.170000	-0.177000	-0.500000	20.736000	35.995000
50014.602940	5.904000	0.315000	-19.391000	-2.752000	0.193000	-0.230000	-0.500000	19.204000	35.995000
50014.612620	5.527000	-0.730000	-18.276000	-3.120000	0.144000	-0.389000	-0.500000	17.387000	37.149000
50014.622590	4.788000	-1.557000	-16.639000	-3.443000	-0.023000	-0.599000	-0.846000	15.367000	38.121000
50014.632600	4.438000	-2.109000	-15.228000	-3.705000	-0.227000	-0.776000	-0.846000	13.864000	38.121000
50014.642580	4.310000	-1.957000	-13.946000	-3.938000	-0.328000	-0.856000	-0.846000	11.819000	38.623000
50014.652620	4.438000	-1.414000	-13.097000	-4.136000	-0.283000	-0.859000	-1.295000	9.877000	38.623000
50014.662970	4.757000	-0.992000	-12.658000	-4.217000	-0.215000	-0.863000	-1.295000	7.583000	39.215000
50014.673560	4.754000	-0.379000	-12.445000	-4.137000	-0.241000	-0.903000	-1.295000	5.970000	39.562000
50014.684820	4.581000	-0.061000	-12.267000	-4.002000	-0.340000	-1.010000	-1.295000	3.985000	39.562000
50014.693240	4.155000	-0.184000	-11.496000	-3.937000	-0.483000	-1.144000	-1.295000	1.905000	39.562000
50014.704170	3.114000	-0.312000	-10.694000	-4.011000	-0.626000	-1.273000	-1.295000	0.224000	39.562000
50014.712710	2.538000	-0.752000	-10.242000	-4.087000	-0.718000	-1.339000	-1.295000	-2.133000	39.176000
50014.722720	1.813000	-1.180000	-9.585000	-4.259000	-0.747000	-1.449000	-1.295000	-4.006000	39.176000
50014.734990	0.976000	-1.150000	-8.714000	-4.439000	-0.743000	-1.501000	-1.295000	-5.780000	39.176000
50014.742740	1.067000	-1.072000	-7.368000	-4.618000	-0.654000	-1.532000	-1.295000	-7.920000	39.176000
50014.752780	0.864000	-0.845000	-5.615000	-4.746000	-0.593000	-1.517000	-1.295000	-10.075000	39.176000
50014.763250	0.894000	-0.191000	-4.338000	-4.816000	-0.592000	-1.473000	-1.295000	-12.112000	39.176000
50014.772770	0.845000	0.381000	-3.756000	-4.774000	-0.651000	-1.467000	-0.987000	-13.952000	39.176000
50014.783420	0.499000	0.641000	-3.696000	-4.578000	-0.841000	-1.469000	-0.617000	-15.385000	39.176000
50014.793980	0.227000	0.652000	-3.872000	-4.347000	-1.035000	-1.477000	0.677000	-16.914000	37.582000
50014.803990	0.230000	1.002000	-4.174000	-4.219000	-1.123000	-1.502000	1.902000	-18.629000	35.859000
50014.814000	0.423000	1.398000	-3.880000	-4.208000	-1.110000	-1.500000	2.716000	-20.272000	34.713000
50014.823280	0.421000	1.864000	-3.619000	-4.238000	-1.020000	-1.444000	3.457000	-21.701000	33.105000
50014.832860	-0.084000	2.408000	-3.140000	-4.246000	-0.928000	-1.412000	3.973000	-23.056000	32.278000
50014.842840	-0.239000	2.838000	-2.684000	-4.238000	-0.894000	-1.371000	4.827000	-24.958000	30.850000
50014.853310	-0.533000	2.905000	-2.090000	-4.222000	-0.840000	-1.338000	4.827000	-25.927000	29.884000
50014.864290	-0.709000	2.819000	-1.301000	-4.251000	-0.785000	-1.300000	5.757000	-27.539000	28.417000
50014.874150	-0.806000	2.692000	-0.272000	-4.335000	-0.716000	-1.301000	6.407000	-29.051000	26.673000
50014.882880	-0.600000	2.739000	0.816000	-4.423000	-0.677000	-1.341000	7.176000	-30.088000	25.999000
50014.892950	-0.466000	3.284000	1.637000	-4.414000	-0.716000	-1.371000	7.841000	-31.013000	24.305000
50014.903540	-0.630000	3.706000	2.045000	-4.257000	-0.827000	-1.380000	8.244000	-31.863000	23.200000
50014.915810	-1.175000	3.956000	2.017000	-3.974000	-0.969000	-1.388000	9.426000	-32.958000	21.942000
50014.922920	-1.538000	4.113000	1.832000	-3.656000	-1.098000	-1.390000	9.913000	-33.697000	20.552000
50014.932990	-1.680000	4.216000	1.909000	-3.402000	-1.143000	-1.358000	10.314000	-34.059000	19.674000
50014.942970	-2.002000	4.208000	2.656000	-3.271000	-1.093000	-1.269000	10.752000	-35.169000	17.897000
50014.953830	-2.172000	4.073000	4.101000	-3.255000	-0.999000	-1.213000	10.752000	-35.546000	16.279000
50014.963660	-2.694000	4.020000	5.775000	-3.300000	-0.947000	-1.108000	11.341000	-36.453000	15.162000
50014.973000	-3.175000	4.073000	7.035000	-3.383000	-0.841000	-1.025000	11.341000	-37.008000	14.111000
50014.984010	-3.510000	4.207000	7.636000	-3.387000	-0.719000	-0.969000	11.758000	-37.008000	12.257000
50014.993600	-3.915000	4.458000	7.492000	-3.191000	-0.598000	-0.919000	11.758000	-37.791000	11.694000
50015.003910	-4.089000	4.572000	7.122000	-2.804000	-0.512000	-0.854000	11.758000	-37.791000	11.067000
50015.014290	-4.220000	4.672000	6.700000	-2.360000	-0.459000	-0.769000	12.551000	-38.128000	11.067000
50015.024210	-4.308000	4.712000	6.761000	-2.021000	-0.414000	-0.677000	12.551000	-38.128000	9.277000
50015.033090	-4.373000	4.514000	7.284000	-1.842000	-0.351000	-0.601000	12.551000	-38.128000	8.451000
50015.045900	-4.701000	4.221000	8.206000	-1.778000	-0.294000	-0.521000	13.183000	-38.473000	8.451000
50015.054020	-4.873000	3.980000	9.649000	-1.742000	-0.244000	-0.451000	12.849000	-38.473000	7.522000
50015.064030	-5.064000	3.673000	11.078000	-1.681000	-0.206000	-0.383000	12.849000	-38.473000	6.500000
50015.074410	-5.079000	3.587000	12.169000	-1.628000	-0.159000	-0.334000	12.849000	-38.926000	5.783000
50015.084540	-4.776000	3.399000	12.617000	-1.443000	-0.139000	-0.211000	12.849000	-38.926000	5.783000
50015.095860	-4.516000	3.238000	12.601000	-1.128000	-0.125000	-0.071000	12.849000	-38.926000	5.783000
50015.104350	-4.212000	3.293000	11.961000	-0.679000	-0.109000	0.071000	12.849000	-38.565000	5.783000
50015.113620	-4.163000	3.009000	11.128000	-0.132000	-0.070000	0.200000	12.849000	-38.565000	5.783000
50015.123970	-4.143000	2.521000	10.660000	0.457000	-0.062000	0.322000	12.849000	-38.565000	6.846000
50015.133980	-3.882000	2.080000	10.616000	0.993000	-0.107000	0.397000	12.849000	-38.565000	7.435000
50015.143960	-3.468000	1.501000	10.918000	1.399000	-0.177000	0.456000	13.221000	-38.565000	7.887000
50015.153660	-3.026000	0.654000	11.580000	1.689000	-0.235000	0.536000	13.221000	-38.565000	8.489000
50015.164130	-2.706000	-0.575000	12.637000	1.929000	-0.259000	0.616000	13.221000	-38.565000	8.489000
50015.174170	-2.611000	-2.389000	14.251000	2.185000	-0.225000	0.689000	13.221000	-38.909000	9.120000
50015.183360	-2.584000	-4.368000	16.351000	2.494000	-0.176000	0.749000	13.221000	-38.909000	9.906000
50015.193210	-2.607000	-5.836000	18.694000	2.681000	-0.145000	0.776000	13.221000	-38.909000	10.591000
50015.203220	-2.567000	-7.171000	19.538000	3.161000	-0.141000	0.850000	13.221000	-38.909000	12.484000
50015.214270	-2.310000	-8.996000	17.467000	3.859000	-0.131000	0.988000	13.221000	-38.909000	14.471000
50015.225320	-1.888000	-10.534000	13.406000	4.870000	-0.050000	1.148000	13.221000	-38.909000	17.218000
50015.234690	-0.794000	-11.562000	9.454000	6.149000	0.142000	1.275000	12.622000	-35.763000	20.272000
50015.244670	0.154000	-12.293000	6.690000	7.445000	0.427000	1.388000	11.962000	-32.627000	25.630000
50015.254610	0.404000	-12.735000	5.303000	8.377000	0.729000	1.501000	11.122000	-29.277000	26.728000
50015.264560	-0.157000	-13.396000	4.730000	8.789000	1.029000	1.633000	9.812000	-26.242000	28.582000
50015.277590	-0.956000	-15.099000	4.235000	8.828000	1.361000	1.750000	8.865000	-23.316000	30.563000
50015.285830	-0.850000	-18.074000	2.967000	8.787000	1.658000	1.782000	7.772000	-19.416000	32.862000
50015.295840	1.106000	-19.609000	0.247000	8.988000	1.788000	1.710000	6.871000	-16.011000	34.429000
50015.305820	5.122000	-19.609000	-4.854000	9.526000	1.621000	1.610000	6.298000	-11.439000	35.272000
50015.315830	9.837000	-17.528000	-13.373000	9.782000	1.216000	1.588000	5.633000	-6.719000	37.632000
50015.324160	12.131000	-14.891000	-19.533000	-10.030000	1.046000	1.654000	4.719000	-2.113000	39.408000
50015.335850	11.910000	-16.768000	-19.609000	-10.030000	1.149000	1.819000	2.941000	2.465000	39.735000
50015.345860	8.636000	-19.146000	-19.609000	9.986000	2.117000	1.893000	0.819000	6.922000	40.377000
50015.355440	6.025000	-17.512000	-19.609000	9.407000	3.702000	1.722000	-0.205000	9.794000	39.491000
50015.365940	7.741000	-14.956000	-19.609000	7.982000	5.056000	1.542000	-1.281000	12.831000	38.508000
50015.375490	11.805000	-13.007000	-19.609000	6.866000	5.364000	1.765000	-1.661000	15.388000	38.508000
50015.384100	15.071000	-10.560000	-19.609000	6.470000	4.372000	2.139000	-0.978000	18.104000	37.954000
50015.393560	15.806000	-8.469000	-19.609000	6.435000	2.203000	2.089000	-0.067000	21.223000	36.727000
50015.407110	14.907000	-6.816000	-19.609000	6.607000	-0.403000	1.618000	-0.067000	23.721000	35.653000
50015.414830	13.213000	-4.152000	-19.609000	6.533000	-2.086000	1.073000	-0.067000	26.275000	35.653000
50015.426150	11.644000	-1.930000	-19.609000	5.496000	-1.799000	0.774000	-1.116000	27.534000	34.378000
50015.435220	10.351000	0.117000	-19.609000	4.572000	0.007000	0.747000	-1.856000	27.900000	34.378000
50015.446200	9.310000	1.133000	-19.609000	2.399000	1.031000	0.799000	-1.856000	27.900000	34.378000
50015.458440	8.007000	1.598000	-19.609000	0.625000	2.520000	0.748000	-2.505000	27.900000	34.817000
50015.465250	6.990000	1.747000	-19.609000	-0.295000	2.695000	0.497000	-2.505000	27.397000	34.817000
50015.475770	6.060000	1.918000	-19.609000	-0.596000	1.661000	0.136000	-2.505000	26.904000	35.177000
50015.486210	5.162000	2.020000	-19.207000	-0.712000	0.318000	-0.162000	-1.928000	26.904000	35.177000
50015.494820	4.184000	2.188000	-19.491000	-0.943000	-0.523000	-0.294000	-1.928000	26.119000	35.589000
50015.506110	4.039000	2.404000	-19.609000	-1.325000	-0.647000	-0.301000	-1.928000	25.317000	36.022000
50015.515970	4.368000	2.640000	-19.609000	-1.697000	-0.225000	-0.266000	-2.268000	24.221000	36.022000
50015.525700	4.503000	2.268000	-19.609000	-1.992000	0.388000	-0.259000	-1.965000	23.158000	36.380000
50015.535770	4.563000	1.459000	-19.609000	-2.219000	0.765000	-0.345000	-1.965000	22.219000	36.686000
50015.546270	4.569000	0.809000	-19.609000	-2.390000	0.698000	-0.512000	-1.965000	21.493000	36.686000
50015.556620	4.779000	0.300000	-19.609000	-2.480000	0.349000	-0.596000	-2.282000	20.228000	36.384000
50015.563790	4.762000	-0.119000	-19.609000	-2.751000	0.151000	-0.720000	-2.282000	18.495000	36.384000
50015.573860	4.998000	-0.636000	-18.611000	-3.164000	-0.180000	-0.769000	-2.282000	17.201000	36.384000
50015.584970	5.541000	-0.990000	-16.803000	-3.639000	-0.377000	-0.779000	-2.282000	15.043000	37.194000
50015.594760	6.475000	-0.901000	-15.518000	-4.042000	-0.507000	-0.787000	-2.619000	13.145000	37.635000
50015.606120	6.859000	-0.472000	-15.341000	-4.297000	-0.629000	-0.814000	-2.619000	11.251000	38.597000
50015.615910	6.807000	-0.345000	-16.102000	-4.384000	-0.736000	-0.870000	-2.619000	9.326000	38.597000
50015.626130	6.674000	-0.271000	-16.783000	-4.324000	-0.817000	-0.964000	-2.619000	7.395000	39.131000
50015.636630	6.195000	-0.430000	-16.676000	-4.246000	-0.843000	-1.075000	-2.619000	5.397000	39.131000
50015.644630	5.793000	-0.699000	-15.747000	-4.322000	-0.751000	-1.158000	-2.619000	3.494000	39.486000
50015.656470	5.625000	-0.600000	-14.348000	-4.580000	-0.583000	-1.230000	-2.619000	1.130000	39.022000
50015.664980	5.115000	-0.629000	-12.551000	-4.881000	-0.476000	-1.294000	-2.619000	-1.130000	39.022000
50015.676150	4.504000	-1.109000	-10.601000	-5.010000	-0.490000	-1.321000	-2.619000	-3.591000	39.022000
50015.684730	3.885000	-1.754000	-8.484000	-5.211000	-0.541000	-1.411000	-2.296000	-5.764000	39.022000
50015.696170	3.097000	-2.087000	-6.528000	-5.360000	-0.699000	-1.551000	-1.797000	-8.087000	38.581000
50015.704780	2.459000	-2.021000	-5.336000	-5.475000	-0.873000	-1.701000	-0.834000	-10.313000	38.581000
50015.714910	2.006000	-1.649000	-5.192000	-5.506000	-1.030000	-1.824000	0.122000	-12.643000	38.581000
50015.725960	1.571000	-1.065000	-5.496000	-5.382000	-1.207000	-1.874000	1.049000	-14.773000	38.151000
50015.734840	1.228000	-0.615000	-5.497000	-5.144000	-1.362000	-1.860000	1.853000	-16.703000	36.978000
50015.746470	1.172000	-0.533000	-5.045000	-4.922000	-1.411000	-1.831000	2.783000	-18.530000	35.733000
50015.754100	1.093000	-0.681000	-4.024000	-4.838000	-1.397000	-1.784000	3.515000	-20.350000	33.972000
50015.766910	1.077000	-0.796000	-2.612000	-4.935000	-1.357000	-1.744000	4.408000	-22.163000	32.237000
50015.774150	0.836000	-0.848000	-0.760000	-5.153000	-1.256000	-1.734000	5.357000	-24.470000	31.137000
50015.786020	0.127000	-0.889000	1.515000	-5.366000	-1.128000	-1.712000	5.699000	-26.205000	29.815000
50015.794350	-0.724000	-0.800000	3.394000	-5.455000	-1.088000	-1.694000	6.333000	-27.931000	28.016000
50015.807620	-1.371000	-0.688000	4.553000	-5.438000	-1.197000	-1.707000	7.162000	-29.339000	26.023000
50015.817080	-1.669000	-0.011000	5.171000	-5.266000	-1.286000	-1.769000	7.911000	-30.656000	24.157000
50015.826850	-1.747000	1.206000	5.074000	-4.895000	-1.476000	-1.813000	8.950000	-31.770000	22.767000
50015.834540	-1.647000	2.388000	4.228000	-4.356000	-1.642000	-1.759000	9.452000	-32.519000	21.540000
50015.847720	-1.941000	3.196000	3.244000	-3.753000	-1.736000	-1.595000	10.025000	-33.656000	20.721000
50015.854990	-2.254000	3.681000	2.491000	-3.244000	-1.730000	-1.392000	10.025000	-34.129000	19.760000
50015.867100	-2.099000	3.716000	2.508000	-2.952000	-1.574000	-1.203000	10.528000	-34.490000	18.887000
50015.877140	-2.206000	3.811000	3.138000	-2.911000	-1.294000	-1.043000	10.955000	-35.417000	17.312000
50015.884950	-2.269000	4.117000	3.955000	-3.073000	-0.933000	-0.917000	10.955000	-35.417000	16.061000
50015.897710	-2.554000	4.121000	5.122000	-3.285000	-0.558000	-0.853000	11.737000	-36.402000	14.886000
50015.904940	-2.974000	4.090000	6.482000	-3.359000	-0.305000	-0.826000	11.737000	-36.848000	13.732000
50015.926890	-3.393000	4.130000	7.734000	-3.147000	-0.375000	-0.867000	12.655000	-37.194000	11.129000
50015.934090	-3.881000	3.989000	8.414000	-2.857000	-0.469000	-0.912000	12.655000	-37.194000	10.195000
50015.947940	-4.175000	3.898000	8.838000	-2.464000	-0.676000	-0.891000	13.310000	-38.011000	9.828000
50015.954170	-4.162000	4.062000	8.827000	-2.059000	-0.816000	-0.794000	13.310000	-37.687000	9.129000
50015.965670	-4.216000	4.283000	8.461000	-1.720000	-0.815000	-0.635000	13.310000	-38.108000	8.705000
50015.977060	-4.109000	4.161000	8.182000	-1.448000	-0.717000	-0.459000	13.310000	-38.108000	7.875000
50015.984170	-4.002000	3.925000	8.279000	-1.276000	-0.563000	-0.307000	13.310000	-38.108000	7.875000
50015.998690	-3.826000	3.557000	8.880000	-1.204000	-0.365000	-0.176000	13.310000	-38.108000	7.276000
50016.004190	-3.740000	3.214000	9.926000	-1.170000	-0.162000	-0.060000	13.310000	-38.459000	6.578000
50016.014500	-3.677000	2.874000	11.641000	-1.088000	-0.062000	0.040000	13.310000	-38.459000	6.578000
50016.026530	-3.439000	2.375000	12.957000	-0.888000	-0.095000	0.124000	13.310000	-38.153000	6.578000
50016.034150	-3.257000	1.657000	13.695000	-0.734000	-0.215000	0.162000	13.310000	-38.153000	5.798000
50016.047460	-3.315000	0.742000	14.167000	-0.303000	-0.282000	0.226000	13.310000	-38.153000	6.466000
50016.054240	-3.399000	-0.060000	14.595000	0.266000	-0.384000	0.276000	13.310000	-38.153000	6.466000
50016.066810	-3.433000	-1.122000	15.077000	0.873000	-0.428000	0.347000	13.616000	-38.153000	7.176000
50016.075200	-2.941000	-2.585000	15.799000	1.444000	-0.415000	0.457000	13.616000	-38.153000	7.539000
50016.085910	-2.495000	-4.147000	16.880000	1.965000	-0.356000	0.581000	13.616000	-38.153000	8.432000
50016.095800	-1.578000	-5.700000	17.935000	2.505000	-0.195000	0.737000	13.616000	-38.494000	9.425000
50016.104280	-0.311000	-7.010000	18.847000	3.157000	0.036000	0.965000	13.616000	-38.494000	10.235000
50016.117130	0.902000	-8.116000	18.784000	3.946000	0.239000	1.237000	13.616000	-38.494000	11.630000
50016.125190	1.391000	-9.212000	17.637000	4.850000	0.463000	1.463000	13.616000	-38.494000	14.482000
50016.136750	1.337000	-10.660000	15.548000	5.838000	0.743000	1.558000	13.616000	-38.494000	17.187000
50016.144290	0.511000	-12.117000	13.009000	6.862000	0.971000	1.493000	13.616000	-35.437000	20.474000
50016.156840	0.387000	-13.507000	10.218000	7.375000	1.046000	1.411000	12.516000	-31.974000	23.509000
50016.164280	0.339000	-15.003000	7.636000	8.347000	1.021000	1.206000	11.788000	-28.617000	26.141000
50016.178960	0.522000	-16.477000	5.113000	9.163000	0.915000	1.020000	11.410000	-24.873000	28.738000
50016.184300	0.352000	-17.720000	2.073000	9.742000	0.853000	0.901000	10.656000	-20.962000	30.953000
50016.194590	0.239000	-18.900000	-1.049000	9.974000	0.856000	0.863000	10.185000	-17.112000	33.222000
50016.204380	0.774000	-19.559000	-4.253000	-10.030000	0.958000	0.886000	9.379000	-12.631000	34.411000
50016.214610	1.502000	-19.609000	-7.472000	-10.030000	1.234000	0.974000	8.357000	-8.187000	35.803000
50016.225530	2.935000	-19.609000	-11.157000	-10.030000	1.660000	1.118000	6.848000	-4.074000	36.914000
50016.236180	5.105000	-19.609000	-17.340000	-10.030000	2.147000	1.284000	5.450000	0.720000	37.509000
50016.246950	7.708000	-19.609000	-19.609000	-10.030000	2.751000	1.519000	3.952000	4.895000	39.407000
50016.256020	10.680000	-19.609000	-19.609000	9.978000	3.563000	1.870000	2.336000	9.684000	38.900000
50016.266910	12.845000	-19.245000	-19.609000	9.933000	4.356000	2.265000	1.564000	14.019000	38.417000
50016.275950	14.344000	-13.767000	-19.609000	9.872000	4.682000	2.431000	0.836000	18.252000	37.725000
50016.286840	13.886000	-7.542000	-19.609000	9.542000	4.601000	2.604000	0.483000	21.611000	37.094000
50016.295390	13.127000	-6.075000	-19.609000	8.648000	4.008000	2.473000	0.483000	24.110000	35.824000
50016.308170	11.984000	-6.500000	-19.609000	7.005000	2.831000	2.016000	0.956000	25.630000	35.310000
50016.315800	11.676000	-6.800000	-19.609000	4.989000	1.066000	1.418000	0.956000	26.551000	34.320000
50016.325930	11.492000	-6.425000	-19.609000	3.213000	-0.663000	1.020000	0.956000	27.247000	34.626000
50016.337320	11.224000	-4.193000	-19.609000	1.878000	-1.491000	0.918000	0.956000	27.644000	34.280000
50016.344700	11.125000	-1.125000	-19.609000	0.932000	-1.235000	0.921000	0.956000	27.644000	34.701000
50016.358530	11.116000	2.156000	-19.609000	0.464000	-0.299000	0.950000	0.956000	28.216000	34.701000
50016.364690	10.827000	4.798000	-19.609000	0.327000	0.717000	0.904000	0.288000	28.216000	34.701000
50016.377080	9.823000	5.968000	-19.609000	0.154000	1.282000	0.665000	0.288000	27.703000	35.336000
50016.385840	7.836000	5.239000	-19.609000	-0.208000	1.277000	0.226000	-0.128000	27.703000	35.336000
50016.394600	5.048000	2.932000	-19.609000	-0.451000	0.897000	-0.042000	-0.128000	27.703000	35.667000
50016.404580	2.711000	0.451000	-19.609000	-1.055000	0.646000	-0.577000	-0.128000	25.900000	35.667000
50016.414650	1.588000	-0.508000	-19.592000	-1.769000	0.181000	-0.961000	-0.128000	24.720000	36.067000
50016.424600	1.936000	-0.281000	-19.155000	-2.351000	-0.118000	-1.072000	0.360000	23.454000	36.524000
50016.435430	3.205000	0.234000	-19.439000	-2.597000	-0.242000	-0.937000	0.360000	22.430000	36.524000
50016.444400	4.169000	0.520000	-19.609000	-2.610000	-0.273000	-0.705000	-0.012000	21.463000	36.524000
50016.454410	5.400000	0.694000	-19.609000	-2.608000	-0.255000	-0.533000	-0.012000	20.381000	36.524000
50016.464450	6.557000	0.816000	-19.609000	-2.749000	-0.163000	-0.455000	-0.012000	19.461000	36.125000
50016.474460	7.074000	0.864000	-19.609000	-3.094000	0.010000	-0.451000	-0.357000	18.074000	36.688000
50016.486940	7.059000	0.612000	-19.609000	-3.560000	0.186000	-0.515000	-0.357000	15.812000	37.182000
50016.498750	7.135000	0.252000	-19.561000	-4.048000	0.334000	-0.649000	-0.357000	13.670000	38.134000
50016.505590	6.724000	-0.564000	-18.262000	-4.529000	0.446000	-0.846000	-0.706000	11.471000	38.134000
50016.517130	6.399000	-1.625000	-15.967000	-4.762000	0.512000	-0.962000	-0.706000	9.045000	38.645000
50016.526950	5.994000	-2.372000	-13.640000	-5.162000	0.509000	-1.217000	-0.706000	6.126000	39.289000
50016.539130	5.740000	-2.187000	-12.177000	-5.402000	0.376000	-1.454000	-1.113000	4.098000	38.887000
50016.545780	5.309000	-1.912000	-11.704000	-5.440000	0.091000	-1.648000	-1.113000	1.023000	39.337000
50016.559000	4.496000	-1.709000	-11.759000	-5.322000	-0.213000	-1.747000	-1.113000	-1.171000	39.337000
50016.567270	3.700000	-1.323000	-11.835000	-5.214000	-0.388000	-1.795000	-1.113000	-3.259000	38.661000
50016.576480	3.000000	-1.176000	-11.574000	-5.266000	-0.341000	-1.831000	-1.464000	-5.819000	38.661000
50016.589510	2.549000	-1.194000	-10.483000	-5.485000	-0.133000	-1.839000	-1.464000	-8.583000	38.360000
50016.595950	2.215000	-1.399000	-8.887000	-5.789000	0.079000	-1.857000	-1.464000	-11.325000	38.360000
50016.607580	1.910000	-1.863000	-7.145000	-6.089000	0.172000	-1.924000	-1.464000	-13.964000	38.360000
50016.615390	1.110000	-2.603000	-4.990000	-6.289000	0.108000	-2.060000	-1.464000	-16.291000	38.360000
50016.627170	0.405000	-3.216000	-2.975000	-6.335000	-0.088000	-2.256000	-1.464000	-18.997000	37.168000
50016.635050	-0.314000	-3.522000	-1.481000	-6.297000	-0.380000	-2.350000	-1.464000	-20.997000	34.489000
50016.646670	-0.904000	-3.168000	-0.372000	-6.106000	-0.557000	-2.470000	-0.854000	-23.185000	32.490000
50016.656770	-1.196000	-2.452000	0.048000	-5.791000	-0.930000	-2.462000	0.897000	-24.909000	30.796000
50016.670390	-1.278000	-1.708000	0.186000	-5.376000	-1.246000	-2.335000	2.265000	-26.516000	28.553000
50016.677040	-1.462000	-0.861000	0.554000	-4.913000	-1.487000	-2.138000	3.271000	-28.451000	28.042000
50016.685980	-1.372000	-0.123000	0.992000	-4.509000	-1.641000	-1.901000	4.057000	-29.382000	25.978000
50016.699130	-1.261000	0.326000	1.903000	-4.293000	-1.706000	-1.639000	5.197000	-31.193000	25.157000
50016.705110	-1.108000	0.743000	2.577000	-4.296000	-1.657000	-1.419000	5.694000	-31.843000	23.567000
50016.722330	-1.034000	1.108000	3.081000	-4.398000	-1.465000	-1.292000	6.300000	-33.355000	21.737000
50016.726020	-1.278000	1.523000	3.641000	-4.450000	-1.198000	-1.215000	6.300000	-34.501000	20.249000
50016.736000	-1.359000	2.046000	4.131000	-4.407000	-0.901000	-1.155000	7.044000	-34.957000	19.352000
50016.748270	-1.554000	2.512000	4.766000	-4.279000	-0.633000	-1.139000	7.592000	-35.974000	17.257000
50016.756290	-1.701000	2.856000	5.214000	-4.170000	-0.498000	-1.139000	8.247000	-36.804000	16.152000
50016.768840	-2.214000	3.143000	5.313000	-3.848000	-0.494000	-1.137000	8.810000	-36.804000	14.471000
50016.776040	-2.856000	3.205000	5.478000	-3.456000	-0.576000	-1.135000	8.810000	-37.886000	13.615000
50016.788430	-3.400000	3.279000	6.060000	-3.116000	-0.698000	-1.104000	9.274000	-37.886000	12.464000
50016.796700	-3.668000	3.648000	6.733000	-2.874000	-0.772000	-0.995000	9.606000	-38.572000	11.207000
50016.806220	-3.077000	4.381000	7.333000	-2.692000	-0.758000	-0.800000	9.606000	-38.928000	10.571000
50016.818090	-2.790000	5.094000	7.703000	-2.506000	-0.659000	-0.551000	9.606000	-39.381000	9.469000
50016.826670	-2.659000	5.768000	7.326000	-2.300000	-0.484000	-0.312000	9.606000	-39.381000	8.961000
50016.838200	-2.489000	6.293000	6.761000	-2.087000	-0.228000	-0.131000	9.606000	-39.381000	8.235000
50016.848390	-2.266000	6.593000	6.658000	-1.908000	0.071000	0.008000	9.606000	-39.764000	7.536000
50016.855050	-2.303000	6.900000	6.535000	-1.792000	0.410000	0.093000	9.606000	-39.764000	7.034000
50016.867250	-2.716000	6.792000	6.167000	-1.665000	0.698000	0.099000	9.024000	-39.764000	7.357000
50016.876350	-3.388000	6.579000	5.805000	-1.579000	0.801000	0.081000	9.024000	-40.110000	6.526000
50016.887210	-3.971000	6.618000	5.815000	-1.386000	0.797000	0.014000	9.024000	-40.110000	5.464000
50016.899110	-4.744000	6.490000	5.945000	-1.203000	0.750000	-0.042000	9.024000	-40.110000	5.853000
50016.905070	-5.263000	6.454000	6.224000	-1.061000	0.688000	-0.011000	9.335000	-40.110000	5.197000
50016.916720	-5.435000	6.689000	6.407000	-0.991000	0.656000	0.101000	9.335000	-40.110000	5.197000
50016.926400	-5.369000	6.904000	6.331000	-0.985000	0.747000	0.306000	9.335000	-40.620000	4.690000
50016.937630	-5.373000	7.095000	6.007000	-1.017000	1.005000	0.592000	9.335000	-40.304000	4.690000
50016.946570	-5.010000	7.149000	5.724000	-1.084000	1.371000	0.918000	9.335000	-40.304000	4.690000
50016.957460	-4.940000	7.053000	5.628000	-1.222000	1.849000	1.254000	9.335000	-40.304000	3.938000
50016.966650	-5.279000	6.649000	4.735000	-1.426000	2.460000	1.572000	8.523000	-40.304000	3.938000
50016.976450	-5.030000	6.638000	4.137000	-1.623000	3.066000	1.874000	6.532000	-40.304000	3.553000
50016.985110	-4.179000	6.995000	4.189000	-1.751000	3.565000	2.203000	4.853000	-40.747000	3.076000
50016.998020	-3.032000	7.521000	4.547000	-1.780000	3.932000	2.379000	3.366000	-40.747000	2.392000
50017.005130	-1.951000	8.103000	4.826000	-1.756000	4.014000	2.708000	1.640000	-41.096000	2.392000
50017.017430	-1.364000	8.406000	5.033000	-1.610000	3.913000	2.961000	0.328000	-41.096000	2.392000
50017.027440	-1.001000	8.527000	4.923000	-1.407000	3.582000	3.117000	-1.129000	-41.096000	1.132000
50017.037600	-0.946000	8.398000	5.144000	-1.280000	3.266000	3.188000	-2.424000	-41.464000	0.656000
50017.045420	-0.922000	8.126000	5.333000	-1.321000	3.170000	3.234000	-4.191000	-41.464000	0.656000
50017.057990	-0.836000	8.039000	5.205000	-1.516000	3.334000	3.291000	-5.474000	-41.464000	-1.057000
50017.065220	-0.679000	8.127000	5.004000	-1.775000	3.652000	3.379000	-6.929000	-41.464000	-2.467000
50017.078130	-0.685000	8.147000	4.946000	-2.027000	4.047000	3.500000	-8.078000	-41.464000	-3.532000
50017.085420	-0.693000	8.016000	5.006000	-2.257000	4.443000	3.606000	-9.295000	-41.464000	-4.968000
50017.098120	-0.686000	7.674000	5.179000	-2.436000	4.731000	3.644000	-9.872000	-41.464000	-7.122000
50017.107180	-0.386000	7.368000	5.420000	-2.534000	4.820000	3.634000	-11.167000	-41.127000	-8.573000
50017.115580	-0.122000	7.331000	5.792000	-2.553000	4.728000	3.624000	-11.862000	-39.619000	-9.632000
50017.126530	0.211000	7.315000	6.280000	-2.553000	4.633000	3.610000	-12.945000	-38.179000	-10.937000
50017.137430	0.369000	7.138000	6.754000	-2.532000	4.408000	3.600000	-13.543000	-36.813000	-12.554000
50017.145610	0.376000	6.841000	7.129000	-2.513000	4.189000	3.555000	-13.543000	-35.630000	-13.890000
50017.157510	0.063000	6.567000	7.277000	-2.471000	3.987000	3.450000	-14.715000	-34.172000	-15.968000
50017.166850	-0.402000	6.246000	7.176000	-2.416000	3.800000	3.315000	-14.715000	-32.812000	-17.094000
