50043.794350	-0.117000	3.100000	7.643000	-0.416000	0.590000	-0.568000	-11.228000	5.090000	-36.489000
50043.802130	0.445000	3.652000	6.896000	-0.026000	0.304000	-0.425000	-11.531000	4.608000	-36.489000
50043.815340	1.533000	3.485000	7.463000	0.176000	0.005000	-0.309000	-11.531000	4.608000	-36.489000
50043.823060	1.972000	3.250000	9.153000	0.103000	-0.221000	-0.265000	-11.531000	4.608000	-36.489000
50043.834050	1.545000	2.682000	10.634000	-0.211000	-0.401000	-0.326000	-11.531000	5.104000	-36.489000
50043.842110	0.211000	1.508000	11.948000	-0.599000	-0.538000	-0.500000	-11.531000	5.104000	-36.489000
50043.852120	-1.390000	0.508000	12.758000	-0.895000	-0.590000	-0.726000	-11.531000	5.461000	-36.489000
50043.862070	-2.245000	0.252000	12.652000	-1.030000	-0.432000	-0.847000	-11.531000	5.461000	-36.813000
50043.881260	-2.224000	0.812000	11.827000	-0.962000	0.286000	-0.709000	-11.531000	5.783000	-36.813000
50043.891210	-1.450000	1.624000	10.740000	-0.753000	0.456000	-0.398000	-11.531000	6.132000	-36.813000
50043.901100	-0.369000	2.383000	9.679000	-0.467000	0.719000	0.005000	-11.531000	6.132000	-36.813000
50043.911080	0.827000	3.091000	9.131000	-0.216000	0.866000	0.356000	-11.531000	6.462000	-36.813000
50043.923340	1.677000	3.713000	8.730000	-0.094000	0.900000	0.541000	-11.203000	6.462000	-36.813000
50043.931100	2.184000	4.066000	8.751000	-0.128000	0.862000	0.533000	-11.203000	6.794000	-36.813000
50043.942570	1.357000	3.731000	9.567000	-0.265000	0.840000	0.338000	-11.203000	6.794000	-36.813000
50043.952310	-0.193000	2.766000	10.861000	-0.430000	0.863000	-0.024000	-11.203000	7.099000	-36.813000
50043.963930	-1.265000	1.691000	11.253000	-0.471000	0.810000	-0.445000	-11.203000	7.099000	-36.813000
50043.971900	-1.775000	1.197000	10.980000	-0.230000	0.600000	-0.758000	-11.203000	7.099000	-36.813000
50043.983980	-1.817000	1.244000	10.696000	0.241000	0.209000	-0.881000	-11.203000	7.402000	-36.813000
50043.993870	-1.408000	1.595000	10.488000	0.487000	-0.289000	-0.877000	-10.893000	7.402000	-36.813000
50044.002260	-0.640000	2.054000	10.693000	0.889000	-0.530000	-0.786000	-10.893000	7.402000	-36.813000
50044.012490	1.000000	2.498000	11.537000	1.092000	-0.966000	-0.657000	-10.893000	7.402000	-36.813000
50044.021760	2.225000	3.011000	12.566000	1.118000	-1.291000	-0.573000	-10.893000	7.402000	-36.813000
50044.034030	2.495000	3.382000	12.900000	1.123000	-1.484000	-0.636000	-10.893000	7.402000	-36.813000
50044.042030	1.784000	3.221000	12.491000	1.217000	-1.659000	-0.877000	-11.666000	7.402000	-36.813000
50044.053620	0.964000	2.889000	11.980000	1.403000	-1.791000	-1.212000	-12.756000	5.715000	-36.813000
50044.062020	0.270000	2.771000	10.897000	1.584000	-1.819000	-1.515000	-13.766000	4.495000	-36.813000
50044.072880	0.080000	3.024000	10.045000	1.691000	-1.797000	-1.668000	-14.865000	2.970000	-36.813000
50044.084810	0.009000	3.243000	9.867000	1.706000	-1.772000	-1.658000	-15.866000	1.669000	-36.813000
50044.092600	-0.146000	3.417000	10.121000	1.623000	-1.765000	-1.568000	-16.688000	0.883000	-36.813000
50044.103860	0.239000	3.643000	9.894000	1.525000	-1.787000	-1.482000	-17.405000	-0.527000	-36.813000
50044.112920	0.909000	4.077000	9.464000	1.511000	-1.852000	-1.443000	-18.615000	-1.580000	-36.511000
50044.123910	2.325000	4.748000	9.574000	1.567000	-1.916000	-1.374000	-19.793000	-1.968000	-36.511000
50044.132880	3.418000	5.224000	10.181000	1.666000	-2.110000	-1.341000	-20.539000	-3.591000	-36.511000
50044.143350	3.655000	5.426000	9.863000	1.740000	-2.370000	-1.406000	-21.487000	-3.923000	-36.071000
50044.151920	3.106000	5.234000	8.799000	1.790000	-2.609000	-1.600000	-22.381000	-5.543000	-35.461000
50044.163520	2.006000	4.730000	8.347000	1.806000	-2.680000	-1.849000	-23.060000	-6.690000	-34.947000
50044.172550	0.867000	4.293000	8.532000	1.711000	-2.511000	-2.049000	-23.605000	-7.649000	-33.982000
50044.184850	-0.120000	3.883000	8.455000	1.486000	-2.213000	-2.148000	-24.064000	-8.580000	-33.656000
50044.191560	-0.725000	3.733000	8.008000	1.279000	-1.885000	-2.100000	-24.395000	-9.126000	-33.041000
50044.201570	-0.846000	4.111000	7.172000	1.176000	-1.583000	-1.904000	-24.395000	-9.933000	-33.041000
50044.212470	-0.553000	4.593000	6.357000	1.116000	-1.339000	-1.616000	-24.395000	-10.739000	-32.334000
50044.223940	-0.187000	4.952000	5.997000	1.011000	-1.133000	-1.304000	-24.395000	-10.739000	-31.536000
50044.234810	0.390000	5.155000	6.259000	0.926000	-0.965000	-1.160000	-25.007000	-11.582000	-31.536000
50044.241610	1.686000	5.157000	6.965000	0.707000	-0.904000	-0.924000	-25.007000	-11.582000	-30.862000
50044.251900	2.338000	5.085000	7.732000	0.485000	-0.834000	-0.772000	-25.007000	-12.107000	-30.342000
50044.263920	2.239000	4.976000	7.754000	0.341000	-0.818000	-0.735000	-25.007000	-12.107000	-30.342000
50044.272830	1.502000	4.615000	7.100000	0.305000	-0.830000	-0.810000	-25.436000	-12.107000	-29.484000
50044.286780	0.441000	4.527000	7.022000	0.315000	-0.828000	-0.884000	-25.772000	-12.713000	-30.131000
50044.292060	-0.652000	4.339000	7.144000	0.275000	-0.739000	-0.865000	-25.772000	-12.713000	-29.623000
50044.302100	-1.484000	4.272000	7.739000	0.177000	-0.615000	-0.760000	-25.772000	-12.713000	-29.623000
50044.312540	-1.147000	4.524000	7.799000	0.105000	-0.528000	-0.600000	-25.772000	-13.247000	-29.623000
50044.323460	-0.333000	5.021000	7.374000	0.131000	-0.481000	-0.385000	-25.772000	-13.247000	-29.623000
50044.332830	0.582000	5.563000	6.727000	0.279000	-0.445000	-0.182000	-25.772000	-13.247000	-29.209000
50044.343820	1.437000	5.873000	6.202000	0.503000	-0.433000	-0.072000	-25.772000	-13.247000	-28.547000
50044.352150	1.963000	5.982000	6.050000	0.611000	-0.611000	-0.065000	-25.772000	-13.247000	-28.547000
50044.363870	2.285000	5.847000	6.128000	0.757000	-0.786000	-0.132000	-25.772000	-13.247000	-27.656000
50044.373080	2.331000	5.671000	6.632000	0.772000	-1.235000	-0.266000	-26.647000	-13.247000	-26.797000
50044.381930	2.252000	5.531000	7.468000	0.680000	-1.701000	-0.377000	-27.449000	-13.247000	-26.037000
50044.392800	2.307000	5.668000	7.742000	0.505000	-2.101000	-0.398000	-28.227000	-13.247000	-24.980000
50044.402170	2.401000	5.955000	7.453000	0.304000	-2.387000	-0.358000	-29.052000	-13.247000	-24.435000
50044.414040	2.749000	6.100000	8.003000	0.128000	-2.441000	-0.296000	-29.052000	-13.549000	-23.803000
50044.421820	3.109000	6.039000	8.775000	-0.043000	-2.208000	-0.198000	-29.905000	-13.549000	-23.803000
50044.434030	3.505000	5.944000	8.984000	-0.210000	-1.841000	-0.064000	-30.282000	-13.879000	-23.262000
50044.441780	3.577000	6.046000	8.725000	-0.310000	-1.496000	0.051000	-30.282000	-13.879000	-22.369000
50044.451850	3.749000	6.196000	7.882000	-0.297000	-1.147000	0.105000	-30.282000	-13.879000	-22.369000
50044.467200	3.822000	6.509000	6.633000	-0.219000	-0.833000	0.115000	-30.648000	-14.225000	-22.369000
50044.471900	3.867000	7.235000	5.665000	-0.184000	-0.575000	0.109000	-30.648000	-14.225000	-22.369000
50044.483920	3.803000	7.456000	5.234000	-0.183000	-0.460000	0.063000	-30.648000	-14.225000	-22.369000
50044.493230	3.352000	6.867000	5.766000	-0.362000	-0.273000	-0.030000	-30.648000	-14.225000	-22.816000
50044.502290	2.808000	5.996000	6.282000	-0.741000	-0.113000	-0.191000	-30.184000	-14.225000	-22.178000
50044.512820	1.990000	5.242000	6.632000	-1.196000	0.085000	-0.417000	-30.184000	-14.225000	-22.178000
50044.523990	1.706000	4.950000	7.551000	-1.525000	0.261000	-0.617000	-30.184000	-14.225000	-22.178000
50044.534340	2.083000	5.398000	8.244000	-1.612000	0.346000	-0.691000	-30.184000	-14.225000	-22.178000
50044.541870	2.451000	6.018000	8.249000	-1.399000	0.272000	-0.589000	-30.184000	-14.225000	-22.178000
50044.553290	2.777000	6.354000	7.839000	-0.936000	0.007000	-0.404000	-30.184000	-14.225000	-22.178000
50044.563970	3.066000	6.664000	6.992000	-0.448000	-0.308000	-0.275000	-30.494000	-14.225000	-22.178000
50044.574320	3.079000	6.782000	5.901000	-0.103000	-0.538000	-0.239000	-30.494000	-14.225000	-22.178000
50044.583380	2.614000	6.214000	5.000000	0.085000	-0.650000	-0.269000	-30.494000	-13.848000	-21.826000
50044.595100	2.020000	5.204000	4.537000	0.129000	-0.700000	-0.305000	-30.494000	-13.848000	-21.826000
50044.601960	2.257000	4.621000	4.952000	0.148000	-0.721000	-0.376000	-30.494000	-13.848000	-21.516000
50044.613530	3.713000	5.271000	6.498000	0.103000	-0.770000	-0.363000	-30.494000	-13.525000	-21.516000
50044.621950	4.927000	6.226000	7.810000	0.005000	-0.839000	-0.254000	-30.494000	-13.525000	-21.516000
50044.635410	4.808000	6.279000	8.922000	-0.086000	-0.895000	-0.194000	-30.181000	-13.525000	-21.118000
50044.645940	3.802000	5.556000	9.488000	-0.086000	-0.939000	-0.336000	-30.181000	-13.525000	-21.118000
50044.651920	3.538000	4.318000	12.230000	0.025000	-1.080000	-0.658000	-30.181000	-13.211000	-21.118000
50044.664010	4.616000	3.841000	13.024000	0.244000	-1.304000	-0.900000	-30.181000	-13.211000	-21.118000
50044.674350	3.062000	3.472000	9.779000	0.597000	-1.380000	-0.924000	-29.812000	-13.211000	-20.709000
50044.683350	1.815000	3.510000	5.819000	1.299000	-1.006000	-0.874000	-29.812000	-13.211000	-20.709000
50044.693850	2.334000	4.476000	1.429000	2.062000	-0.186000	-0.753000	-29.342000	-13.211000	-20.306000
50044.702490	2.555000	5.850000	6.869000	2.224000	0.645000	-0.330000	-28.292000	-13.211000	-20.306000
50044.712070	3.595000	6.253000	10.310000	1.883000	1.079000	-0.042000	-27.954000	-13.211000	-20.306000
50044.723480	4.032000	5.316000	10.367000	0.311000	1.031000	0.398000	-27.494000	-13.211000	-19.929000
50044.733890	3.514000	4.595000	8.777000	-1.013000	0.417000	0.477000	-26.689000	-13.211000	-19.929000
50044.742990	3.395000	5.025000	8.202000	-1.006000	0.075000	0.314000	-26.388000	-13.211000	-19.929000
50044.752540	3.986000	6.070000	8.960000	-0.560000	0.512000	0.202000	-25.747000	-13.211000	-19.929000
50044.765510	4.129000	6.075000	9.874000	-0.474000	1.009000	0.321000	-25.747000	-13.211000	-19.929000
50044.774690	3.829000	5.598000	10.581000	-0.760000	1.158000	0.448000	-24.798000	-13.211000	-19.929000
50044.782170	3.531000	5.264000	10.212000	-0.972000	1.221000	0.376000	-24.421000	-13.211000	-21.218000
50044.792640	3.108000	4.964000	9.202000	-0.907000	1.498000	0.248000	-23.951000	-13.211000	-22.445000
50044.803040	2.935000	4.796000	7.396000	-0.674000	1.822000	0.170000	-23.515000	-13.211000	-23.658000
50044.813910	3.091000	5.513000	6.287000	-0.353000	1.997000	0.118000	-23.515000	-13.211000	-25.209000
50044.826850	3.801000	6.832000	6.653000	-0.031000	1.892000	0.115000	-23.515000	-13.211000	-25.209000
50044.832650	3.098000	6.315000	7.958000	0.078000	1.501000	0.124000	-23.962000	-13.211000	-26.361000
50044.843910	1.410000	4.714000	8.902000	0.149000	1.225000	0.061000	-23.962000	-13.211000	-26.361000
50044.853060	0.673000	4.214000	9.015000	0.111000	0.634000	-0.164000	-23.962000	-13.211000	-26.361000
50044.865820	0.819000	4.536000	8.658000	0.045000	0.210000	-0.358000	-23.962000	-13.211000	-26.756000
50044.873510	1.040000	4.743000	8.548000	-0.053000	0.175000	-0.301000	-23.962000	-13.211000	-27.720000
50044.885840	1.414000	5.237000	8.414000	-0.141000	0.468000	-0.066000	-23.962000	-13.211000	-28.073000
50044.893250	1.692000	5.719000	8.439000	-0.147000	0.806000	0.180000	-23.962000	-12.867000	-28.073000
50044.902680	1.665000	5.690000	8.249000	-0.067000	0.978000	0.362000	-23.962000	-12.867000	-28.073000
50044.914740	1.454000	5.456000	7.711000	0.064000	0.963000	0.440000	-23.962000	-12.867000	-28.843000
50044.922280	1.357000	5.352000	8.122000	0.177000	0.824000	0.437000	-23.590000	-12.867000	-28.843000
50044.934790	1.821000	5.419000	8.515000	0.224000	0.717000	0.422000	-23.590000	-12.867000	-28.843000
50044.942230	1.595000	5.318000	6.988000	0.199000	0.692000	0.431000	-23.590000	-12.867000	-28.843000
50044.953250	1.484000	5.325000	6.558000	0.171000	0.709000	0.447000	-23.590000	-12.565000	-28.346000
50044.962800	1.675000	5.340000	6.863000	0.106000	0.769000	0.486000	-23.590000	-12.565000	-29.246000
50044.973760	1.695000	5.230000	6.826000	0.026000	0.973000	0.532000	-23.590000	-12.565000	-28.773000
50044.984680	1.689000	5.003000	6.844000	-0.054000	1.007000	0.572000	-23.590000	-12.565000	-28.773000
50044.994660	1.515000	4.782000	6.959000	-0.108000	0.822000	0.579000	-23.590000	-12.565000	-28.773000
50045.007210	1.204000	4.888000	7.463000	-0.179000	0.677000	0.577000	-23.590000	-12.565000	-28.773000
50045.013340	1.221000	5.124000	7.867000	-0.286000	0.595000	0.587000	-23.590000	-12.565000	-28.773000
50045.023870	1.498000	5.373000	8.064000	-0.407000	0.533000	0.632000	-23.590000	-12.565000	-28.773000
50045.033670	1.769000	5.364000	7.981000	-0.468000	0.489000	0.716000	-23.590000	-12.565000	-29.193000
50045.044840	1.975000	5.310000	7.685000	-0.444000	0.413000	0.781000	-23.590000	-12.565000	-29.193000
50045.053650	2.118000	5.197000	7.224000	-0.400000	0.313000	0.784000	-23.590000	-12.565000	-29.592000
50045.064700	1.987000	4.967000	6.687000	-0.421000	0.298000	0.747000	-23.590000	-12.565000	-29.592000
50045.074130	1.487000	4.940000	6.646000	-0.470000	0.387000	0.721000	-23.590000	-12.161000	-29.965000
50045.085240	1.229000	4.865000	6.713000	-0.649000	0.451000	0.659000	-23.590000	-12.161000	-29.965000
50045.093020	1.325000	4.726000	6.698000	-0.902000	0.592000	0.599000	-23.590000	-11.857000	-30.334000
50045.104100	1.128000	4.595000	6.714000	-1.114000	0.683000	0.575000	-23.590000	-11.247000	-30.334000
50045.114840	0.894000	4.606000	7.680000	-1.210000	0.628000	0.593000	-23.590000	-10.661000	-31.684000
50045.122960	1.186000	4.477000	9.455000	-1.286000	0.437000	0.619000	-23.590000	-9.988000	-32.110000
50045.135660	1.481000	4.073000	10.338000	-1.417000	0.256000	0.633000	-23.590000	-9.214000	-32.762000
50045.143010	1.953000	4.063000	10.016000	-1.472000	0.141000	0.644000	-23.922000	-8.628000	-32.762000
50045.153970	2.559000	4.293000	9.006000	-1.230000	-0.006000	0.653000	-23.922000	-8.010000	-33.384000
50045.163980	2.939000	4.325000	8.746000	-0.786000	-0.272000	0.639000	-23.922000	-8.010000	-33.384000
50045.174720	2.993000	4.155000	8.821000	-0.472000	-0.451000	0.574000	-24.285000	-7.281000	-33.384000
50045.187660	2.796000	3.991000	8.736000	-0.405000	-0.434000	0.465000	-24.285000	-7.281000	-33.384000
50045.192940	2.204000	3.540000	8.453000	-0.436000	-0.392000	0.404000	-24.285000	-6.602000	-33.384000
50045.203950	1.246000	3.015000	8.619000	-0.531000	-0.369000	0.276000	-24.649000	-6.602000	-33.384000
50045.214790	0.672000	2.787000	8.701000	-0.603000	-0.255000	0.168000	-24.649000	-5.833000	-33.384000
50045.223550	1.109000	2.919000	8.817000	-0.649000	-0.101000	0.115000	-24.649000	-5.833000	-33.384000
50045.232550	1.641000	3.010000	9.439000	-0.646000	-0.050000	0.144000	-24.957000	-5.833000	-33.384000
50045.245920	1.559000	2.962000	10.050000	-0.580000	-0.126000	0.240000	-24.957000	-5.126000	-33.384000
50045.253060	1.405000	3.076000	11.433000	-0.450000	-0.321000	0.352000	-24.957000	-5.126000	-33.384000
50045.266510	2.173000	3.373000	11.392000	-0.296000	-0.657000	0.470000	-25.280000	-5.126000	-33.776000
50045.273050	2.753000	3.566000	9.405000	-0.190000	-0.944000	0.620000	-25.280000	-4.396000	-33.776000
50045.286530	3.217000	3.785000	8.504000	-0.097000	-0.972000	0.784000	-25.280000	-4.396000	-33.776000
50045.293490	4.164000	3.457000	8.179000	0.017000	-0.741000	0.924000	-25.280000	-3.674000	-33.776000
50045.304050	4.479000	3.295000	8.477000	0.046000	-0.487000	1.049000	-25.280000	-3.216000	-33.776000
50045.315830	4.051000	3.369000	9.243000	-0.002000	-0.432000	1.091000	-25.601000	-2.914000	-33.776000
50045.322670	3.576000	3.326000	10.251000	-0.203000	-0.427000	1.056000	-25.601000	-2.233000	-33.776000
50045.335180	3.326000	2.955000	10.816000	-0.465000	-0.370000	0.860000	-25.601000	-1.892000	-33.776000
50045.343940	3.174000	2.460000	10.786000	-0.688000	-0.292000	0.645000	-25.601000	-1.100000	-33.776000
50045.355230	2.495000	1.785000	10.654000	-0.787000	-0.144000	0.519000	-25.601000	-0.488000	-33.776000
50045.367470	2.404000	1.921000	10.472000	-0.742000	0.156000	0.497000	-25.601000	-0.157000	-33.416000
50045.373300	2.492000	2.732000	9.349000	-0.637000	0.534000	0.557000	-25.292000	0.248000	-33.416000
50045.383670	2.270000	3.112000	8.170000	-0.515000	0.831000	0.722000	-25.292000	0.679000	-33.416000
50045.394690	2.301000	3.129000	7.781000	-0.396000	0.978000	0.964000	-25.292000	1.283000	-33.091000
50045.402680	2.294000	3.004000	8.294000	-0.376000	1.053000	1.104000	-24.897000	1.724000	-33.091000
50045.416260	2.343000	2.787000	8.601000	-0.462000	1.067000	1.099000	-24.897000	1.724000	-33.091000
50045.422700	2.431000	2.993000	8.642000	-0.545000	0.929000	1.003000	-24.557000	2.648000	-33.091000
50045.435190	2.807000	3.360000	9.149000	-0.549000	0.647000	0.942000	-24.557000	2.648000	-32.707000
50045.442940	2.810000	3.178000	9.635000	-0.454000	0.483000	0.807000	-24.557000	2.648000	-32.707000
50045.454050	3.254000	2.999000	9.623000	-0.205000	0.160000	0.648000	-24.557000	2.648000	-32.707000
50045.464910	3.792000	2.993000	9.298000	0.185000	-0.247000	0.447000	-24.212000	2.648000	-32.327000
50045.473030	3.871000	2.998000	8.373000	0.542000	-0.794000	0.238000	-24.212000	2.648000	-32.327000
50045.483190	3.840000	2.799000	8.138000	0.669000	-1.189000	0.076000	-24.212000	2.268000	-32.327000
50045.493960	3.842000	2.480000	8.810000	0.604000	-1.222000	-0.023000	-24.212000	2.268000	-31.906000
50045.503060	3.922000	2.318000	9.876000	0.474000	-1.052000	-0.055000	-24.212000	2.268000	-31.906000
50045.513520	3.952000	2.389000	10.660000	0.319000	-0.901000	-0.047000	-24.212000	2.268000	-31.906000
50045.523010	3.910000	2.480000	10.613000	0.162000	-0.834000	-0.028000	-24.212000	2.268000	-31.474000
50045.533210	3.787000	2.356000	10.440000	0.006000	-0.716000	0.023000	-24.212000	2.268000	-31.474000
50045.550600	3.702000	2.157000	10.373000	-0.163000	-0.427000	0.107000	-24.212000	2.641000	-31.474000
50045.555390	3.913000	2.125000	10.326000	-0.297000	0.015000	0.172000	-24.212000	2.641000	-31.474000
50045.568150	4.505000	2.455000	10.032000	-0.331000	0.399000	0.228000	-24.212000	2.641000	-31.101000
50045.574860	5.328000	3.169000	9.740000	-0.306000	0.557000	0.267000	-24.212000	2.966000	-31.101000
50045.587860	5.895000	3.795000	9.657000	-0.202000	0.561000	0.349000	-24.591000	2.966000	-31.101000
50045.596650	6.283000	4.132000	9.647000	-0.062000	0.469000	0.352000	-24.591000	2.966000	-31.101000
50045.605690	6.335000	4.145000	9.572000	0.133000	0.262000	0.194000	-24.591000	2.966000	-30.775000
50045.618050	6.032000	3.925000	9.418000	0.392000	-0.104000	-0.126000	-24.992000	2.966000	-30.775000
50045.633400	5.629000	3.653000	9.376000	0.939000	-1.189000	-0.940000	-25.386000	2.966000	-30.468000
50045.642920	5.137000	3.540000	9.660000	1.116000	-1.706000	-1.269000	-25.386000	2.966000	-30.468000
50045.653140	4.800000	3.551000	9.811000	1.209000	-2.098000	-1.477000	-26.417000	2.529000	-30.068000
50045.663790	4.651000	3.625000	9.735000	1.269000	-2.356000	-1.591000	-27.915000	0.926000	-29.223000
50045.677100	4.700000	3.836000	9.645000	1.307000	-2.501000	-1.616000	-28.959000	-0.405000	-27.606000
50045.684390	4.798000	4.023000	9.411000	1.387000	-2.534000	-1.603000	-30.191000	-1.847000	-26.325000
50045.694860	4.721000	4.067000	9.118000	1.442000	-2.527000	-1.542000	-30.828000	-3.085000	-24.974000
50045.704260	4.654000	4.147000	8.551000	1.493000	-2.453000	-1.487000	-31.445000	-4.229000	-24.043000
50045.715210	4.716000	4.442000	7.700000	1.564000	-2.371000	-1.452000	-32.107000	-5.604000	-22.752000
50045.729130	4.758000	4.791000	7.054000	1.644000	-2.313000	-1.416000	-33.003000	-6.394000	-22.752000
50045.732880	4.650000	4.854000	6.738000	1.685000	-2.280000	-1.396000	-33.616000	-7.513000	-21.194000
50045.746500	4.375000	4.714000	6.740000	1.640000	-2.286000	-1.403000	-34.289000	-8.143000	-20.359000
50045.753910	4.249000	4.760000	6.749000	1.520000	-2.308000	-1.406000	-34.678000	-9.010000	-19.567000
50045.766210	4.177000	4.833000	6.769000	1.374000	-2.273000	-1.355000	-35.142000	-10.249000	-18.504000
50045.772950	3.950000	4.749000	6.812000	1.255000	-2.182000	-1.269000	-35.559000	-10.249000	-17.918000
50045.785310	3.874000	4.757000	6.811000	1.208000	-2.087000	-1.191000	-35.891000	-11.357000	-17.269000
50045.793100	4.160000	5.001000	6.701000	1.204000	-2.037000	-1.150000	-36.293000	-11.898000	-16.520000
50045.804420	4.565000	5.267000	6.567000	1.199000	-2.012000	-1.039000	-36.293000	-12.416000	-15.708000
50045.814430	4.904000	5.431000	6.490000	1.198000	-1.924000	-0.906000	-36.599000	-13.310000	-14.707000
50045.826390	5.188000	5.523000	6.245000	1.195000	-1.805000	-0.798000	-36.599000	-13.310000	-14.270000
50045.833100	5.291000	5.541000	5.843000	1.189000	-1.699000	-0.733000	-37.088000	-14.048000	-13.256000
50045.847290	5.201000	5.709000	5.063000	1.190000	-1.609000	-0.696000	-37.599000	-14.048000	-13.758000
50045.854100	5.055000	5.941000	4.618000	1.175000	-1.508000	-0.679000	-37.599000	-14.048000	-11.923000
50045.866890	5.060000	6.115000	4.456000	1.100000	-1.375000	-0.668000	-37.599000	-15.136000	-11.923000
50045.873170	5.339000	6.491000	4.565000	0.944000	-1.244000	-0.649000	-37.599000	-15.136000	-11.289000
50045.883210	5.748000	6.706000	5.312000	0.757000	-1.135000	-0.620000	-37.599000	-15.879000	-10.607000
50045.893220	6.082000	6.391000	5.793000	0.606000	-1.040000	-0.612000	-37.599000	-15.879000	-10.607000
50045.906990	6.107000	6.026000	5.905000	0.559000	-1.049000	-0.680000	-37.599000	-15.879000	-9.806000
50045.917420	5.917000	5.965000	5.754000	0.594000	-1.176000	-0.734000	-37.599000	-16.947000	-9.025000
50045.925110	5.699000	6.134000	5.251000	0.747000	-1.254000	-0.838000	-37.599000	-17.369000	-9.393000
50045.935280	5.322000	6.356000	5.109000	0.924000	-1.394000	-0.896000	-37.599000	-17.915000	-8.552000
50045.944650	5.137000	6.579000	5.067000	1.047000	-1.454000	-0.899000	-37.599000	-17.915000	-8.248000
50045.954900	5.088000	6.814000	4.749000	1.077000	-1.428000	-0.858000	-37.599000	-17.915000	-7.141000
50045.963510	5.101000	6.975000	4.214000	1.073000	-1.360000	-0.779000	-37.928000	-18.762000	-6.361000
50045.973060	5.191000	7.110000	3.830000	1.067000	-1.278000	-0.689000	-37.928000	-18.762000	-6.361000
50045.983070	5.228000	7.164000	3.752000	1.024000	-1.179000	-0.603000	-37.928000	-19.078000	-6.361000
50045.993050	5.106000	7.205000	3.868000	0.922000	-1.078000	-0.524000	-38.255000	-19.078000	-5.531000
50046.003090	4.960000	7.228000	4.228000	0.788000	-0.965000	-0.451000	-38.255000	-19.078000	-5.531000
50046.013100	4.823000	7.218000	4.320000	0.682000	-0.849000	-0.403000	-38.255000	-19.590000	-5.007000
50046.025730	5.022000	7.209000	4.093000	0.670000	-0.760000	-0.377000	-38.255000	-19.590000	-4.542000
50046.036200	5.083000	7.180000	3.545000	0.708000	-0.747000	-0.356000	-38.578000	-19.590000	-4.542000
50046.044260	5.076000	7.299000	2.850000	0.836000	-0.765000	-0.290000	-38.578000	-20.156000	-4.000000
50046.055000	5.170000	7.462000	2.209000	0.956000	-0.823000	-0.219000	-38.578000	-20.156000	-3.352000
50046.065070	5.344000	7.649000	1.879000	0.998000	-0.866000	-0.146000	-38.578000	-20.156000	-3.038000
50046.077150	5.545000	7.813000	1.835000	0.934000	-0.865000	-0.071000	-38.578000	-20.156000	-3.038000
50046.089850	5.586000	7.927000	2.045000	0.769000	-0.812000	-0.005000	-38.578000	-20.156000	-2.297000
50046.094640	5.512000	7.837000	2.286000	0.561000	-0.718000	0.040000	-38.578000	-20.156000	-1.771000
50046.103150	5.432000	7.682000	2.448000	0.397000	-0.607000	0.035000	-38.578000	-20.156000	-1.771000
50046.114080	5.262000	7.573000	2.391000	0.312000	-0.529000	0.005000	-38.578000	-20.156000	-2.218000
50046.127080	5.211000	7.506000	2.319000	0.291000	-0.498000	-0.016000	-38.578000	-20.156000	-1.785000
50046.134740	5.439000	7.597000	2.543000	0.312000	-0.474000	-0.016000	-38.578000	-20.156000	-1.785000
50046.143440	5.538000	7.652000	2.480000	0.345000	-0.448000	0.023000	-38.578000	-20.567000	-1.785000
50046.154240	5.588000	7.627000	2.093000	0.366000	-0.436000	0.058000	-38.578000	-20.567000	-1.785000
50046.165470	5.745000	7.719000	1.890000	0.418000	-0.432000	0.132000	-38.578000	-20.567000	-1.785000
50046.175450	5.840000	7.697000	1.871000	0.455000	-0.414000	0.188000	-38.578000	-20.567000	-1.336000
50046.185670	5.823000	7.727000	1.708000	0.434000	-0.373000	0.231000	-38.578000	-20.567000	-1.336000
50046.194920	5.804000	7.827000	1.702000	0.368000	-0.323000	0.254000	-38.578000	-20.567000	-1.336000
50046.206000	6.045000	7.933000	1.823000	0.302000	-0.278000	0.261000	-38.578000	-20.567000	-0.892000
50046.216620	6.194000	7.999000	2.102000	0.257000	-0.262000	0.261000	-38.578000	-20.567000	-0.892000
50046.225590	6.183000	7.995000	2.270000	0.216000	-0.309000	0.250000	-38.578000	-20.567000	-0.892000
50046.234440	6.055000	7.742000	2.376000	0.173000	-0.382000	0.223000	-38.578000	-20.567000	-0.892000
50046.245920	6.197000	7.657000	2.522000	0.131000	-0.408000	0.185000	-38.578000	-20.567000	-0.892000
50046.253480	6.352000	7.705000	2.637000	0.068000	-0.348000	0.166000	-38.578000	-20.567000	-0.508000
50046.267190	6.220000	7.578000	2.447000	-0.009000	-0.224000	0.179000	-38.578000	-20.567000	-0.508000
50046.273530	5.994000	7.441000	1.900000	-0.031000	-0.082000	0.185000	-38.578000	-20.567000	-0.207000
50046.283540	5.917000	7.356000	1.487000	-0.021000	-0.027000	0.184000	-38.578000	-20.567000	-0.207000
50046.295900	6.060000	7.566000	1.414000	0.005000	0.024000	0.197000	-38.578000	-20.567000	-0.207000
50046.304570	6.314000	7.887000	1.736000	-0.016000	0.013000	0.250000	-38.578000	-20.567000	-0.207000
50046.315680	6.628000	7.973000	2.261000	-0.093000	-0.037000	0.317000	-38.949000	-20.567000	0.161000
50046.325380	6.871000	7.778000	2.698000	-0.182000	-0.101000	0.363000	-38.949000	-20.567000	0.161000
50046.334660	7.043000	7.656000	2.996000	-0.229000	-0.167000	0.347000	-38.949000	-20.567000	0.161000
50046.345890	7.108000	7.672000	3.177000	-0.181000	-0.246000	0.257000	-38.949000	-20.567000	0.161000
50046.353760	6.968000	7.615000	3.072000	-0.043000	-0.347000	0.137000	-39.274000	-20.567000	0.473000
50046.367500	6.696000	7.439000	2.799000	0.121000	-0.464000	0.016000	-39.274000	-20.567000	0.473000
50046.374210	6.463000	7.370000	2.294000	0.269000	-0.570000	-0.093000	-39.274000	-20.567000	0.473000
50046.387520	6.306000	7.346000	1.900000	0.368000	-0.616000	-0.153000	-39.274000	-20.249000	0.473000
50046.394630	6.310000	7.290000	1.663000	0.389000	-0.611000	-0.158000	-39.590000	-20.249000	0.863000
50046.405460	6.279000	7.411000	1.725000	0.367000	-0.592000	-0.129000	-39.590000	-20.249000	0.863000
50046.413670	6.428000	7.635000	2.014000	0.270000	-0.519000	-0.071000	-39.590000	-20.249000	0.863000
50046.426550	6.623000	7.732000	2.074000	0.143000	-0.396000	0.006000	-39.590000	-20.249000	0.863000
50046.433720	6.696000	7.785000	2.153000	0.031000	-0.244000	0.078000	-39.590000	-20.249000	0.863000
50046.448520	6.689000	7.821000	2.191000	-0.008000	-0.098000	0.115000	-39.907000	-20.249000	1.240000
50046.453710	6.580000	7.728000	2.061000	0.037000	-0.023000	0.090000	-39.907000	-20.249000	1.240000
50046.463750	6.536000	7.657000	1.858000	0.133000	-0.062000	0.019000	-39.907000	-20.249000	1.240000
50046.473790	6.642000	7.622000	1.653000	0.259000	-0.200000	-0.068000	-39.907000	-20.249000	1.240000
50046.483800	6.724000	7.638000	1.343000	0.385000	-0.395000	-0.141000	-39.907000	-20.249000	1.617000
50046.493810	6.765000	7.704000	1.054000	0.484000	-0.596000	-0.203000	-39.907000	-20.249000	1.617000
50046.505250	6.631000	7.674000	0.949000	0.516000	-0.747000	-0.242000	-39.907000	-20.249000	1.972000
50046.513590	6.535000	7.660000	0.868000	0.500000	-0.801000	-0.252000	-39.907000	-20.249000	1.972000
50046.523590	6.594000	7.806000	0.910000	0.404000	-0.789000	-0.257000	-39.907000	-20.249000	2.467000
50046.533640	6.764000	7.943000	0.918000	0.263000	-0.692000	-0.230000	-39.907000	-20.249000	2.467000
50046.543640	6.801000	8.018000	1.229000	0.129000	-0.541000	-0.189000	-39.907000	-20.249000	2.902000
50046.553620	6.718000	7.945000	1.580000	0.035000	-0.407000	-0.170000	-39.907000	-20.249000	2.902000
50046.563630	6.700000	7.916000	1.826000	0.006000	-0.334000	-0.203000	-39.907000	-20.249000	3.263000
50046.574590	6.670000	7.895000	1.730000	0.064000	-0.355000	-0.279000	-39.907000	-20.249000	3.263000
50046.583680	6.495000	7.810000	1.328000	0.236000	-0.503000	-0.384000	-39.907000	-20.249000	3.974000
50046.594670	6.375000	7.785000	0.810000	0.504000	-0.774000	-0.520000	-39.907000	-20.249000	4.821000
50046.607240	6.390000	7.928000	0.306000	0.800000	-1.107000	-0.630000	-39.907000	-20.249000	6.463000
50046.616090	6.495000	8.133000	-0.032000	1.026000	-1.446000	-0.673000	-39.529000	-20.249000	8.517000
50046.629120	6.741000	8.462000	-0.314000	1.098000	-1.694000	-0.654000	-39.529000	-20.249000	8.955000
50046.636570	7.099000	8.934000	-0.513000	1.079000	-1.779000	-0.631000	-38.900000	-20.555000	9.829000
50046.644050	7.146000	9.019000	-0.506000	0.966000	-1.761000	-0.581000	-38.021000	-20.555000	10.446000
50046.657320	6.818000	8.681000	-0.439000	0.783000	-1.636000	-0.554000	-37.306000	-20.555000	10.446000
50046.665380	6.422000	8.455000	-0.206000	0.567000	-1.417000	-0.581000	-37.306000	-20.555000	11.132000
50046.678990	5.999000	8.304000	-0.021000	0.354000	-1.161000	-0.641000	-36.473000	-20.555000	12.016000
50046.683900	5.800000	8.194000	-0.026000	0.184000	-0.952000	-0.671000	-36.473000	-20.953000	12.016000
50046.696510	5.681000	8.098000	-0.118000	0.093000	-0.809000	-0.662000	-36.013000	-20.953000	12.016000
50046.705600	5.597000	8.240000	-0.262000	0.078000	-0.735000	-0.637000	-36.013000	-20.953000	12.016000
50046.716800	5.499000	8.570000	-0.703000	0.106000	-0.690000	-0.612000	-35.478000	-21.273000	12.608000
50046.728860	5.514000	8.863000	-1.056000	0.168000	-0.659000	-0.597000	-35.003000	-21.273000	13.348000
50046.736550	5.712000	9.074000	-1.416000	0.272000	-0.693000	-0.602000	-35.003000	-21.273000	13.348000
50046.745550	5.944000	9.240000	-1.596000	0.385000	-0.845000	-0.632000	-34.277000	-21.655000	13.891000
50046.757790	6.010000	9.211000	-1.575000	0.427000	-1.137000	-0.654000	-34.277000	-21.655000	14.520000
50046.765050	5.989000	9.142000	-1.574000	0.462000	-1.308000	-0.716000	-33.833000	-21.655000	15.104000
50046.778940	5.786000	9.132000	-1.452000	0.423000	-1.622000	-0.785000	-33.451000	-22.103000	15.104000
50046.786560	5.197000	8.893000	-1.610000	0.314000	-1.827000	-0.840000	-33.451000	-22.103000	15.959000
50046.795200	5.034000	8.709000	-1.999000	0.171000	-1.888000	-0.887000	-32.737000	-22.439000	16.360000
50046.806830	5.139000	8.765000	-1.987000	0.042000	-1.863000	-0.943000	-32.437000	-22.439000	16.360000
50046.815070	5.134000	8.766000	-1.352000	-0.064000	-1.790000	-0.995000	-31.979000	-22.833000	16.732000
50046.826790	5.071000	8.720000	-0.875000	-0.147000	-1.695000	-1.050000	-31.024000	-23.284000	17.254000
50046.836860	4.896000	8.580000	-0.611000	-0.150000	-1.714000	-1.127000	-30.560000	-23.750000	17.254000
50046.846780	4.648000	8.438000	-0.877000	-0.045000	-1.935000	-1.220000	-29.377000	-24.331000	18.200000
50046.854950	4.624000	8.624000	-1.352000	0.127000	-2.219000	-1.287000	-28.607000	-24.716000	18.942000
50046.868140	4.405000	8.828000	-1.723000	0.271000	-2.393000	-1.300000	-27.636000	-25.193000	19.789000
50046.878000	4.020000	8.754000	-1.858000	0.305000	-2.387000	-1.288000	-26.989000	-25.193000	19.789000
50046.885560	3.560000	8.613000	-2.004000	0.289000	-2.323000	-1.243000	-26.403000	-25.688000	20.591000
50046.898960	2.957000	8.467000	-2.235000	0.199000	-2.112000	-1.191000	-25.860000	-26.306000	20.591000
50046.906800	2.784000	8.412000	-2.416000	0.071000	-1.826000	-1.119000	-25.396000	-26.306000	20.591000
50046.915810	2.939000	8.537000	-2.510000	-0.071000	-1.484000	-1.025000	-24.797000	-26.846000	20.591000
50046.925600	3.250000	8.762000	-2.320000	-0.218000	-1.136000	-0.903000	-24.797000	-26.846000	20.591000
50046.935800	3.467000	8.882000	-2.046000	-0.365000	-0.830000	-0.772000	-24.063000	-27.461000	20.591000
50046.945200	3.485000	8.887000	-1.724000	-0.484000	-0.602000	-0.682000	-24.063000	-27.766000	20.591000
50046.956760	3.262000	8.815000	-1.417000	-0.522000	-0.513000	-0.674000	-23.446000	-28.135000	20.591000
50046.964630	2.954000	8.695000	-1.179000	-0.473000	-0.564000	-0.739000	-23.074000	-28.500000	20.591000
50046.977270	2.665000	8.625000	-0.986000	-0.385000	-0.701000	-0.818000	-22.491000	-28.500000	20.591000
50046.989020	2.332000	8.546000	-0.906000	-0.288000	-0.854000	-0.880000	-22.491000	-28.500000	20.591000
50046.996010	1.973000	8.408000	-0.947000	-0.246000	-0.965000	-0.901000	-21.699000	-28.993000	20.591000
50047.004640	1.693000	8.379000	-1.007000	-0.172000	-0.991000	-0.911000	-21.699000	-28.993000	20.591000
50047.015870	1.548000	8.452000	-1.040000	-0.117000	-0.990000	-0.881000	-21.249000	-28.993000	20.591000
50047.024600	1.536000	8.589000	-0.991000	-0.090000	-0.907000	-0.813000	-20.909000	-28.993000	20.591000
50047.034370	1.472000	8.733000	-1.053000	-0.077000	-0.775000	-0.712000	-20.909000	-29.296000	21.017000
50047.044320	1.333000	8.768000	-1.251000	-0.069000	-0.634000	-0.602000	-20.909000	-29.605000	21.017000
50047.054390	1.216000	8.745000	-1.349000	-0.055000	-0.508000	-0.510000	-20.909000	-29.605000	21.017000
50047.066690	1.024000	8.710000	-1.404000	-0.051000	-0.388000	-0.444000	-20.909000	-29.605000	21.017000
50047.077580	1.041000	8.663000	-1.338000	-0.071000	-0.260000	-0.395000	-20.909000	-29.605000	21.017000
50047.085850	1.149000	8.665000	-1.085000	-0.098000	-0.160000	-0.357000	-20.414000	-29.605000	21.017000
50047.097660	1.322000	8.724000	-0.893000	-0.113000	-0.114000	-0.320000	-20.414000	-30.012000	21.017000
50047.104340	1.363000	8.778000	-1.062000	-0.087000	-0.119000	-0.289000	-20.414000	-30.012000	21.017000
50047.117990	1.267000	8.865000	-1.446000	-0.048000	-0.189000	-0.279000	-20.414000	-30.355000	21.017000
50047.124360	1.261000	8.841000	-1.703000	0.075000	-0.249000	-0.276000	-20.414000	-30.355000	21.017000
50047.137700	1.123000	8.766000	-1.678000	0.204000	-0.393000	-0.279000	-20.414000	-30.355000	21.017000
50047.144380	1.049000	8.726000	-1.501000	0.275000	-0.510000	-0.280000	-20.414000	-30.734000	21.017000
50047.154850	0.980000	8.682000	-1.329000	0.272000	-0.571000	-0.273000	-19.947000	-30.734000	21.017000
50047.167210	0.864000	8.663000	-1.265000	0.208000	-0.593000	-0.236000	-19.947000	-30.734000	21.327000
50047.175020	0.861000	8.767000	-1.556000	0.126000	-0.545000	-0.165000	-19.560000	-30.734000	21.327000
50047.189060	1.328000	9.103000	-2.113000	0.045000	-0.407000	-0.066000	-19.560000	-31.036000	21.327000
50047.195100	1.728000	9.470000	-2.085000	-0.019000	-0.193000	0.046000	-19.258000	-31.036000	21.327000
50047.205240	2.140000	9.597000	-2.195000	-0.053000	0.031000	0.136000	-19.258000	-31.036000	21.327000
50047.217080	2.615000	9.891000	-2.655000	-0.023000	0.139000	0.147000	-19.258000	-31.036000	21.327000
50047.226290	2.643000	10.169000	-3.194000	0.122000	0.025000	0.065000	-18.933000	-31.036000	21.327000
50047.237070	2.523000	10.344000	-3.764000	0.231000	-0.282000	-0.057000	-18.933000	-31.036000	21.327000
50047.246560	2.458000	10.516000	-4.342000	0.458000	-0.652000	-0.126000	-18.933000	-31.036000	21.676000
50047.256020	2.727000	11.146000	-5.377000	0.604000	-0.829000	-0.264000	-18.515000	-31.036000	21.676000
50047.267310	3.139000	11.863000	-5.823000	0.600000	-1.098000	-0.363000	-18.515000	-31.036000	21.676000
50047.277500	3.472000	12.285000	-5.693000	0.464000	-1.200000	-0.422000	-18.135000	-31.036000	22.070000
50047.287360	3.606000	12.404000	-5.467000	0.281000	-1.189000	-0.510000	-18.135000	-31.036000	22.070000
50047.298440	3.454000	12.260000	-5.311000	0.142000	-1.238000	-0.684000	-16.342000	-31.036000	22.070000
50047.305300	3.138000	12.282000	-5.710000	0.069000	-1.472000	-0.917000	-15.095000	-31.036000	22.451000
50047.315980	2.596000	12.331000	-6.349000	0.047000	-1.803000	-1.147000	-13.557000	-31.036000	22.451000
50047.325510	2.020000	12.328000	-7.031000	0.047000	-2.046000	-1.313000	-12.390000	-31.036000	22.451000
50047.349280	1.692000	12.306000	-7.253000	-0.056000	-2.033000	-1.442000	-9.924000	-31.036000	22.857000
50047.354920	1.499000	12.088000	-6.757000	-0.125000	-1.950000	-1.450000	-8.885000	-31.036000	22.857000
50047.366760	1.292000	11.590000	-5.996000	-0.312000	-1.927000	-1.459000	-7.780000	-31.036000	23.193000
50047.376810	1.029000	11.143000	-5.467000	-0.537000	-1.941000	-1.487000	-6.997000	-31.036000	23.193000
50047.386630	0.869000	10.718000	-5.143000	-0.742000	-2.004000	-1.512000	-5.964000	-31.036000	23.193000
50047.395120	0.749000	10.262000	-4.338000	-0.913000	-2.034000	-1.501000	-4.760000	-31.385000	23.193000
50047.405100	0.551000	9.738000	-3.110000	-1.093000	-1.970000	-1.471000	-3.849000	-31.385000	23.193000
50047.416910	0.311000	9.187000	-2.010000	-1.308000	-1.834000	-1.439000	-2.873000	-31.385000	23.193000
50047.426300	-0.054000	8.710000	-1.132000	-1.514000	-1.671000	-1.397000	-2.264000	-31.771000	23.193000
50047.436350	-0.598000	7.982000	-0.078000	-1.675000	-1.469000	-1.350000	-1.486000	-31.771000	22.294000
50047.447120	-1.128000	7.278000	0.744000	-1.794000	-1.244000	-1.326000	-1.014000	-32.885000	20.593000
50047.455200	-1.462000	6.867000	1.477000	-1.839000	-1.061000	-1.307000	-0.610000	-33.432000	19.515000
50047.466100	-1.664000	6.662000	2.103000	-1.774000	-0.940000	-1.263000	0.218000	-34.268000	18.157000
50047.477510	-1.858000	6.560000	2.650000	-1.708000	-0.888000	-1.232000	0.703000	-34.642000	17.446000
50047.486000	-2.186000	6.500000	2.939000	-1.545000	-0.889000	-1.165000	1.072000	-35.192000	16.822000
50047.497780	-2.669000	6.361000	3.177000	-1.374000	-0.918000	-1.102000	1.635000	-35.670000	16.429000
50047.505010	-2.985000	6.120000	3.525000	-1.232000	-0.911000	-1.044000	2.108000	-35.670000	15.898000
50047.515290	-3.161000	6.015000	3.804000	-1.144000	-0.813000	-0.970000	2.108000	-36.227000	15.232000
50047.527100	-3.169000	6.155000	3.742000	-1.071000	-0.655000	-0.872000	2.476000	-36.227000	15.232000
50047.534830	-3.200000	6.307000	3.466000	-0.957000	-0.502000	-0.754000	2.915000	-36.227000	14.668000
50047.544840	-3.353000	6.421000	3.213000	-0.799000	-0.375000	-0.646000	2.915000	-36.711000	14.328000
50047.555730	-3.517000	6.570000	2.923000	-0.626000	-0.285000	-0.569000	2.915000	-36.711000	15.014000
50047.564670	-3.531000	6.885000	2.650000	-0.463000	-0.252000	-0.489000	3.430000	-36.711000	14.440000
50047.574680	-3.329000	7.157000	2.354000	-0.311000	-0.265000	-0.396000	3.430000	-36.711000	14.440000
50047.584750	-2.989000	7.551000	2.081000	-0.174000	-0.276000	-0.295000	3.430000	-36.711000	14.083000
50047.594700	-2.676000	7.953000	1.727000	-0.113000	-0.272000	-0.244000	3.430000	-36.711000	14.083000
50047.604710	-2.362000	8.305000	1.313000	-0.003000	-0.275000	-0.155000	3.430000	-36.711000	13.764000
50047.614690	-1.994000	8.669000	0.922000	0.081000	-0.279000	-0.086000	3.430000	-36.711000	13.764000
50047.625100	-1.827000	8.961000	0.408000	0.132000	-0.257000	-0.040000	3.430000	-36.711000	14.222000
50047.634710	-1.887000	9.131000	-0.208000	0.159000	-0.211000	-0.027000	3.430000	-36.711000	14.222000
50047.644690	-2.061000	9.234000	-0.566000	0.171000	-0.156000	-0.044000	3.430000	-37.089000	14.222000
50047.655670	-2.198000	9.361000	-0.678000	0.151000	-0.099000	-0.078000	3.430000	-37.089000	14.222000
50047.664770	-2.355000	9.538000	-0.633000	0.091000	-0.049000	-0.105000	3.430000	-37.089000	14.222000
50047.674720	-2.396000	9.660000	-0.474000	0.026000	-0.020000	-0.113000	3.430000	-37.089000	14.222000
50047.685920	-2.586000	9.710000	-0.306000	-0.011000	-0.017000	-0.108000	3.430000	-37.089000	14.222000
50047.694740	-2.722000	9.761000	-0.187000	-0.018000	-0.048000	-0.100000	3.793000	-37.089000	13.836000
50047.708130	-2.777000	9.711000	-0.090000	-0.001000	-0.087000	-0.088000	3.793000	-37.089000	13.836000
50047.715610	-2.849000	9.649000	-0.133000	0.016000	-0.102000	-0.078000	3.793000	-37.089000	13.836000
50047.725960	-2.896000	9.653000	-0.300000	0.050000	-0.103000	-0.053000	3.793000	-37.089000	13.836000
50047.735940	-2.878000	9.690000	-0.577000	0.072000	-0.103000	-0.010000	3.793000	-37.089000	13.836000
50047.745920	-2.798000	9.801000	-0.874000	0.060000	-0.072000	0.046000	3.793000	-37.089000	13.836000
50047.755930	-2.762000	9.835000	-0.812000	-0.003000	0.012000	0.090000	4.129000	-37.089000	13.836000
50047.766330	-2.721000	9.773000	-0.533000	-0.108000	0.116000	0.106000	4.129000	-37.089000	13.836000
50047.776550	-2.667000	9.712000	-0.189000	-0.219000	0.186000	0.087000	4.129000	-37.089000	13.836000
50047.785830	-2.716000	9.623000	0.272000	-0.290000	0.172000	0.047000	4.129000	-37.089000	13.836000
50047.797430	-2.829000	9.527000	0.688000	-0.308000	0.066000	-0.012000	4.129000	-37.089000	13.836000
50047.806520	-2.947000	9.352000	1.130000	-0.283000	-0.082000	-0.075000	4.129000	-37.089000	13.836000
50047.817480	-3.080000	9.200000	1.445000	-0.239000	-0.221000	-0.115000	4.129000	-37.089000	13.836000
50047.827030	-3.106000	9.087000	1.443000	-0.181000	-0.331000	-0.135000	4.129000	-37.391000	13.836000
50047.838440	-2.951000	9.120000	1.347000	-0.144000	-0.370000	-0.135000	4.129000	-37.391000	13.836000
50047.847200	-2.778000	9.196000	1.116000	-0.072000	-0.358000	-0.107000	4.129000	-37.391000	13.526000
50047.856850	-2.684000	9.232000	0.694000	-0.021000	-0.297000	-0.055000	4.129000	-37.391000	13.526000
50047.867650	-2.658000	9.317000	0.328000	0.009000	-0.211000	-0.008000	4.447000	-37.391000	13.526000
50047.877600	-2.585000	9.356000	0.047000	0.010000	-0.111000	0.022000	4.447000	-37.391000	13.526000
50047.889680	-2.435000	9.416000	-0.006000	-0.015000	-0.012000	0.032000	4.447000	-37.391000	13.526000
50047.897710	-2.340000	9.471000	0.124000	-0.055000	0.044000	0.024000	4.447000	-37.391000	13.526000
50047.907630	-2.303000	9.424000	0.363000	-0.098000	0.033000	0.002000	4.447000	-37.391000	13.526000
50047.917730	-2.206000	9.394000	0.597000	-0.127000	-0.026000	-0.045000	4.447000	-37.391000	13.526000
50047.927310	-2.189000	9.345000	0.906000	-0.123000	-0.117000	-0.089000	4.447000	-37.391000	13.183000
50047.937540	-2.187000	9.360000	1.030000	-0.097000	-0.207000	-0.126000	4.447000	-37.391000	13.183000
50047.947270	-2.283000	9.359000	0.883000	-0.077000	-0.282000	-0.159000	4.447000	-37.693000	13.183000
50047.957740	-2.422000	9.309000	0.643000	-0.028000	-0.311000	-0.170000	4.768000	-37.693000	13.183000
50047.966860	-2.530000	9.264000	0.424000	0.016000	-0.297000	-0.182000	4.768000	-37.693000	13.183000
50047.977300	-2.622000	9.203000	0.371000	0.036000	-0.236000	-0.185000	4.768000	-37.693000	13.183000
50047.987340	-2.708000	9.251000	0.372000	0.039000	-0.175000	-0.188000	4.768000	-37.693000	12.837000
50047.997840	-3.035000	9.268000	0.387000	0.024000	-0.141000	-0.181000	4.768000	-37.693000	12.837000
50048.006780	-3.024000	9.290000	0.450000	0.000000	-0.133000	-0.163000	4.768000	-37.693000	12.837000
50048.016240	-2.901000	9.321000	0.621000	-0.026000	-0.155000	-0.140000	5.070000	-37.693000	12.837000
50048.025300	-2.899000	9.321000	0.766000	-0.078000	-0.180000	-0.105000	5.070000	-37.693000	12.837000
50048.035340	-2.884000	9.304000	0.878000	-0.143000	-0.170000	-0.068000	5.070000	-37.693000	12.837000
50048.045080	-2.836000	9.249000	0.964000	-0.179000	-0.140000	-0.047000	5.070000	-37.693000	12.837000
50048.055090	-2.778000	9.241000	1.111000	-0.197000	-0.113000	-0.038000	5.070000	-37.693000	12.837000
50048.067390	-2.788000	9.276000	1.073000	-0.198000	-0.087000	-0.041000	5.070000	-37.693000	12.463000
50048.075110	-2.850000	9.287000	0.991000	-0.171000	-0.092000	-0.046000	5.070000	-37.693000	12.463000
50048.085120	-2.895000	9.290000	0.934000	-0.129000	-0.107000	-0.065000	5.384000	-37.693000	12.463000
50048.099370	-2.973000	9.230000	0.857000	-0.097000	-0.143000	-0.089000	5.384000	-37.693000	12.463000
50048.105570	-3.019000	9.208000	0.843000	-0.079000	-0.171000	-0.102000	5.384000	-37.693000	12.463000
50048.120210	-2.789000	9.239000	0.903000	-0.062000	-0.186000	-0.104000	5.384000	-37.693000	12.463000
50048.127510	-2.641000	9.296000	0.930000	-0.064000	-0.195000	-0.101000	5.384000	-37.693000	12.463000
50048.140020	-2.562000	9.375000	0.831000	-0.075000	-0.212000	-0.089000	5.384000	-37.693000	12.463000
50048.149140	-2.665000	9.392000	0.761000	-0.069000	-0.232000	-0.085000	5.743000	-37.693000	12.117000
50048.156530	-2.822000	9.234000	0.961000	-0.061000	-0.242000	-0.091000	5.743000	-37.693000	12.117000
50048.167270	-2.838000	9.114000	1.250000	-0.072000	-0.224000	-0.108000	5.743000	-37.693000	12.117000
50048.177650	-2.837000	9.120000	1.378000	-0.101000	-0.210000	-0.127000	5.743000	-37.693000	12.117000
50048.190100	-2.808000	9.085000	1.259000	-0.111000	-0.209000	-0.121000	5.743000	-37.693000	12.117000
50048.198370	-2.759000	9.115000	0.877000	-0.097000	-0.181000	-0.109000	6.071000	-37.693000	12.117000
50048.206640	-2.746000	9.149000	0.491000	-0.067000	-0.156000	-0.081000	6.071000	-37.693000	11.761000
50048.215340	-2.868000	8.987000	0.469000	-0.067000	-0.089000	-0.057000	6.071000	-37.995000	11.761000
50048.225320	-2.909000	8.787000	0.688000	-0.109000	-0.009000	-0.040000	6.071000	-37.995000	11.761000
50048.235330	-2.908000	8.681000	1.074000	-0.193000	0.041000	-0.050000	6.071000	-37.995000	11.761000
50048.247530	-2.960000	8.577000	1.536000	-0.295000	0.035000	-0.068000	6.071000	-37.995000	11.453000
50048.255250	-3.021000	8.298000	1.920000	-0.372000	-0.017000	-0.086000	6.071000	-37.995000	11.453000
50048.265320	-3.102000	7.893000	2.400000	-0.407000	-0.100000	-0.122000	6.413000	-37.995000	11.453000
50048.275270	-3.181000	7.533000	2.929000	-0.408000	-0.191000	-0.172000	6.413000	-37.995000	11.453000
50048.285310	-3.269000	6.992000	3.323000	-0.378000	-0.285000	-0.212000	6.413000	-37.995000	11.068000
50048.295320	-3.309000	6.404000	3.433000	-0.319000	-0.377000	-0.224000	6.413000	-37.995000	11.068000
50048.305330	-3.380000	5.700000	3.440000	-0.282000	-0.466000	-0.199000	6.413000	-37.995000	11.068000
50048.315340	-3.545000	4.513000	4.040000	-0.218000	-0.523000	-0.172000	6.413000	-37.995000	10.713000
50048.325380	-3.518000	3.084000	6.139000	-0.206000	-0.524000	-0.104000	6.774000	-37.995000	10.713000
50048.335360	-3.291000	1.349000	9.858000	-0.293000	-0.477000	-0.011000	6.774000	-37.995000	10.713000
50048.345370	-3.324000	-0.804000	14.356000	-0.488000	-0.402000	0.119000	6.774000	-37.995000	10.316000
50048.355350	-3.351000	-3.218000	18.447000	-0.664000	-0.291000	0.279000	6.774000	-37.995000	10.316000
50048.365390	-3.235000	-5.538000	19.609000	-0.599000	-0.118000	0.465000	6.774000	-38.311000	9.985000
50048.376350	-2.720000	-7.816000	19.609000	-0.139000	0.130000	0.692000	6.774000	-38.311000	9.985000
50048.385440	-1.686000	-10.459000	19.609000	0.730000	0.456000	0.985000	6.774000	-38.311000	9.985000
50048.395390	-0.185000	-12.729000	19.609000	1.902000	0.800000	1.339000	6.774000	-38.311000	9.683000
50048.406800	1.126000	-14.890000	19.609000	3.241000	1.089000	1.711000	6.774000	-38.311000	9.683000
50048.416570	1.554000	-17.113000	18.472000	4.628000	1.287000	2.045000	6.364000	-38.311000	11.979000
50048.429020	0.983000	-19.191000	15.172000	5.322000	1.414000	2.264000	6.364000	-38.311000	15.371000
50048.437020	-1.407000	-19.609000	12.917000	6.673000	1.531000	2.306000	4.704000	-34.635000	18.461000
50048.446970	-3.988000	-19.609000	12.403000	7.872000	1.576000	2.246000	3.878000	-30.715000	20.957000
50048.456640	-4.244000	-19.609000	10.910000	8.870000	1.572000	2.048000	2.915000	-26.667000	23.538000
50048.466680	-1.856000	-19.609000	5.282000	9.656000	1.345000	1.905000	2.267000	-22.444000	26.203000
50048.476350	3.096000	-19.609000	-5.387000	9.978000	0.903000	2.001000	2.267000	-17.047000	28.625000
50048.486970	8.885000	-19.609000	-17.912000	-10.030000	0.451000	2.281000	1.754000	-10.856000	31.462000
50048.496980	12.728000	-19.609000	-19.609000	-10.030000	0.374000	2.638000	1.138000	-4.602000	33.099000
50048.506020	14.484000	-17.910000	-19.609000	-10.030000	1.030000	3.056000	-0.569000	0.985000	34.188000
50048.516730	14.189000	-13.654000	-19.609000	-10.030000	2.470000	3.530000	-2.265000	5.488000	34.730000
50048.527040	12.196000	-11.299000	-19.609000	-10.030000	4.407000	3.827000	-3.611000	9.332000	33.706000
50048.535620	11.693000	-10.281000	-19.609000	9.190000	5.447000	3.442000	-3.967000	12.120000	33.180000
50048.546090	13.960000	-9.536000	-19.609000	8.312000	4.302000	2.495000	-3.428000	14.537000	33.180000
50048.559090	15.496000	-6.404000	-19.609000	6.586000	1.519000	2.062000	-2.606000	16.667000	32.447000
50048.568180	16.360000	-2.867000	-19.609000	5.687000	0.054000	1.612000	-2.606000	18.565000	32.447000
50048.577670	16.596000	0.889000	-19.609000	4.849000	-1.917000	1.633000	-1.997000	20.066000	32.447000
50048.588140	15.811000	3.759000	-19.609000	3.637000	-1.916000	1.831000	-1.997000	20.477000	31.275000
50048.597230	12.771000	5.355000	-19.609000	2.282000	-0.480000	1.922000	-1.997000	20.779000	31.762000
50048.610420	9.513000	5.753000	-19.609000	1.119000	0.947000	1.652000	-2.355000	20.779000	31.762000
50048.617680	6.746000	4.962000	-19.609000	0.235000	1.519000	1.046000	-2.355000	20.181000	31.762000
50048.628180	4.727000	4.172000	-19.609000	-0.557000	1.298000	0.420000	-2.355000	19.581000	31.762000
50048.638190	3.262000	3.816000	-18.322000	-1.335000	0.767000	0.014000	-2.752000	18.804000	31.204000
50048.647650	2.437000	3.517000	-16.892000	-1.986000	0.326000	-0.167000	-2.752000	17.715000	32.084000
50048.657110	2.199000	3.430000	-16.992000	-2.355000	0.131000	-0.234000	-2.752000	17.028000	32.084000
50048.668130	2.431000	3.551000	-17.699000	-2.414000	0.126000	-0.250000	-2.752000	16.630000	32.481000
50048.677710	3.062000	3.277000	-18.728000	-2.325000	0.138000	-0.253000	-2.752000	15.737000	32.481000
50048.688450	3.672000	2.899000	-19.601000	-2.149000	0.121000	-0.274000	-2.752000	14.526000	32.481000
50048.696750	4.164000	2.777000	-19.609000	-2.089000	0.025000	-0.318000	-3.100000	13.830000	32.481000
50048.708440	4.842000	2.566000	-19.609000	-2.207000	-0.101000	-0.370000	-3.100000	12.696000	32.481000
50048.717080	5.208000	2.024000	-19.609000	-2.467000	-0.186000	-0.429000	-3.100000	11.526000	32.481000
50048.728490	5.495000	1.110000	-19.573000	-2.806000	-0.267000	-0.495000	-3.100000	9.855000	32.481000
50048.739540	5.829000	0.558000	-18.607000	-3.196000	-0.379000	-0.571000	-3.100000	8.493000	32.481000
50048.748480	6.441000	0.284000	-16.970000	-3.641000	-0.448000	-0.640000	-3.100000	6.230000	32.847000
50048.757020	6.837000	0.341000	-15.371000	-4.093000	-0.379000	-0.687000	-3.100000	4.249000	32.847000
50048.766880	6.866000	0.514000	-14.363000	-4.467000	-0.215000	-0.744000	-3.100000	2.391000	32.847000
50048.775940	6.800000	0.390000	-13.600000	-4.661000	-0.134000	-0.864000	-3.100000	0.466000	33.251000
50048.789650	6.425000	0.408000	-12.968000	-4.676000	-0.213000	-1.057000	-3.100000	-1.637000	33.251000
50048.796210	5.708000	-0.096000	-12.034000	-4.617000	-0.393000	-1.176000	-3.100000	-3.720000	33.251000
50048.807040	4.986000	-0.778000	-11.216000	-4.562000	-0.506000	-1.430000	-3.100000	-5.790000	33.628000
50048.816010	3.980000	-0.980000	-10.876000	-4.577000	-0.738000	-1.675000	-3.100000	-7.873000	33.628000
50048.828770	3.121000	-0.751000	-10.681000	-4.668000	-0.907000	-1.866000	-3.100000	-9.559000	33.628000
50048.837280	2.588000	-0.410000	-10.132000	-4.767000	-0.971000	-1.966000	-3.100000	-11.921000	33.949000
50048.848550	2.227000	-0.461000	-9.362000	-4.825000	-0.967000	-1.969000	-3.100000	-13.966000	33.949000
50048.857340	1.985000	-1.002000	-7.969000	-4.921000	-0.969000	-1.926000	-3.100000	-15.942000	33.949000
50048.869210	1.563000	-1.672000	-6.153000	-5.128000	-1.031000	-1.908000	-3.100000	-18.449000	33.949000
50048.877510	1.555000	-2.131000	-4.496000	-5.426000	-1.125000	-1.951000	-2.740000	-20.469000	32.194000
50048.889560	1.785000	-2.237000	-3.228000	-5.710000	-1.249000	-2.016000	-2.441000	-22.485000	30.236000
50048.897650	1.447000	-2.021000	-2.322000	-5.875000	-1.411000	-2.039000	-0.695000	-24.090000	28.399000
50048.908330	1.088000	-1.639000	-1.849000	-5.897000	-1.541000	-2.016000	0.718000	-25.848000	28.775000
50048.917520	0.818000	-1.319000	-1.711000	-5.811000	-1.640000	-2.003000	2.095000	-27.694000	24.641000
50048.927430	0.391000	-1.289000	-0.999000	-5.599000	-1.696000	-1.986000	3.286000	-29.212000	23.156000
50048.937290	0.178000	-1.436000	0.097000	-5.366000	-1.817000	-1.963000	4.138000	-30.445000	21.705000
50048.948310	-0.361000	-1.674000	1.554000	-5.235000	-1.925000	-1.918000	5.163000	-31.935000	19.093000
50048.956490	-0.950000	-1.776000	3.421000	-5.248000	-2.012000	-1.835000	6.185000	-33.053000	17.579000
50048.972230	-1.432000	-1.310000	5.045000	-5.335000	-2.014000	-1.713000	6.874000	-34.649000	15.014000
50048.976870	-1.884000	-0.485000	6.171000	-5.425000	-1.890000	-1.547000	7.290000	-35.688000	13.479000
50048.989290	-2.194000	0.153000	7.163000	-5.443000	-1.634000	-1.316000	7.679000	-36.424000	11.268000
50048.999180	-2.207000	0.347000	8.141000	-5.325000	-1.242000	-1.086000	7.679000	-37.658000	9.576000
50049.006900	-2.130000	0.558000	8.862000	-5.074000	-0.835000	-0.937000	8.149000	-37.658000	7.691000
50049.019290	-1.945000	1.055000	9.246000	-4.716000	-0.556000	-0.875000	8.609000	-38.554000	6.501000
50049.027380	-1.756000	1.600000	9.235000	-4.237000	-0.487000	-0.829000	9.068000	-38.996000	5.221000
50049.039920	-1.864000	1.835000	9.023000	-3.682000	-0.560000	-0.776000	9.068000	-38.996000	3.869000
50049.047090	-2.260000	1.731000	8.616000	-3.419000	-0.640000	-0.750000	9.701000	-39.314000	3.202000
50049.057130	-2.894000	1.299000	8.258000	-2.987000	-0.666000	-0.750000	9.701000	-39.314000	1.593000
50049.079140	-3.387000	0.879000	8.521000	-2.533000	-0.575000	-0.744000	10.025000	-39.688000	0.003000
50049.086250	-3.336000	0.739000	9.282000	-2.507000	-0.401000	-0.663000	10.025000	-39.688000	-1.312000
50049.097260	-3.333000	0.596000	10.080000	-2.576000	-0.191000	-0.496000	10.025000	-39.688000	-2.551000
50049.106510	-3.843000	0.060000	11.693000	-2.641000	-0.010000	-0.320000	10.025000	-39.688000	-3.833000
50049.118870	-4.186000	-0.696000	14.181000	-2.622000	0.148000	-0.235000	10.025000	-39.688000	-4.446000
50049.126770	-4.140000	-1.291000	16.924000	-2.469000	0.216000	-0.196000	9.677000	-40.246000	-5.647000
50049.139230	-4.013000	-1.756000	18.765000	-2.059000	0.149000	-0.122000	9.677000	-40.246000	-5.647000
50049.150000	-3.871000	-2.222000	18.900000	-1.713000	-0.011000	-0.013000	9.677000	-40.246000	-5.647000
50049.156830	-3.649000	-2.719000	17.738000	-0.742000	-0.181000	0.056000	9.677000	-39.888000	-5.163000
50049.167360	-3.448000	-3.573000	16.121000	0.417000	-0.234000	0.234000	9.677000	-39.888000	-4.347000
50049.178690	-3.235000	-4.920000	14.555000	1.453000	-0.234000	0.455000	10.005000	-39.888000	-3.067000
50049.186410	-3.078000	-6.717000	13.312000	2.206000	-0.101000	0.703000	10.005000	-39.888000	-1.983000
50049.197580	-2.931000	-8.566000	12.913000	2.699000	0.155000	0.981000	10.005000	-39.888000	-1.234000
50049.206850	-1.885000	-10.212000	13.848000	3.018000	0.497000	1.303000	10.005000	-39.888000	0.370000
50049.219240	-0.276000	-11.862000	15.432000	3.258000	0.824000	1.666000	10.005000	-40.286000	0.773000
50049.226840	0.740000	-13.543000	17.480000	3.578000	1.059000	2.032000	10.005000	-40.286000	2.606000
50049.239290	1.305000	-15.462000	18.685000	4.155000	1.191000	2.285000	8.528000	-40.286000	5.072000
50049.248080	0.948000	-18.375000	18.841000	5.025000	1.282000	2.315000	7.528000	-40.286000	6.416000
50049.259130	-0.373000	-19.609000	17.405000	6.183000	1.429000	2.185000	6.460000	-40.286000	9.536000
50049.266910	-1.125000	-19.609000	12.717000	6.904000	1.557000	2.018000	5.435000	-40.286000	12.303000
50049.279210	-1.410000	-19.609000	5.942000	8.579000	1.470000	1.957000	4.798000	-35.888000	16.348000
50049.286530	-1.796000	-19.609000	-1.190000	9.777000	1.345000	1.877000	4.249000	-31.356000	19.590000
50049.296540	-3.145000	-19.609000	-7.777000	-10.030000	1.001000	1.793000	4.249000	-26.441000	22.991000
50049.306490	-2.881000	-19.609000	-13.392000	-10.030000	0.672000	1.783000	3.280000	-21.473000	25.901000
50049.316500	1.415000	-19.609000	-18.612000	-10.030000	0.566000	2.063000	2.566000	-16.900000	27.696000
50049.328980	8.474000	-19.609000	-19.609000	-10.030000	0.809000	2.769000	1.313000	-12.435000	29.718000
50049.336310	14.134000	-18.626000	-19.609000	-10.030000	1.505000	3.669000	-0.328000	-7.626000	31.057000
50049.346380	16.740000	-15.422000	-19.609000	-10.030000	2.496000	4.164000	-1.165000	-2.804000	32.527000
50049.356390	14.454000	-15.121000	-19.609000	-10.030000	3.254000	3.958000	-2.206000	1.818000	32.527000
50049.368530	11.738000	-14.848000	-19.609000	-10.030000	3.460000	3.235000	-2.861000	6.445000	32.527000
50049.378510	12.644000	-11.833000	-19.609000	9.822000	3.054000	2.573000	-2.861000	9.820000	32.527000
50049.388070	17.004000	-8.295000	-19.609000	9.514000	2.099000	2.438000	-2.861000	13.206000	31.614000
50049.398200	19.588000	-3.375000	-19.609000	8.537000	0.916000	2.509000	-2.104000	16.215000	31.098000
50049.411380	19.608000	0.740000	-19.609000	7.470000	0.379000	2.624000	-2.104000	18.508000	29.937000
50049.417730	18.668000	3.385000	-19.609000	6.318000	-0.290000	2.506000	-2.104000	19.718000	29.438000
50049.428530	15.359000	4.814000	-19.609000	4.790000	-0.216000	2.155000	-2.104000	20.600000	29.438000
50049.438240	12.766000	5.346000	-19.609000	2.942000	0.327000	1.648000	-2.648000	20.600000	28.811000
50049.448280	10.326000	5.629000	-19.609000	1.291000	0.776000	1.130000	-2.322000	20.600000	28.811000
50049.459050	8.127000	5.713000	-19.609000	0.054000	0.752000	0.685000	-2.322000	19.927000	29.284000
50049.467170	6.360000	5.602000	-19.513000	-0.819000	0.290000	0.263000	-2.322000	19.927000	29.284000
50049.478060	4.349000	4.877000	-18.477000	-1.379000	-0.303000	-0.108000	-2.322000	19.232000	30.210000
50049.487340	2.864000	4.013000	-18.662000	-1.692000	-0.646000	-0.362000	-2.322000	18.164000	30.210000
50049.500920	1.930000	3.648000	-19.400000	-1.876000	-0.558000	-0.484000	-2.322000	17.568000	30.210000
50049.510320	1.648000	3.356000	-19.609000	-1.961000	-0.101000	-0.465000	-2.322000	16.749000	30.596000
50049.518710	2.579000	3.483000	-19.609000	-2.164000	0.446000	-0.426000	-2.322000	15.382000	30.920000
50049.528780	4.253000	3.585000	-19.609000	-2.428000	0.676000	-0.351000	-2.772000	14.212000	31.233000
50049.537450	5.485000	3.181000	-19.609000	-2.729000	0.953000	-0.333000	-2.772000	13.291000	31.233000
50049.550420	5.862000	2.351000	-19.609000	-3.033000	0.870000	-0.444000	-2.772000	11.975000	31.820000
50049.557930	5.574000	1.083000	-19.609000	-3.374000	0.502000	-0.684000	-2.772000	10.789000	31.820000
50049.571320	5.308000	-0.068000	-18.755000	-3.782000	0.069000	-0.959000	-2.772000	8.871000	32.339000
50049.576820	5.268000	-1.161000	-16.695000	-4.234000	-0.261000	-1.153000	-2.772000	6.996000	33.013000
50049.589120	5.567000	-1.477000	-15.027000	-4.658000	-0.395000	-1.218000	-2.772000	4.550000	33.013000
50049.597720	6.182000	-0.973000	-14.201000	-4.961000	-0.330000	-1.210000	-2.772000	2.067000	33.381000
50049.606690	6.740000	-0.424000	-14.211000	-5.079000	-0.203000	-1.198000	-2.772000	-0.367000	33.381000
50049.619210	6.932000	0.004000	-14.378000	-5.031000	-0.134000	-1.233000	-2.772000	-2.503000	33.381000
50049.628150	6.707000	0.257000	-14.153000	-4.996000	-0.108000	-1.347000	-2.772000	-4.995000	32.894000
50049.641270	6.117000	-0.080000	-13.250000	-4.994000	-0.099000	-1.434000	-2.772000	-6.710000	32.894000
50049.648140	5.218000	-0.891000	-11.866000	-5.099000	-0.115000	-1.656000	-2.772000	-9.181000	32.894000
50049.658150	3.982000	-1.949000	-10.123000	-5.265000	-0.212000	-1.901000	-2.772000	-11.148000	32.894000
50049.668740	2.917000	-2.552000	-8.066000	-5.441000	-0.385000	-2.125000	-2.772000	-13.508000	32.894000
50049.677280	2.112000	-2.510000	-6.515000	-5.563000	-0.586000	-2.269000	-2.772000	-15.660000	32.894000
50049.692420	1.684000	-2.211000	-4.955000	-5.606000	-0.790000	-2.289000	-2.772000	-18.084000	32.395000
50049.696750	1.554000	-1.787000	-3.993000	-5.555000	-0.981000	-2.224000	-2.772000	-20.220000	31.706000
50049.707370	1.192000	-1.304000	-3.777000	-5.431000	-1.124000	-2.128000	-2.772000	-22.142000	29.978000
50049.719240	1.137000	-0.903000	-3.626000	-5.275000	-1.186000	-2.053000	-2.772000	-23.490000	28.431000
50049.727390	1.322000	-0.595000	-3.764000	-5.104000	-1.155000	-2.018000	-2.183000	-25.509000	26.780000
50049.739230	0.835000	-0.279000	-3.783000	-4.969000	-1.099000	-2.017000	-0.987000	-27.030000	25.047000
50049.747930	0.491000	-0.129000	-3.588000	-4.924000	-1.076000	-2.059000	0.216000	-28.553000	23.738000
50049.759220	0.519000	-0.346000	-2.651000	-4.876000	-1.112000	-2.087000	1.541000	-29.766000	22.383000
50049.768040	0.284000	-0.974000	-0.748000	-4.895000	-1.157000	-2.135000	2.481000	-31.091000	20.898000
50049.778230	-0.583000	-1.640000	1.586000	-5.001000	-1.307000	-2.180000	3.913000	-32.861000	18.794000
50049.789250	-1.556000	-1.678000	3.630000	-5.130000	-1.519000	-2.207000	4.757000	-33.683000	16.740000
50049.798100	-1.951000	-0.851000	4.881000	-5.144000	-1.710000	-2.144000	5.705000	-34.893000	15.075000
50049.807440	-1.788000	0.649000	5.131000	-4.949000	-1.777000	-1.935000	5.705000	-36.038000	13.479000
50049.819890	-1.531000	1.954000	5.021000	-4.597000	-1.699000	-1.617000	6.300000	-36.776000	11.679000
50049.827030	-1.292000	2.710000	4.533000	-4.206000	-1.491000	-1.330000	6.605000	-37.321000	9.890000
50049.838570	-1.645000	2.982000	4.235000	-3.851000	-1.202000	-1.184000	7.084000	-37.670000	8.699000
50049.846990	-2.187000	2.893000	4.179000	-3.581000	-0.942000	-1.154000	7.557000	-38.417000	8.213000
50049.859230	-2.550000	2.913000	4.375000	-3.416000	-0.766000	-1.145000	8.006000	-38.740000	5.938000
50049.869630	-2.495000	3.066000	4.626000	-3.371000	-0.632000	-1.097000	8.006000	-38.740000	4.788000
50049.878480	-2.267000	3.174000	4.909000	-3.331000	-0.508000	-1.053000	8.732000	-39.428000	3.816000
50049.887090	-2.201000	3.197000	5.607000	-3.312000	-0.457000	-0.944000	8.732000	-39.428000	2.400000
50049.897590	-2.424000	3.104000	6.576000	-3.291000	-0.371000	-0.859000	9.141000	-39.822000	1.329000
50049.907570	-2.777000	2.972000	7.891000	-3.254000	-0.325000	-0.848000	9.141000	-39.822000	0.596000
50049.919260	-3.113000	2.960000	9.219000	-3.163000	-0.351000	-0.870000	9.454000	-39.822000	-0.730000
50049.927560	-3.273000	3.057000	10.078000	-2.993000	-0.428000	-0.854000	9.454000	-40.225000	-2.381000
50049.938970	-3.490000	2.992000	10.417000	-2.743000	-0.502000	-0.791000	9.454000	-39.923000	-2.984000
50049.948580	-3.748000	2.777000	10.422000	-2.421000	-0.530000	-0.688000	9.454000	-40.293000	-3.923000
50049.959260	-3.639000	2.650000	10.524000	-2.078000	-0.454000	-0.558000	9.828000	-40.293000	-3.923000
50049.968790	-3.522000	2.371000	10.924000	-1.789000	-0.293000	-0.412000	9.828000	-40.293000	-4.336000
50049.977760	-3.264000	2.064000	11.590000	-1.567000	-0.107000	-0.254000	9.828000	-39.888000	-5.357000
50049.989260	-3.266000	1.411000	12.467000	-1.465000	0.050000	-0.135000	9.828000	-39.888000	-5.357000
50049.998630	-3.729000	0.526000	13.538000	-1.243000	0.134000	-0.095000	9.828000	-39.888000	-6.166000
50050.007700	-4.235000	-0.265000	14.347000	-0.971000	0.149000	-0.039000	9.828000	-39.888000	-5.743000
50050.019230	-4.526000	-1.233000	14.591000	-0.610000	0.139000	0.009000	9.828000	-39.888000	-6.391000
50050.028810	-4.480000	-2.037000	14.691000	-0.144000	0.095000	0.096000	9.828000	-39.888000	-5.812000
50050.038730	-4.102000	-3.038000	14.855000	0.407000	0.041000	0.242000	9.828000	-40.278000	-5.812000
50050.051490	-3.722000	-4.383000	15.593000	0.994000	-0.002000	0.432000	9.828000	-40.278000	-4.641000
50050.057740	-3.109000	-6.167000	16.994000	1.568000	-0.024000	0.644000	10.176000	-40.278000	-4.171000
50050.070010	-1.909000	-7.796000	18.317000	2.094000	-0.023000	0.860000	10.176000	-40.686000	-3.826000
50050.078190	-0.796000	-8.899000	18.401000	2.597000	0.022000	1.093000	10.176000	-40.686000	-2.569000
50050.089210	-0.703000	-10.269000	17.725000	3.217000	0.187000	1.371000	10.176000	-40.686000	-2.008000
50050.098730	-0.478000	-11.723000	16.542000	4.032000	0.485000	1.625000	10.176000	-40.686000	0.207000
50050.107730	-0.077000	-12.913000	15.538000	4.495000	0.846000	1.768000	9.829000	-40.686000	2.261000
50050.117340	0.296000	-14.482000	14.344000	5.450000	1.008000	1.818000	8.825000	-40.686000	5.728000
50050.127320	0.142000	-16.170000	12.774000	6.420000	1.221000	1.919000	7.441000	-40.686000	7.585000
50050.137330	-0.465000	-18.053000	10.533000	7.442000	1.246000	1.979000	6.405000	-40.686000	11.788000
50050.147190	-0.364000	-19.562000	8.180000	8.472000	1.094000	1.964000	5.712000	-37.522000	14.447000
50050.157440	-0.113000	-19.609000	5.585000	9.381000	0.911000	1.903000	5.278000	-33.534000	17.761000
50050.167240	-0.526000	-19.609000	3.588000	9.901000	0.794000	1.841000	4.655000	-29.771000	20.370000
50050.178170	-0.587000	-19.609000	1.545000	-10.030000	0.716000	1.790000	4.655000	-25.726000	22.630000
50050.187260	0.977000	-19.609000	-1.028000	-10.030000	0.704000	1.751000	3.613000	-21.826000	24.517000
50050.197210	3.481000	-19.609000	-6.477000	-10.030000	0.880000	1.823000	3.089000	-17.402000	26.156000
50050.207190	6.567000	-19.609000	-16.115000	-10.030000	1.279000	2.102000	1.901000	-12.384000	28.680000
50050.217320	9.279000	-19.555000	-19.609000	-10.030000	1.946000	2.543000	0.476000	-7.495000	31.211000
50050.229990	11.247000	-17.138000	-19.609000	-10.030000	2.918000	3.012000	-0.624000	-2.403000	33.111000
50050.237220	13.004000	-16.531000	-19.609000	-10.030000	3.462000	3.180000	-1.753000	2.702000	33.111000
50050.247230	10.554000	-17.263000	-19.609000	-10.030000	4.249000	3.144000	-1.753000	6.880000	32.754000
50050.262820	9.338000	-16.699000	-19.609000	9.984000	3.927000	2.454000	-1.753000	11.244000	32.318000
50050.269840	11.142000	-15.249000	-19.609000	9.569000	2.520000	1.514000	-1.753000	14.135000	31.164000
50050.278970	11.524000	-11.841000	-19.609000	8.399000	1.118000	1.137000	-1.367000	16.554000	30.548000
50050.292390	12.469000	-8.547000	-19.609000	6.927000	0.524000	1.410000	-1.367000	18.437000	29.887000
50050.299930	13.855000	-4.890000	-19.609000	5.656000	0.432000	1.698000	-1.367000	20.237000	28.909000
50050.309120	15.393000	-1.484000	-19.609000	4.778000	0.267000	1.792000	-1.367000	21.937000	28.909000
50050.322300	15.460000	1.101000	-19.609000	4.023000	0.039000	1.753000	-0.949000	23.825000	28.517000
50050.327460	13.521000	2.310000	-19.609000	3.109000	-0.115000	1.546000	-0.949000	23.825000	28.015000
50050.339270	11.165000	2.811000	-19.609000	2.026000	-0.116000	1.165000	-0.949000	24.371000	27.079000
50050.349280	8.506000	2.406000	-19.609000	1.421000	0.105000	0.729000	-1.307000	23.634000	28.129000
50050.359680	6.236000	1.979000	-19.609000	0.111000	0.298000	0.539000	-1.307000	23.226000	28.741000
50050.369630	4.720000	2.264000	-19.609000	-1.082000	0.774000	0.203000	-1.878000	22.297000	29.858000
50050.378390	3.800000	2.392000	-19.339000	-1.866000	1.056000	-0.077000	-1.878000	21.290000	29.554000
50050.389900	2.992000	2.044000	-18.299000	-2.248000	0.985000	-0.243000	-1.878000	19.923000	29.554000
50050.399300	2.702000	1.836000	-17.871000	-2.392000	0.708000	-0.375000	-1.878000	19.026000	30.384000
50050.410890	2.802000	1.686000	-17.877000	-2.405000	0.321000	-0.538000	-1.878000	18.338000	30.824000
50050.421030	3.223000	1.523000	-18.599000	-2.354000	-0.084000	-0.650000	-2.230000	17.289000	30.824000
50050.428410	3.440000	1.400000	-19.407000	-2.345000	-0.364000	-0.685000	-2.230000	16.291000	30.824000
50050.441040	3.185000	0.822000	-19.609000	-2.459000	-0.454000	-0.691000	-2.230000	15.003000	30.824000
50050.447940	3.279000	0.356000	-19.609000	-2.699000	-0.370000	-0.707000	-2.230000	14.268000	30.824000
50050.459870	3.886000	-0.091000	-19.426000	-3.049000	-0.206000	-0.739000	-2.230000	13.041000	31.626000
50050.469400	4.845000	-0.314000	-17.790000	-3.260000	-0.082000	-0.737000	-2.581000	11.392000	32.170000
50050.479070	5.827000	-0.294000	-15.454000	-3.719000	-0.063000	-0.723000	-2.581000	9.451000	33.062000
50050.488930	6.189000	-0.241000	-13.698000	-4.166000	-0.122000	-0.693000	-2.581000	7.110000	33.062000
50050.499420	5.986000	-0.189000	-12.403000	-4.521000	-0.238000	-0.700000	-2.581000	4.861000	33.544000
50050.508120	5.746000	-0.048000	-11.934000	-4.709000	-0.364000	-0.784000	-2.581000	2.824000	33.544000
50050.519900	5.236000	0.093000	-11.882000	-4.757000	-0.421000	-0.925000	-2.940000	0.830000	33.544000
50050.528110	4.818000	-0.073000	-12.047000	-4.749000	-0.339000	-1.077000	-2.940000	-1.271000	33.544000
50050.540410	4.119000	-0.087000	-12.188000	-4.710000	-0.193000	-1.228000	-2.940000	-3.161000	33.544000
50050.548190	3.727000	-0.169000	-11.796000	-4.687000	-0.072000	-1.370000	-2.940000	-4.960000	33.544000
50050.560120	3.725000	-0.382000	-10.724000	-4.722000	0.006000	-1.502000	-2.940000	-6.930000	33.193000
50050.568150	3.685000	-0.180000	-9.465000	-4.829000	0.017000	-1.596000	-2.940000	-8.892000	33.193000
50050.579260	2.935000	-0.003000	-8.562000	-4.986000	-0.014000	-1.632000	-2.940000	-11.157000	33.193000
50050.593300	1.814000	-0.070000	-7.848000	-5.052000	-0.104000	-1.658000	-2.940000	-13.034000	33.193000
50050.597750	0.961000	0.011000	-6.953000	-5.095000	-0.177000	-1.686000	-2.940000	-15.367000	33.193000
50050.610170	0.676000	0.115000	-5.644000	-5.064000	-0.320000	-1.767000	-2.940000	-17.323000	33.193000
50050.618410	0.611000	-0.072000	-4.108000	-5.065000	-0.421000	-1.817000	-2.940000	-19.255000	32.649000
50050.628940	0.470000	-0.353000	-2.620000	-5.139000	-0.516000	-1.818000	-2.940000	-21.267000	31.140000
50050.638430	0.095000	-0.419000	-1.701000	-5.236000	-0.643000	-1.833000	-2.552000	-22.700000	29.177000
50050.651130	-0.456000	-0.297000	-1.028000	-5.278000	-0.797000	-1.872000	-2.012000	-24.899000	27.597000
50050.659920	-0.767000	0.130000	-0.699000	-5.210000	-0.899000	-1.901000	-0.848000	-26.528000	25.935000
50050.668580	-1.150000	0.643000	-0.365000	-5.041000	-0.901000	-1.878000	-0.122000	-27.775000	24.362000
50050.681770	-1.354000	1.179000	-0.094000	-4.835000	-0.826000	-1.790000	0.657000	-29.508000	23.408000
50050.688360	-1.142000	1.864000	0.187000	-4.661000	-0.717000	-1.668000	1.394000	-30.351000	21.939000
50050.699380	-1.352000	2.380000	0.603000	-4.538000	-0.606000	-1.551000	1.985000	-31.877000	20.387000
50050.709110	-1.374000	2.565000	1.034000	-4.420000	-0.518000	-1.465000	2.618000	-33.111000	19.235000
50050.721470	-1.609000	2.544000	1.729000	-4.290000	-0.513000	-1.447000	3.015000	-33.671000	17.835000
50050.729130	-1.906000	2.611000	2.813000	-4.226000	-0.581000	-1.457000	3.756000	-35.081000	16.302000
50050.741490	-2.134000	2.984000	3.695000	-4.095000	-0.614000	-1.483000	4.371000	-35.423000	14.604000
50050.748810	-2.357000	3.589000	4.643000	-3.928000	-0.678000	-1.490000	5.047000	-36.256000	13.491000
50050.760230	-2.467000	4.250000	4.724000	-3.687000	-0.771000	-1.427000	5.821000	-36.892000	12.780000
50050.780220	-2.951000	4.740000	4.277000	-3.064000	-0.798000	-1.128000	6.539000	-37.785000	10.156000
50050.788400	-3.531000	5.010000	3.569000	-2.757000	-0.657000	-0.974000	6.539000	-37.785000	9.220000
50050.799720	-3.489000	5.207000	2.992000	-2.555000	-0.395000	-0.821000	7.014000	-38.688000	8.663000
50050.808380	-2.862000	5.430000	3.020000	-2.489000	-0.071000	-0.669000	7.014000	-38.688000	7.745000
50050.819800	-2.394000	5.510000	3.743000	-2.502000	0.182000	-0.559000	7.014000	-38.688000	6.430000
50050.828400	-2.360000	5.217000	4.917000	-2.507000	0.239000	-0.543000	7.624000	-39.607000	5.657000
50050.837990	-2.557000	4.735000	6.336000	-2.482000	0.180000	-0.577000	7.624000	-39.607000	5.046000
50050.849310	-2.993000	4.385000	7.941000	-2.408000	-0.059000	-0.682000	8.018000	-40.065000	4.095000
50050.860720	-3.494000	4.319000	9.315000	-2.269000	-0.324000	-0.746000	8.018000	-40.065000	2.490000
50050.868440	-3.900000	4.268000	9.754000	-2.039000	-0.509000	-0.722000	8.399000	-40.065000	1.849000
50050.880250	-4.026000	4.274000	9.609000	-1.710000	-0.588000	-0.641000	8.399000	-40.065000	1.849000
50050.888460	-3.999000	4.299000	9.217000	-1.310000	-0.546000	-0.526000	8.399000	-40.065000	1.849000
50050.900360	-3.738000	4.182000	8.847000	-0.931000	-0.427000	-0.389000	8.399000	-40.065000	1.849000
50050.908510	-3.507000	3.761000	9.016000	-0.639000	-0.317000	-0.263000	8.399000	-40.065000	1.397000
50050.918550	-3.371000	3.206000	9.652000	-0.452000	-0.233000	-0.162000	8.399000	-40.065000	0.825000
50050.928530	-3.369000	2.555000	10.792000	-0.345000	-0.168000	-0.072000	8.399000	-40.065000	1.400000
50050.939890	-3.628000	1.925000	12.228000	-0.219000	-0.122000	0.021000	8.399000	-40.065000	0.308000
50050.950930	-3.813000	0.936000	13.303000	-0.117000	-0.084000	0.110000	8.399000	-40.065000	0.308000
50050.960670	-3.967000	-0.193000	14.200000	0.206000	-0.072000	0.154000	8.702000	-40.065000	1.193000
50050.968570	-4.067000	-1.463000	15.335000	0.693000	-0.073000	0.239000	8.702000	-40.065000	1.193000
50050.981240	-4.092000	-2.888000	17.002000	1.271000	-0.112000	0.316000	8.702000	-40.458000	1.768000
50050.988560	-3.749000	-4.443000	18.970000	1.873000	-0.208000	0.401000	8.702000	-40.458000	3.115000
50050.999940	-3.189000	-6.224000	19.609000	2.482000	-0.299000	0.511000	9.027000	-40.458000	3.678000
50051.009160	-2.549000	-7.551000	19.609000	3.199000	-0.263000	0.677000	9.027000	-40.458000	4.368000
50051.020420	-2.491000	-8.851000	18.772000	4.134000	-0.053000	0.909000	9.027000	-40.458000	6.205000
50051.028170	-2.927000	-10.946000	16.613000	5.204000	0.264000	1.134000	9.027000	-40.458000	8.326000
50051.041510	-3.561000	-12.990000	14.293000	6.253000	0.611000	1.270000	9.027000	-40.458000	11.735000
50051.048740	-3.742000	-15.203000	11.764000	7.230000	0.875000	1.357000	9.027000	-37.184000	14.859000
50051.061410	-3.715000	-16.825000	10.145000	8.129000	0.978000	1.464000	8.613000	-33.923000	17.778000
50051.068790	-2.829000	-17.388000	8.264000	8.540000	0.978000	1.645000	7.482000	-30.639000	20.283000
50051.081090	-1.780000	-17.658000	6.813000	9.271000	0.969000	1.774000	6.576000	-27.421000	23.300000
50051.088780	-0.670000	-18.557000	5.203000	9.803000	0.939000	2.057000	5.026000	-23.072000	25.157000
50051.100010	1.034000	-19.445000	1.302000	9.986000	0.955000	2.253000	4.235000	-19.223000	27.230000
50051.108800	1.519000	-19.609000	-4.013000	-10.030000	1.011000	2.275000	3.886000	-14.527000	29.277000
50051.118780	2.397000	-19.609000	-10.426000	-10.030000	1.027000	2.144000	3.196000	-9.867000	30.441000
50051.133120	4.941000	-19.609000	-18.183000	-10.030000	1.164000	2.032000	1.939000	-5.081000	32.759000
50051.138830	7.737000	-19.167000	-19.609000	-10.030000	1.823000	2.255000	0.021000	-0.692000	33.296000
50051.148320	11.486000	-17.927000	-19.609000	9.958000	3.192000	2.805000	-1.121000	3.517000	33.757000
50051.160620	13.063000	-16.820000	-19.609000	9.611000	4.611000	3.251000	-2.236000	7.527000	34.211000
50051.168860	11.850000	-13.881000	-19.609000	9.036000	4.890000	3.174000	-3.007000	11.283000	32.814000
50051.180060	12.981000	-12.960000	-19.609000	8.508000	3.773000	2.663000	-2.636000	13.986000	32.814000
50051.189270	15.357000	-13.735000	-19.609000	8.144000	1.994000	2.273000	-2.636000	16.302000	30.931000
50051.199280	17.025000	-12.288000	-19.609000	6.957000	1.098000	2.188000	-2.136000	18.200000	30.931000
50051.208870	18.796000	-8.783000	-19.609000	5.395000	-0.239000	2.096000	-2.136000	19.786000	30.558000
50051.220590	19.604000	-4.635000	-19.609000	4.157000	-0.589000	2.034000	-2.136000	20.681000	30.558000
50051.228340	18.528000	-1.483000	-19.609000	3.488000	-0.068000	1.971000	-2.136000	22.267000	30.209000
50051.238410	15.674000	0.594000	-19.609000	2.976000	0.651000	1.657000	-2.136000	22.862000	29.460000
50051.248420	12.409000	1.528000	-19.609000	2.300000	0.967000	1.045000	-2.662000	23.439000	29.460000
50051.261630	10.088000	1.939000	-19.609000	1.385000	0.849000	0.429000	-2.662000	23.439000	29.460000
50051.269170	8.328000	2.269000	-19.609000	0.295000	0.604000	0.027000	-2.662000	23.439000	29.808000
50051.280030	6.741000	2.668000	-19.609000	-0.730000	0.380000	-0.151000	-2.662000	22.647000	30.126000
50051.291690	5.554000	2.781000	-19.609000	-1.456000	0.221000	-0.232000	-2.964000	21.546000	30.651000
50051.300300	4.802000	2.722000	-19.609000	-1.870000	0.193000	-0.278000	-2.964000	20.825000	31.224000
50051.312750	4.483000	2.434000	-19.609000	-2.002000	0.274000	-0.294000	-2.964000	19.650000	31.224000
50051.319580	4.380000	2.100000	-19.609000	-2.207000	0.332000	-0.348000	-2.964000	18.861000	31.224000
50051.328890	4.779000	2.135000	-19.609000	-2.357000	0.407000	-0.472000	-2.964000	17.617000	31.584000
50051.339790	5.176000	1.875000	-19.609000	-2.426000	0.325000	-0.617000	-3.286000	16.629000	31.584000
50051.350830	5.410000	1.228000	-19.609000	-2.505000	0.043000	-0.730000	-3.286000	15.538000	31.584000
50051.359590	5.491000	0.713000	-19.609000	-2.749000	-0.340000	-0.842000	-3.286000	14.289000	31.584000
50051.370790	5.754000	0.320000	-19.609000	-3.191000	-0.646000	-0.936000	-3.286000	12.652000	31.584000
50051.379000	6.085000	0.016000	-18.718000	-3.729000	-0.776000	-0.975000	-3.286000	10.949000	32.400000
50051.390780	6.461000	-0.011000	-16.569000	-4.259000	-0.737000	-0.964000	-3.634000	8.677000	32.992000
50051.399110	6.858000	-0.046000	-14.772000	-4.712000	-0.616000	-0.957000	-3.634000	6.098000	33.438000
50051.408510	6.952000	-0.132000	-13.562000	-5.027000	-0.524000	-1.005000	-3.634000	3.540000	33.938000
50051.421880	6.441000	-0.026000	-12.904000	-5.169000	-0.462000	-1.122000	-3.634000	1.293000	33.938000
50051.429110	5.449000	-0.085000	-12.704000	-5.187000	-0.407000	-1.207000	-3.945000	-1.225000	34.455000
50051.439980	4.666000	-0.435000	-12.438000	-5.157000	-0.387000	-1.407000	-3.945000	-3.111000	33.842000
50051.449930	3.908000	-0.627000	-11.519000	-5.109000	-0.355000	-1.589000	-3.945000	-5.593000	33.842000
50051.459140	3.470000	-0.766000	-10.306000	-5.135000	-0.306000	-1.726000	-3.945000	-7.778000	34.297000
50051.468690	3.131000	-0.765000	-8.880000	-5.242000	-0.284000	-1.826000	-3.945000	-9.962000	34.297000
50051.478790	2.752000	-0.617000	-7.393000	-5.359000	-0.337000	-1.891000	-3.945000	-11.906000	33.670000
50051.490910	2.298000	-0.332000	-6.320000	-5.394000	-0.404000	-1.918000	-3.945000	-14.056000	33.670000
50051.498420	1.607000	-0.101000	-5.886000	-5.322000	-0.472000	-1.930000	-3.945000	-16.098000	33.670000
50051.508430	0.982000	0.211000	-5.876000	-5.149000	-0.494000	-1.926000	-3.945000	-18.147000	33.670000
50051.521370	0.740000	0.568000	-5.918000	-4.930000	-0.451000	-1.907000	-3.945000	-19.602000	32.836000
50051.529730	0.980000	0.759000	-5.639000	-4.768000	-0.413000	-1.885000	-3.523000	-21.536000	31.655000
50051.541510	1.038000	0.720000	-4.963000	-4.718000	-0.414000	-1.866000	-3.523000	-22.758000	29.702000
50051.549170	0.615000	0.732000	-4.527000	-4.734000	-0.462000	-1.863000	-2.157000	-24.662000	27.944000
50051.561190	0.306000	0.882000	-3.785000	-4.797000	-0.509000	-1.898000	-1.060000	-26.818000	28.663000
50051.571320	-0.106000	0.882000	-2.831000	-4.819000	-0.623000	-1.970000	-0.303000	-28.306000	24.993000
50051.579870	-0.851000	0.700000	-1.484000	-4.785000	-0.734000	-2.012000	0.944000	-29.818000	24.140000
50051.591310	-1.175000	0.684000	-0.093000	-4.764000	-0.871000	-2.028000	1.719000	-30.747000	22.261000
50051.599130	-1.538000	0.770000	1.115000	-4.770000	-1.015000	-2.015000	2.749000	-32.147000	20.355000
50051.612460	-1.827000	1.061000	1.785000	-4.761000	-1.109000	-1.936000	3.608000	-33.361000	18.678000
50051.620210	-1.571000	1.838000	1.974000	-4.661000	-1.094000	-1.815000	4.084000	-34.301000	17.149000
50051.629280	-1.064000	2.671000	1.940000	-4.450000	-0.998000	-1.672000	5.239000	-35.311000	16.076000
50051.639290	-1.001000	3.301000	1.872000	-4.166000	-0.875000	-1.529000	5.801000	-35.670000	15.173000
50051.650360	-1.181000	3.528000	1.957000	-3.902000	-0.818000	-1.437000	6.307000	-36.505000	13.781000
50051.660370	-1.885000	3.423000	2.120000	-3.744000	-0.796000	-1.393000	6.307000	-37.432000	12.004000
50051.671420	-2.758000	2.955000	2.699000	-3.719000	-0.671000	-1.373000	7.180000	-37.432000	10.632000
50051.680420	-3.267000	2.649000	4.020000	-3.760000	-0.569000	-1.327000	7.624000	-38.888000	9.248000
50051.689060	-3.434000	2.613000	6.012000	-3.864000	-0.356000	-1.283000	8.004000	-38.888000	7.585000
50051.701450	-3.080000	2.893000	8.000000	-3.944000	-0.203000	-1.217000	8.004000	-39.482000	6.132000
50051.710880	-2.981000	3.233000	9.043000	-3.896000	-0.165000	-1.129000	8.892000	-39.999000	4.840000
50051.720460	-3.311000	3.536000	9.060000	-3.616000	-0.271000	-1.069000	9.426000	-40.328000	3.765000
50051.731360	-3.661000	3.700000	8.506000	-3.075000	-0.446000	-1.047000	9.426000	-40.328000	3.135000
50051.740060	-4.109000	3.838000	7.810000	-2.424000	-0.593000	-1.031000	9.426000	-40.328000	1.809000
50051.751900	-4.271000	3.991000	7.168000	-1.901000	-0.640000	-0.957000	9.869000	-40.328000	1.809000
50051.759430	-4.266000	4.036000	7.213000	-1.624000	-0.559000	-0.801000	10.353000	-40.328000	0.227000
50051.770670	-4.082000	4.118000	7.775000	-1.549000	-0.334000	-0.597000	9.931000	-40.328000	0.544000
50051.780280	-3.986000	4.223000	8.345000	-1.569000	-0.059000	-0.428000	9.931000	-40.748000	0.544000
50051.790780	-4.225000	4.088000	9.056000	-1.574000	0.124000	-0.370000	9.931000	-40.748000	-0.485000
50051.800300	-4.539000	3.757000	10.031000	-1.502000	0.161000	-0.305000	10.272000	-40.748000	-0.999000
50051.810730	-4.864000	3.241000	11.120000	-1.323000	0.129000	-0.313000	10.272000	-40.748000	-1.618000
50051.820010	-5.187000	2.624000	12.315000	-1.086000	0.007000	-0.347000	10.272000	-40.748000	-1.998000
50051.830660	-5.283000	2.161000	12.929000	-0.781000	-0.146000	-0.348000	10.272000	-40.748000	-1.998000
50051.839270	-5.010000	1.815000	12.742000	-0.382000	-0.312000	-0.298000	10.272000	-40.748000	-1.998000
50051.851260	-4.495000	1.405000	12.094000	0.110000	-0.458000	-0.169000	10.272000	-40.748000	-1.998000
50051.858950	-4.022000	0.870000	11.277000	0.642000	-0.521000	0.022000	10.272000	-40.748000	-1.675000
50051.871590	-3.879000	-0.085000	11.095000	1.114000	-0.502000	0.206000	10.272000	-40.748000	-0.747000
50051.879550	-3.876000	-1.422000	12.018000	1.435000	-0.425000	0.369000	10.641000	-40.748000	-0.747000
50051.891550	-3.609000	-2.867000	14.790000	1.574000	-0.289000	0.515000	10.641000	-40.748000	-0.155000
50051.899270	-3.385000	-5.038000	18.305000	1.577000	-0.101000	0.662000	10.641000	-41.108000	-0.155000
50051.910310	-3.171000	-7.848000	19.609000	1.580000	0.093000	0.744000	10.641000	-41.108000	-0.155000
50051.919010	-3.251000	-10.702000	19.609000	1.753000	0.178000	0.915000	10.641000	-41.108000	0.170000
50051.931830	-2.856000	-13.512000	19.609000	2.347000	0.334000	1.071000	10.641000	-41.108000	0.691000
50051.939060	-2.237000	-16.390000	19.569000	3.427000	0.475000	1.220000	10.641000	-41.108000	2.957000
50051.950020	-1.427000	-19.181000	17.438000	4.863000	0.575000	1.389000	10.641000	-41.108000	5.838000
50051.959690	-0.518000	-19.609000	14.041000	6.409000	0.634000	1.570000	9.857000	-41.108000	9.428000
50051.971380	-0.617000	-19.609000	11.163000	7.862000	0.608000	1.731000	8.355000	-39.373000	12.619000
50051.981600	-1.748000	-19.609000	9.367000	9.081000	0.551000	1.866000	7.220000	-35.708000	16.072000
50051.991400	-3.073000	-19.609000	9.107000	9.818000	0.549000	1.916000	6.372000	-31.829000	19.662000
50051.999520	-2.867000	-19.609000	8.177000	-10.030000	0.674000	1.875000	5.020000	-28.132000	22.154000
50052.011450	-0.010000	-19.609000	3.525000	-10.030000	0.859000	1.907000	4.408000	-23.895000	24.940000
50052.019230	6.154000	-19.609000	-5.909000	-10.030000	0.974000	2.162000	2.804000	-18.997000	27.217000
50052.032930	12.744000	-19.609000	-18.034000	-10.030000	1.093000	2.374000	2.320000	-13.223000	29.702000
50052.039190	17.220000	-19.609000	-19.609000	-10.030000	1.223000	2.889000	0.643000	-6.562000	32.698000
50052.051240	15.857000	-19.609000	-19.609000	-10.030000	1.765000	3.289000	-0.381000	-0.735000	33.297000
50052.060980	11.435000	-18.396000	-19.609000	-10.030000	2.817000	3.331000	-1.992000	4.559000	33.297000
50052.070870	8.799000	-15.304000	-19.609000	-10.030000	4.228000	3.031000	-3.381000	8.381000	33.297000
50052.081430	9.937000	-12.692000	-19.609000	9.838000	5.219000	2.589000	-3.381000	11.578000	32.830000
50052.090550	13.223000	-11.598000	-19.609000	8.534000	4.753000	2.257000	-2.894000	13.511000	31.723000
50052.100130	17.019000	-9.928000	-19.609000	6.507000	2.539000	2.096000	-1.622000	15.957000	30.958000
50052.111580	19.327000	-7.420000	-19.609000	5.128000	-0.308000	2.011000	-0.660000	17.504000	30.203000
50052.119270	19.535000	-3.358000	-19.609000	4.344000	-2.284000	1.888000	-0.660000	18.716000	29.502000
50052.131020	17.900000	1.278000	-19.609000	3.708000	-2.606000	1.714000	-0.660000	20.085000	29.502000
50052.140720	15.376000	4.706000	-19.609000	2.979000	-1.348000	1.535000	-1.496000	20.454000	29.502000
50052.150330	13.729000	6.610000	-19.609000	2.501000	0.578000	1.431000	-1.496000	20.454000	29.837000
50052.162790	11.178000	6.393000	-19.609000	1.246000	1.404000	1.094000	-1.843000	20.454000	30.331000
50052.170290	7.633000	4.089000	-19.609000	-0.166000	2.186000	0.547000	-1.843000	19.332000	30.331000
50052.179300	4.586000	2.014000	-17.441000	-1.336000	1.618000	-0.140000	-1.843000	18.447000	30.888000
50052.191530	2.503000	1.791000	-15.713000	-2.195000	0.391000	-0.783000	-1.843000	16.976000	31.283000
50052.199250	1.525000	2.418000	-16.628000	-2.795000	-0.472000	-1.112000	-2.313000	16.061000	31.632000
50052.212900	1.464000	2.855000	-18.939000	-3.016000	-0.524000	-1.080000	-2.313000	15.068000	31.632000
50052.219270	2.000000	3.057000	-19.609000	-2.902000	0.025000	-0.881000	-2.313000	13.696000	31.632000
50052.232670	3.138000	3.160000	-19.609000	-2.749000	0.660000	-0.730000	-2.313000	12.736000	31.632000
50052.239810	3.733000	3.027000	-19.609000	-2.758000	0.969000	-0.705000	-2.313000	11.764000	31.990000
50052.249880	4.322000	2.541000	-19.609000	-2.963000	0.872000	-0.784000	-2.746000	10.353000	31.990000
50052.259400	5.098000	1.957000	-19.504000	-3.346000	0.476000	-0.939000	-2.746000	8.735000	31.990000
50052.269380	5.625000	1.335000	-17.637000	-3.596000	-0.056000	-1.021000	-2.746000	7.127000	32.333000
50052.279360	5.427000	1.092000	-15.746000	-4.169000	-0.301000	-1.146000	-2.746000	4.713000	32.881000
50052.289400	5.653000	1.183000	-15.307000	-4.729000	-0.631000	-1.212000	-2.746000	2.439000	33.271000
50052.299380	5.371000	1.276000	-15.109000	-5.132000	-0.723000	-1.249000	-2.746000	0.105000	33.271000
50052.309240	5.018000	1.061000	-15.253000	-5.330000	-0.624000	-1.256000	-3.067000	-2.520000	33.271000
50052.319430	4.948000	1.027000	-15.216000	-5.428000	-0.408000	-1.285000	-3.067000	-5.134000	33.271000
50052.329440	3.815000	0.472000	-13.755000	-5.534000	-0.217000	-1.394000	-3.376000	-7.246000	33.271000
50052.340430	3.018000	-0.270000	-12.072000	-5.688000	-0.152000	-1.534000	-3.376000	-9.898000	32.934000
50052.350160	2.845000	-0.508000	-10.057000	-5.892000	-0.233000	-1.692000	-3.376000	-12.660000	32.934000
50052.361730	2.995000	-0.470000	-7.815000	-6.101000	-0.429000	-1.790000	-3.376000	-14.900000	32.934000
50052.373170	3.115000	-0.352000	-5.917000	-6.253000	-0.560000	-1.788000	-3.376000	-17.437000	32.934000
50052.381170	2.887000	-0.175000	-4.516000	-6.297000	-0.614000	-1.764000	-3.376000	-19.978000	32.621000
50052.394690	2.011000	-0.286000	-3.321000	-6.200000	-0.674000	-1.763000	-3.376000	-22.401000	31.411000
50052.401370	0.786000	-0.572000	-2.162000	-6.108000	-0.743000	-1.807000	-3.376000	-23.941000	29.438000
50052.412110	-0.664000	-0.609000	-1.205000	-5.888000	-0.795000	-1.851000	-3.376000	-26.037000	26.795000
50052.422030	-1.569000	-0.359000	-0.379000	-5.659000	-0.816000	-1.963000	-2.426000	-27.978000	24.743000
50052.431680	-1.783000	-0.112000	-0.071000	-5.395000	-0.873000	-2.037000	-1.301000	-29.611000	24.026000
50052.440400	-1.963000	0.249000	0.379000	-5.086000	-0.970000	-2.022000	-0.367000	-31.242000	22.885000
50052.451150	-2.106000	0.459000	1.095000	-4.792000	-1.058000	-1.916000	0.576000	-32.066000	20.811000
50052.462990	-1.938000	0.529000	1.924000	-4.583000	-1.065000	-1.756000	1.231000	-33.596000	19.345000
50052.482880	-2.007000	0.477000	3.130000	-4.512000	-0.856000	-1.428000	2.758000	-35.946000	16.452000
50052.491250	-2.232000	0.612000	4.523000	-4.515000	-0.635000	-1.287000	3.155000	-35.946000	14.668000
50052.502260	-2.644000	0.813000	5.771000	-4.414000	-0.434000	-1.181000	3.485000	-37.139000	13.078000
50052.511390	-3.327000	1.182000	6.582000	-4.312000	-0.276000	-1.137000	3.887000	-37.986000	12.179000
50052.522280	-3.781000	1.860000	6.841000	-3.999000	-0.209000	-1.072000	3.887000	-38.348000	11.032000
50052.531900	-3.849000	2.805000	6.711000	-3.536000	-0.125000	-1.014000	3.887000	-38.711000	9.797000
50052.539980	-3.494000	3.789000	6.029000	-2.959000	-0.125000	-0.919000	4.470000	-39.067000	9.234000
50052.551430	-3.255000	4.561000	5.352000	-2.381000	-0.209000	-0.806000	4.470000	-39.418000	8.290000
50052.561500	-3.226000	4.836000	4.903000	-1.929000	-0.348000	-0.724000	5.232000	-39.418000	8.290000
50052.572210	-3.313000	4.782000	4.925000	-1.665000	-0.454000	-0.680000	5.232000	-39.418000	7.928000
50052.579530	-3.404000	4.755000	5.420000	-1.617000	-0.502000	-0.644000	5.232000	-39.888000	6.605000
50052.589540	-3.313000	4.862000	6.305000	-1.726000	-0.459000	-0.563000	5.232000	-39.888000	5.697000
50052.599580	-3.183000	5.109000	7.028000	-1.839000	-0.285000	-0.440000	5.659000	-39.888000	5.358000
50052.609530	-3.023000	5.522000	7.548000	-1.797000	-0.058000	-0.332000	5.659000	-40.757000	4.560000
50052.619540	-3.008000	5.843000	7.769000	-1.563000	0.091000	-0.284000	5.659000	-40.757000	4.560000
50052.631500	-3.133000	5.913000	7.269000	-1.392000	0.139000	-0.276000	5.659000	-40.757000	4.560000
50052.641550	-3.147000	6.041000	6.233000	-0.987000	0.129000	-0.281000	5.270000	-40.757000	4.083000
50052.651460	-3.024000	6.455000	5.292000	-0.556000	0.040000	-0.311000	5.270000	-40.757000	4.083000
50052.661530	-2.858000	6.856000	4.608000	-0.169000	-0.111000	-0.314000	5.270000	-40.757000	4.083000
50052.671670	-2.669000	7.176000	4.239000	0.108000	-0.271000	-0.287000	5.630000	-40.379000	4.397000
50052.681980	-2.560000	7.452000	4.277000	0.240000	-0.383000	-0.264000	5.630000	-40.379000	4.023000
50052.691380	-2.579000	7.604000	4.475000	0.270000	-0.435000	-0.247000	5.935000	-40.379000	4.449000
50052.702520	-2.686000	7.705000	4.529000	0.270000	-0.453000	-0.234000	5.935000	-40.379000	3.976000
50052.710300	-2.597000	7.886000	4.609000	0.275000	-0.450000	-0.217000	5.935000	-40.379000	3.976000
50052.721680	-2.459000	8.001000	4.448000	0.292000	-0.405000	-0.177000	6.275000	-40.379000	4.289000
50052.731270	-2.483000	8.108000	4.067000	0.324000	-0.319000	-0.120000	6.275000	-40.765000	4.658000
50052.741580	-2.484000	8.315000	3.595000	0.376000	-0.216000	-0.067000	6.275000	-40.765000	4.658000
50052.753670	-2.410000	8.524000	3.118000	0.408000	-0.106000	-0.040000	6.275000	-40.765000	4.658000
50052.760470	-2.165000	8.871000	2.990000	0.472000	-0.045000	0.021000	6.591000	-40.765000	4.658000
50052.771310	-1.893000	9.173000	2.803000	0.539000	0.069000	0.069000	6.591000	-40.765000	4.339000
50052.782110	-1.754000	9.430000	2.373000	0.622000	0.098000	0.086000	6.591000	-40.765000	4.339000
50052.790500	-1.917000	9.629000	1.798000	0.729000	0.022000	0.044000	6.591000	-40.765000	4.339000
50052.801580	-2.415000	9.667000	1.284000	0.821000	-0.090000	-0.037000	6.591000	-40.765000	4.339000
50052.813240	-2.860000	9.585000	0.791000	0.837000	-0.147000	-0.106000	6.591000	-40.765000	4.339000
50052.822510	-3.166000	9.515000	0.440000	0.754000	-0.124000	-0.134000	6.591000	-40.765000	4.339000
50052.833170	-3.259000	9.520000	0.409000	0.612000	-0.034000	-0.101000	6.591000	-40.765000	4.730000
50052.842500	-3.170000	9.558000	0.691000	0.454000	0.082000	-0.027000	6.591000	-40.765000	4.730000
50052.850620	-2.831000	9.655000	1.195000	0.304000	0.161000	0.065000	6.591000	-40.765000	5.386000
50052.862220	-2.340000	9.878000	1.573000	0.180000	0.172000	0.149000	6.898000	-40.765000	5.386000
50052.871800	-2.202000	10.022000	1.787000	0.138000	0.144000	0.181000	6.898000	-40.765000	5.761000
50052.883370	-2.329000	9.920000	1.747000	0.108000	0.127000	0.211000	6.898000	-40.765000	5.761000
50052.891120	-2.412000	9.781000	1.632000	0.136000	0.104000	0.188000	6.898000	-40.765000	5.761000
50052.900460	-2.476000	9.710000	1.383000	0.184000	0.070000	0.126000	6.898000	-40.443000	5.761000
50052.911870	-2.470000	9.694000	1.182000	0.229000	0.031000	0.081000	6.898000	-40.443000	6.083000
50052.921850	-2.321000	9.646000	1.095000	0.254000	0.002000	0.063000	6.898000	-40.443000	6.083000
50052.933570	-2.187000	9.683000	1.164000	0.237000	-0.026000	0.058000	6.898000	-40.443000	6.433000
50052.941900	-2.204000	9.646000	1.259000	0.173000	-0.053000	0.067000	6.898000	-40.443000	6.433000
50052.950170	-2.207000	9.564000	1.451000	0.082000	-0.059000	0.073000	6.898000	-40.443000	6.433000
50052.962010	-2.201000	9.497000	1.721000	-0.006000	-0.019000	0.069000	6.898000	-40.443000	6.800000
50052.973390	-2.328000	9.405000	2.028000	-0.072000	0.037000	0.052000	6.898000	-40.136000	6.800000
50052.983220	-2.415000	9.354000	2.139000	-0.086000	0.064000	0.023000	6.898000	-40.136000	6.800000
50052.991890	-2.380000	9.269000	2.227000	-0.075000	0.050000	0.010000	6.898000	-40.136000	7.138000
50053.000070	-2.337000	9.200000	2.237000	-0.038000	0.041000	0.000000	6.898000	-40.136000	7.138000
50053.012030	-2.319000	9.160000	2.064000	0.005000	0.047000	0.003000	6.898000	-40.136000	7.138000
50053.020730	-2.276000	9.205000	1.866000	0.049000	0.064000	0.005000	6.898000	-40.136000	7.138000
50053.031990	-2.206000	9.268000	1.673000	0.099000	0.071000	0.003000	6.588000	-40.136000	7.138000
50053.043520	-2.207000	9.292000	1.623000	0.142000	0.076000	-0.000000	6.588000	-40.136000	7.138000
50053.050420	-2.289000	9.227000	1.718000	0.155000	0.068000	-0.021000	6.588000	-40.136000	7.138000
50053.064090	-2.394000	9.146000	1.855000	0.147000	0.040000	-0.053000	6.588000	-40.136000	7.138000
50053.071840	-2.512000	9.056000	2.053000	0.126000	0.017000	-0.077000	6.588000	-40.136000	7.138000
50053.083500	-2.711000	8.908000	2.297000	0.096000	0.011000	-0.083000	6.588000	-40.136000	7.138000
50053.090000	-2.865000	8.727000	2.484000	0.065000	0.034000	-0.076000	6.588000	-40.136000	7.449000
50053.100010	-3.013000	8.583000	2.512000	0.065000	0.075000	-0.064000	6.588000	-40.136000	7.449000
50053.112310	-2.939000	8.645000	2.353000	0.079000	0.109000	-0.053000	6.588000	-40.136000	7.449000
50053.121430	-2.635000	8.900000	2.020000	0.134000	0.126000	-0.011000	6.588000	-40.136000	7.449000
50053.133640	-2.412000	9.134000	1.688000	0.212000	0.169000	0.059000	6.588000	-40.136000	7.449000
50053.142640	-2.263000	9.287000	1.470000	0.278000	0.213000	0.121000	6.588000	-40.136000	7.449000
50053.151340	-2.212000	9.347000	1.287000	0.333000	0.246000	0.129000	6.588000	-40.136000	7.449000
50053.163610	-2.269000	9.333000	1.237000	0.386000	0.220000	0.099000	6.588000	-40.136000	7.449000
50053.171700	-2.387000	9.230000	1.281000	0.414000	0.134000	0.046000	6.588000	-40.136000	7.756000
50053.183600	-2.638000	9.151000	1.332000	0.392000	0.043000	-0.008000	6.588000	-40.136000	7.756000
50053.191260	-2.681000	9.111000	1.411000	0.342000	-0.005000	-0.025000	6.588000	-40.136000	7.756000
50053.201660	-2.622000	9.108000	1.565000	0.284000	0.009000	-0.013000	6.288000	-40.136000	7.756000
50053.210270	-2.535000	9.244000	1.608000	0.250000	0.063000	0.023000	6.288000	-40.136000	7.756000
50053.221590	-2.378000	9.504000	1.344000	0.258000	0.121000	0.066000	6.288000	-40.136000	8.087000
50053.230960	-2.279000	9.656000	0.975000	0.280000	0.142000	0.086000	6.288000	-40.136000	8.087000
50053.242860	-2.000000	9.837000	0.476000	0.354000	0.148000	0.119000	6.288000	-39.808000	8.087000
50053.250130	-1.869000	10.046000	0.035000	0.436000	0.161000	0.133000	6.288000	-39.808000	8.087000
50053.260110	-1.867000	10.022000	-0.302000	0.483000	0.163000	0.134000	6.288000	-39.808000	8.427000
