49999.259070	-1.628000	7.061000	4.755000	-1.080000	-0.639000	-0.306000	5.107000	-36.875000	18.914000
49999.268500	-1.563000	7.248000	4.324000	-0.665000	-0.936000	-0.285000	5.107000	-37.313000	18.914000
49999.278780	-1.519000	7.484000	3.573000	-0.504000	-0.984000	-0.228000	5.107000	-37.313000	18.914000
49999.289070	-1.767000	7.893000	2.655000	-0.529000	-0.842000	-0.133000	5.107000	-37.313000	18.914000
49999.299570	-1.915000	8.250000	2.206000	-0.672000	-0.487000	-0.014000	5.107000	-37.663000	18.914000
49999.309610	-1.982000	8.438000	2.051000	-0.858000	0.038000	0.088000	5.107000	-37.663000	18.156000
49999.319430	-1.958000	8.684000	1.988000	-0.949000	0.496000	0.152000	5.107000	-37.663000	18.156000
49999.330080	-1.706000	8.759000	2.325000	-0.859000	0.686000	0.147000	5.107000	-37.969000	17.765000
49999.338930	-1.695000	8.553000	2.737000	-0.653000	0.574000	0.093000	5.107000	-37.969000	18.441000
49999.350350	-1.709000	8.381000	3.100000	-0.443000	0.264000	0.009000	5.432000	-37.664000	17.941000
49999.359440	-1.774000	8.300000	3.355000	-0.356000	-0.077000	-0.025000	5.432000	-37.664000	17.608000
49999.370760	-1.778000	8.668000	2.753000	-0.231000	-0.196000	-0.031000	5.432000	-37.664000	18.014000
49999.380410	-1.796000	9.255000	1.717000	-0.163000	-0.269000	0.024000	5.432000	-37.664000	18.014000
49999.388340	-1.815000	9.308000	0.925000	-0.111000	-0.166000	0.111000	5.432000	-37.664000	18.014000
49999.399270	-1.814000	9.297000	0.467000	-0.041000	0.044000	0.187000	5.432000	-37.664000	18.014000
49999.409120	-1.462000	9.430000	0.494000	0.031000	0.230000	0.200000	5.432000	-38.037000	18.014000
49999.420480	-1.295000	9.443000	0.729000	0.093000	0.265000	0.187000	5.432000	-38.037000	18.014000
49999.429200	-1.225000	9.391000	1.227000	0.128000	0.162000	0.188000	5.432000	-38.037000	18.014000
49999.437930	-1.126000	9.115000	1.847000	0.118000	0.045000	0.190000	5.432000	-38.037000	18.014000
49999.449040	-0.980000	9.171000	1.622000	0.049000	0.005000	0.201000	5.432000	-38.391000	17.663000
49999.458990	-0.885000	9.852000	0.564000	-0.032000	0.071000	0.225000	5.432000	-38.391000	17.663000
49999.469340	-0.932000	10.159000	-0.339000	-0.066000	0.235000	0.268000	5.432000	-38.391000	17.663000
49999.478730	-0.939000	10.357000	-1.028000	-0.064000	0.436000	0.289000	5.432000	-38.391000	17.663000
49999.487950	-0.972000	10.475000	-0.924000	-0.025000	0.513000	0.282000	5.432000	-38.391000	17.663000
49999.499700	-1.136000	10.356000	-0.477000	0.070000	0.528000	0.192000	5.432000	-38.391000	17.663000
49999.509190	-1.258000	10.060000	0.001000	0.195000	0.300000	0.049000	5.126000	-38.708000	17.663000
49999.519290	-1.475000	9.719000	0.414000	0.296000	-0.113000	-0.105000	5.126000	-38.708000	17.346000
49999.530650	-1.833000	9.303000	0.848000	0.292000	-0.485000	-0.219000	5.126000	-38.708000	17.346000
49999.539190	-2.185000	8.981000	1.289000	0.176000	-0.647000	-0.254000	5.126000	-38.708000	17.346000
49999.551310	-2.346000	8.950000	1.493000	-0.016000	-0.584000	-0.212000	5.126000	-38.708000	17.346000
49999.559180	-2.270000	9.024000	1.451000	-0.203000	-0.334000	-0.094000	5.126000	-38.708000	17.346000
49999.569370	-1.932000	9.154000	1.316000	-0.291000	-0.002000	0.075000	5.126000	-38.708000	17.346000
49999.579020	-1.474000	9.307000	1.150000	-0.273000	0.294000	0.245000	5.126000	-38.708000	17.346000
49999.588570	-1.285000	9.264000	1.214000	-0.198000	0.496000	0.393000	4.792000	-38.708000	17.346000
49999.601840	-1.452000	8.920000	1.399000	-0.165000	0.614000	0.451000	4.792000	-38.708000	17.346000
49999.609170	-1.693000	8.677000	1.399000	-0.150000	0.665000	0.537000	4.792000	-38.708000	17.346000
49999.618660	-1.877000	8.662000	1.454000	-0.222000	0.803000	0.626000	4.792000	-38.708000	17.346000
49999.629370	-1.742000	8.696000	1.640000	-0.362000	1.030000	0.749000	4.333000	-38.708000	17.346000
49999.638650	-1.586000	8.747000	1.845000	-0.523000	1.351000	0.905000	4.333000	-38.708000	17.346000
49999.650090	-1.355000	8.778000	2.069000	-0.626000	1.653000	1.047000	3.504000	-38.708000	17.346000
49999.659190	-1.320000	8.560000	2.306000	-0.618000	1.843000	1.144000	2.090000	-38.708000	17.346000
49999.669230	-1.484000	8.282000	2.223000	-0.538000	1.893000	1.188000	1.228000	-38.708000	17.346000
49999.679880	-1.579000	8.042000	2.029000	-0.472000	1.870000	1.204000	-0.431000	-39.053000	17.346000
49999.689150	-1.564000	7.945000	1.899000	-0.471000	1.905000	1.260000	-1.174000	-39.053000	17.346000
49999.699190	-1.195000	7.969000	1.797000	-0.520000	2.070000	1.383000	-2.423000	-39.053000	17.346000
49999.709170	-0.992000	8.233000	2.351000	-0.580000	2.298000	1.554000	-3.666000	-39.053000	16.979000
49999.718940	-0.216000	8.718000	2.543000	-0.601000	2.507000	1.649000	-5.346000	-39.053000	16.979000
49999.732340	-0.171000	8.912000	2.286000	-0.630000	2.594000	1.834000	-6.681000	-39.053000	16.979000
49999.738810	-0.160000	8.727000	1.957000	-0.641000	2.721000	1.987000	-8.053000	-39.379000	16.662000
49999.749430	-0.080000	8.536000	2.064000	-0.642000	2.837000	2.082000	-8.934000	-39.379000	16.662000
49999.758760	0.207000	8.334000	2.433000	-0.680000	3.011000	2.157000	-10.926000	-39.379000	16.358000
49999.768260	0.442000	8.130000	2.851000	-0.751000	3.187000	2.237000	-11.898000	-39.379000	16.358000
49999.780980	0.662000	7.915000	3.041000	-0.793000	3.264000	2.326000	-13.827000	-39.379000	16.027000
49999.788890	0.745000	7.561000	3.366000	-0.800000	3.251000	2.442000	-14.846000	-39.379000	16.027000
49999.798320	1.027000	7.289000	3.385000	-0.832000	3.300000	2.605000	-16.310000	-39.379000	14.109000
49999.808320	1.491000	7.337000	3.464000	-0.948000	3.505000	2.842000	-18.089000	-39.379000	12.861000
49999.818240	1.888000	7.405000	3.847000	-1.140000	3.853000	3.148000	-19.609000	-39.379000	11.395000
49999.828710	2.023000	7.248000	4.466000	-1.348000	4.270000	3.476000	-21.113000	-39.379000	9.548000
49999.840830	2.261000	6.877000	4.661000	-1.447000	4.627000	3.626000	-23.013000	-37.942000	7.641000
49999.850840	2.282000	6.314000	4.900000	-1.616000	4.760000	3.873000	-24.620000	-36.537000	6.112000
49999.860820	2.424000	5.605000	5.409000	-1.754000	4.955000	4.062000	-25.325000	-34.786000	4.115000
49999.869120	2.803000	5.215000	6.288000	-1.921000	5.143000	4.219000	-26.718000	-33.274000	1.884000
49999.879430	3.515000	5.317000	7.233000	-2.118000	5.351000	4.388000	-27.807000	-31.567000	-0.451000
49999.889560	4.433000	5.624000	7.820000	-2.286000	5.491000	4.598000	-29.055000	-29.344000	-2.357000
49999.899970	5.355000	6.183000	8.243000	-2.359000	5.564000	4.821000	-29.840000	-27.677000	-4.481000
49999.910860	6.122000	6.664000	8.406000	-2.315000	5.596000	4.995000	-30.693000	-25.291000	-7.080000
49999.919230	6.789000	6.745000	8.356000	-2.170000	5.581000	5.078000	-30.693000	-23.663000	-9.623000
49999.930610	7.236000	6.682000	8.259000	-1.966000	5.499000	5.046000	-31.822000	-21.434000	-11.308000
49999.939370	7.389000	6.775000	7.805000	-1.746000	5.355000	4.896000	-31.822000	-19.744000	-14.042000
49999.949250	7.322000	6.752000	7.056000	-1.551000	5.180000	4.677000	-31.822000	-18.179000	-15.199000
49999.961490	7.124000	6.668000	6.646000	-1.480000	5.033000	4.563000	-31.364000	-16.114000	-17.849000
49999.968940	6.927000	6.551000	6.967000	-1.444000	5.008000	4.352000	-30.751000	-14.549000	-19.317000
49999.980960	6.642000	6.358000	7.816000	-1.586000	5.113000	4.151000	-30.227000	-12.702000	-20.971000
49999.989110	6.341000	6.092000	8.681000	-1.862000	5.321000	3.914000	-29.078000	-11.009000	-23.478000
50000.002480	5.763000	5.698000	9.467000	-2.118000	5.374000	3.608000	-28.230000	-9.350000	-25.161000
50000.014200	5.071000	5.301000	9.984000	-2.202000	5.147000	3.235000	-27.722000	-7.998000	-26.821000
50000.018990	4.916000	5.165000	10.373000	-2.087000	4.734000	2.840000	-26.774000	-6.936000	-27.517000
50000.031010	3.984000	4.496000	10.177000	-1.853000	4.277000	2.453000	-26.441000	-5.400000	-29.168000
50000.039340	2.939000	3.801000	10.545000	-1.576000	3.863000	2.073000	-24.514000	-4.521000	-28.237000
50000.048440	2.105000	3.647000	11.095000	-1.315000	3.545000	1.718000	-23.362000	-3.466000	-29.316000
50000.060550	1.633000	3.555000	10.918000	-1.110000	3.299000	1.470000	-22.297000	-2.624000	-30.180000
50000.068880	1.191000	3.037000	10.362000	-0.925000	3.095000	1.319000	-20.732000	-1.673000	-30.674000
50000.079200	0.850000	2.609000	9.845000	-0.804000	2.955000	1.254000	-19.575000	-1.126000	-31.442000
50000.090860	0.994000	2.592000	9.577000	-0.487000	2.896000	1.144000	-18.096000	-1.126000	-32.040000
50000.100380	1.255000	2.707000	9.099000	-0.159000	2.699000	1.093000	-17.791000	-1.126000	-32.040000
50000.109810	1.923000	2.795000	8.501000	0.113000	2.328000	1.133000	-17.221000	-0.521000	-33.265000
50000.119120	2.759000	3.420000	8.842000	0.328000	1.873000	1.251000	-16.380000	-0.521000	-33.265000
50000.129400	3.290000	4.255000	9.957000	0.443000	1.484000	1.380000	-16.052000	-0.521000	-33.615000
50000.140910	3.423000	4.696000	11.103000	0.362000	1.246000	1.474000	-16.052000	-0.109000	-33.029000
50000.148750	3.127000	4.809000	11.319000	0.152000	1.114000	1.485000	-15.498000	-0.109000	-33.789000
50000.159280	2.704000	4.860000	10.810000	-0.009000	0.991000	1.387000	-14.700000	0.566000	-33.789000
50000.170540	2.447000	4.624000	10.212000	-0.025000	0.940000	1.206000	-14.700000	0.566000	-34.597000
50000.181340	2.266000	4.150000	9.575000	0.059000	1.038000	1.027000	-14.700000	0.566000	-34.597000
50000.190620	2.155000	3.919000	8.471000	0.131000	1.211000	0.903000	-13.853000	0.566000	-35.153000
50000.199560	2.031000	3.858000	7.868000	0.149000	1.335000	0.802000	-12.715000	0.566000	-35.153000
50000.210610	2.030000	3.957000	8.028000	0.149000	1.373000	0.765000	-12.715000	0.566000	-34.683000
50000.219580	1.938000	3.990000	8.581000	0.051000	1.456000	0.737000	-12.275000	0.566000	-35.159000
50000.231540	1.983000	3.768000	9.295000	-0.180000	1.537000	0.734000	-12.275000	0.566000	-35.687000
50000.240060	1.306000	3.194000	10.300000	-0.447000	1.513000	0.712000	-11.883000	0.921000	-35.687000
50000.250490	1.192000	3.015000	11.214000	-0.623000	1.359000	0.666000	-11.883000	0.921000	-35.687000
50000.260660	1.114000	3.297000	11.324000	-0.675000	1.117000	0.610000	-12.365000	0.921000	-35.687000
50000.271460	0.942000	3.564000	11.021000	-0.572000	0.812000	0.601000	-12.365000	0.921000	-35.218000
50000.280890	0.866000	3.610000	10.223000	-0.294000	0.442000	0.625000	-13.055000	0.921000	-35.603000
50000.290410	1.059000	3.558000	9.054000	0.097000	0.089000	0.561000	-13.055000	0.921000	-35.603000
50000.300700	1.563000	3.637000	7.925000	0.491000	-0.232000	0.445000	-13.406000	1.309000	-35.603000
50000.311130	1.899000	3.868000	7.508000	0.722000	-0.477000	0.373000	-13.406000	1.309000	-35.603000
50000.323160	2.087000	4.090000	8.045000	0.691000	-0.527000	0.378000	-13.406000	1.309000	-35.603000
50000.340220	2.006000	4.192000	8.745000	0.224000	-0.221000	0.416000	-12.957000	1.309000	-35.603000
50000.349890	1.723000	4.149000	9.472000	-0.154000	-0.146000	0.405000	-12.957000	1.637000	-35.995000
50000.360690	1.447000	4.069000	10.136000	-0.421000	-0.031000	0.351000	-12.957000	1.637000	-35.995000
50000.369180	1.151000	3.887000	10.643000	-0.517000	0.053000	0.262000	-12.957000	1.637000	-35.995000
50000.379980	1.038000	3.632000	10.529000	-0.439000	0.086000	0.158000	-12.957000	1.637000	-35.995000
50000.390080	1.051000	3.501000	9.766000	-0.231000	0.057000	0.070000	-13.423000	1.637000	-35.995000
50000.400150	1.147000	3.567000	9.008000	0.038000	-0.012000	0.037000	-13.423000	1.637000	-35.995000
50000.411140	1.359000	3.663000	8.513000	0.237000	-0.081000	0.046000	-13.758000	1.637000	-36.312000
50000.419230	1.576000	3.761000	8.507000	0.267000	-0.104000	0.075000	-13.758000	1.637000	-36.312000
50000.430400	1.572000	3.815000	8.832000	0.156000	-0.078000	0.100000	-13.758000	1.637000	-36.312000
50000.439730	1.610000	3.816000	9.028000	0.078000	-0.029000	0.102000	-13.758000	1.637000	-36.312000
50000.450660	1.618000	3.833000	9.233000	-0.065000	-0.008000	0.086000	-14.118000	1.637000	-36.312000
50000.459230	1.359000	3.907000	9.638000	-0.160000	0.019000	0.057000	-14.118000	1.637000	-36.312000
50000.469610	1.046000	3.983000	10.123000	-0.216000	0.024000	-0.002000	-14.492000	1.327000	-36.312000
50000.480410	0.788000	4.032000	10.460000	-0.225000	0.019000	-0.072000	-14.492000	1.327000	-36.312000
50000.489810	0.986000	3.879000	10.274000	-0.150000	0.009000	-0.109000	-14.808000	1.327000	-36.312000
50000.501230	1.016000	3.748000	9.823000	0.027000	-0.021000	-0.111000	-14.808000	1.327000	-36.312000
50000.509890	0.991000	3.762000	9.205000	0.248000	-0.090000	-0.094000	-15.141000	1.327000	-36.312000
50000.519630	1.037000	3.964000	8.633000	0.383000	-0.153000	-0.073000	-15.141000	1.022000	-36.312000
50000.531650	1.095000	4.002000	8.446000	0.353000	-0.099000	-0.046000	-15.141000	1.022000	-36.312000
50000.540350	0.967000	3.828000	8.705000	0.184000	0.070000	-0.031000	-15.544000	1.022000	-36.312000
50000.549290	0.784000	3.721000	9.152000	-0.019000	0.235000	-0.034000	-15.544000	1.022000	-36.312000
50000.560030	0.610000	3.612000	9.577000	-0.100000	0.328000	-0.043000	-15.544000	1.022000	-36.312000
50000.571660	0.558000	3.457000	9.682000	-0.182000	0.346000	-0.075000	-15.853000	0.683000	-36.312000
50000.579440	0.505000	3.335000	9.530000	-0.133000	0.305000	-0.115000	-15.853000	0.683000	-36.312000
50000.589090	0.554000	3.491000	9.207000	0.015000	0.155000	-0.151000	-15.853000	0.683000	-36.312000
50000.599070	0.671000	3.715000	9.130000	0.155000	-0.033000	-0.168000	-16.152000	0.683000	-36.312000
50000.609530	0.812000	3.866000	9.304000	0.208000	-0.156000	-0.160000	-16.152000	0.331000	-36.312000
50000.620400	0.957000	3.956000	9.410000	0.179000	-0.199000	-0.148000	-16.152000	0.331000	-36.312000
50000.632360	1.000000	4.004000	9.415000	0.135000	-0.213000	-0.145000	-16.574000	0.331000	-36.312000
50000.641360	0.965000	3.937000	9.219000	0.116000	-0.199000	-0.141000	-16.574000	0.331000	-36.312000
50000.649790	0.949000	3.824000	9.103000	0.132000	-0.138000	-0.145000	-16.574000	-0.059000	-36.312000
50000.661630	0.720000	3.818000	9.172000	0.177000	-0.083000	-0.171000	-17.001000	-0.059000	-36.312000
50000.670720	0.595000	3.940000	8.900000	0.251000	-0.095000	-0.224000	-17.001000	-0.059000	-36.312000
50000.682500	0.599000	3.891000	8.654000	0.302000	-0.202000	-0.253000	-17.308000	-0.476000	-36.312000
50000.691560	0.649000	3.788000	8.470000	0.416000	-0.287000	-0.282000	-17.308000	-0.476000	-36.312000
50000.699290	0.876000	3.821000	8.377000	0.481000	-0.467000	-0.265000	-17.639000	-0.811000	-36.671000
50000.711680	1.040000	3.973000	8.593000	0.448000	-0.590000	-0.218000	-17.639000	-0.811000	-36.671000
50000.720310	1.193000	4.172000	8.868000	0.365000	-0.628000	-0.164000	-18.086000	-1.129000	-36.671000
50000.731150	1.429000	4.338000	8.861000	0.288000	-0.626000	-0.115000	-18.974000	-1.129000	-36.671000
50000.740420	1.617000	4.308000	8.790000	0.224000	-0.622000	-0.078000	-19.786000	-1.458000	-36.671000
50000.749670	1.648000	4.099000	8.786000	0.160000	-0.583000	-0.058000	-19.786000	-1.458000	-36.671000
50000.761910	1.620000	3.923000	8.802000	0.071000	-0.488000	-0.064000	-20.588000	-1.844000	-36.671000
50000.770450	1.618000	3.926000	8.633000	-0.053000	-0.351000	-0.099000	-20.588000	-1.844000	-36.996000
50000.780980	1.700000	4.062000	8.574000	-0.151000	-0.222000	-0.147000	-21.215000	-2.149000	-36.996000
50000.790720	1.745000	4.044000	8.726000	-0.193000	-0.152000	-0.178000	-21.215000	-2.149000	-36.996000
50000.799960	1.701000	4.119000	8.967000	-0.207000	-0.147000	-0.189000	-21.215000	-2.467000	-36.996000
50000.811650	1.636000	4.366000	9.209000	-0.236000	-0.158000	-0.207000	-21.633000	-2.467000	-37.326000
50000.821020	1.909000	4.315000	9.355000	-0.243000	-0.171000	-0.218000	-21.633000	-2.467000	-37.326000
50000.830390	2.037000	3.962000	9.707000	-0.185000	-0.177000	-0.227000	-22.334000	-2.894000	-37.326000
50000.839300	1.809000	3.940000	9.604000	-0.061000	-0.253000	-0.249000	-22.334000	-2.894000	-37.326000
50000.849310	1.510000	4.221000	9.193000	0.082000	-0.418000	-0.296000	-22.334000	-2.894000	-37.326000
50000.863500	1.806000	4.275000	8.361000	0.187000	-0.604000	-0.344000	-22.334000	-3.216000	-37.326000
50000.870700	2.447000	4.195000	7.755000	0.214000	-0.674000	-0.356000	-22.334000	-3.216000	-37.326000
50000.880530	2.978000	4.143000	8.234000	0.162000	-0.607000	-0.348000	-22.334000	-3.216000	-37.326000
50000.890600	3.179000	4.316000	9.166000	0.048000	-0.536000	-0.362000	-22.334000	-3.216000	-37.326000
50000.899940	3.126000	4.471000	9.754000	-0.088000	-0.589000	-0.434000	-22.334000	-3.216000	-37.326000
50000.911780	2.689000	4.556000	9.793000	-0.172000	-0.692000	-0.546000	-22.334000	-3.216000	-37.326000
50000.920630	2.349000	4.566000	9.569000	-0.189000	-0.684000	-0.609000	-22.639000	-3.216000	-37.326000
50000.930790	2.224000	4.420000	9.133000	-0.198000	-0.619000	-0.727000	-22.639000	-3.216000	-37.326000
50000.940220	2.128000	4.306000	8.790000	-0.186000	-0.403000	-0.803000	-22.639000	-3.216000	-37.326000
50000.949440	2.233000	4.250000	8.358000	-0.158000	-0.189000	-0.838000	-22.639000	-3.216000	-36.967000
50000.962070	2.441000	4.382000	7.943000	-0.130000	-0.083000	-0.867000	-22.639000	-3.216000	-36.967000
50000.970370	2.573000	4.559000	7.816000	-0.106000	-0.079000	-0.901000	-22.639000	-3.216000	-36.137000
50000.979960	2.286000	4.321000	8.093000	-0.092000	-0.149000	-0.928000	-22.639000	-3.216000	-36.137000
50000.991890	1.716000	3.926000	8.720000	-0.106000	-0.246000	-0.970000	-22.639000	-3.216000	-35.726000
50000.999460	0.987000	3.659000	9.393000	-0.150000	-0.350000	-1.057000	-22.325000	-3.216000	-35.726000
50001.012270	0.844000	3.260000	9.631000	-0.206000	-0.455000	-1.150000	-22.325000	-3.216000	-34.960000
50001.020910	0.598000	2.917000	9.709000	-0.249000	-0.509000	-1.181000	-22.325000	-3.216000	-34.960000
50001.030400	0.523000	2.930000	9.639000	-0.238000	-0.452000	-1.132000	-22.023000	-3.216000	-34.960000
50001.043160	0.788000	3.118000	9.227000	-0.203000	-0.378000	-1.085000	-22.023000	-3.216000	-34.960000
50001.049990	1.275000	3.409000	8.939000	-0.100000	-0.363000	-0.947000	-22.023000	-3.216000	-34.660000
50001.060550	1.865000	3.730000	9.301000	-0.018000	-0.347000	-0.784000	-21.563000	-3.216000	-34.660000
50001.071720	2.365000	4.019000	10.002000	-0.012000	-0.309000	-0.651000	-21.563000	-3.216000	-34.660000
50001.080820	2.259000	4.336000	10.239000	-0.071000	-0.286000	-0.592000	-21.563000	-3.216000	-34.165000
50001.090490	2.174000	4.483000	9.767000	-0.119000	-0.297000	-0.615000	-21.176000	-3.216000	-34.165000
50001.099550	1.662000	3.804000	9.113000	-0.086000	-0.306000	-0.689000	-21.176000	-3.216000	-34.165000
50001.110510	0.469000	2.770000	8.779000	-0.019000	-0.281000	-0.803000	-21.176000	-3.216000	-33.686000
50001.121590	0.133000	2.375000	8.837000	0.011000	-0.225000	-0.945000	-20.828000	-3.216000	-33.686000
50001.131080	0.581000	2.851000	9.088000	0.001000	-0.183000	-1.012000	-20.828000	-3.216000	-33.328000
50001.140450	1.072000	3.430000	9.319000	-0.051000	-0.171000	-0.918000	-20.828000	-3.216000	-33.328000
50001.149600	1.291000	3.660000	9.635000	-0.130000	-0.154000	-0.760000	-20.828000	-3.216000	-33.328000
50001.160620	1.321000	3.564000	9.802000	-0.161000	-0.162000	-0.706000	-20.828000	-3.216000	-32.864000
50001.172160	1.211000	3.364000	9.846000	-0.169000	-0.188000	-0.684000	-20.828000	-3.588000	-32.864000
50001.180210	1.001000	3.379000	9.764000	-0.110000	-0.270000	-0.739000	-20.828000	-3.588000	-32.864000
50001.190620	0.800000	3.503000	9.427000	-0.016000	-0.356000	-0.802000	-20.828000	-3.588000	-32.463000
50001.200660	0.508000	3.474000	8.927000	0.110000	-0.450000	-0.834000	-20.828000	-3.919000	-32.463000
50001.210910	0.273000	3.339000	8.757000	0.227000	-0.564000	-0.837000	-20.828000	-3.919000	-32.463000
50001.223420	0.115000	3.152000	8.815000	0.267000	-0.644000	-0.834000	-20.828000	-3.919000	-32.096000
50001.230140	-0.190000	3.066000	9.059000	0.229000	-0.657000	-0.808000	-20.828000	-4.281000	-32.096000
50001.242160	0.275000	3.320000	9.603000	0.148000	-0.637000	-0.737000	-20.828000	-4.281000	-32.096000
50001.250190	0.842000	3.603000	10.087000	0.081000	-0.607000	-0.632000	-20.828000	-4.598000	-32.096000
50001.262060	0.978000	3.638000	9.999000	0.094000	-0.606000	-0.518000	-20.828000	-4.598000	-31.674000
50001.271090	1.155000	3.706000	9.729000	0.228000	-0.656000	-0.448000	-21.189000	-4.981000	-31.674000
50001.281500	1.264000	3.842000	9.509000	0.329000	-0.715000	-0.430000	-21.189000	-4.981000	-31.674000
50001.291330	1.173000	4.005000	9.148000	0.524000	-0.743000	-0.397000	-21.534000	-5.381000	-31.674000
50001.299690	1.067000	4.263000	8.706000	0.648000	-0.789000	-0.371000	-22.088000	-5.760000	-31.674000
50001.320620	1.192000	4.618000	7.806000	0.733000	-0.737000	-0.314000	-22.984000	-6.149000	-31.674000
50001.330180	1.208000	4.638000	7.849000	0.704000	-0.685000	-0.271000	-22.984000	-6.877000	-31.321000
50001.340370	1.365000	4.673000	7.973000	0.614000	-0.644000	-0.242000	-23.519000	-6.877000	-31.321000
50001.351320	1.535000	4.693000	8.163000	0.493000	-0.628000	-0.210000	-23.820000	-7.427000	-31.321000
50001.360780	1.877000	4.729000	8.520000	0.382000	-0.629000	-0.166000	-23.820000	-7.427000	-31.321000
50001.369790	2.179000	4.718000	8.823000	0.316000	-0.613000	-0.118000	-24.380000	-7.737000	-31.321000
50001.380800	2.469000	4.808000	8.888000	0.298000	-0.616000	-0.073000	-24.380000	-7.737000	-30.984000
50001.391240	2.754000	4.991000	8.708000	0.321000	-0.664000	-0.042000	-24.380000	-7.737000	-30.984000
50001.402110	2.831000	5.054000	8.333000	0.343000	-0.697000	-0.033000	-24.964000	-8.224000	-30.984000
50001.411260	2.927000	5.078000	8.010000	0.396000	-0.691000	-0.031000	-24.964000	-8.224000	-30.984000
50001.419840	2.973000	5.137000	7.777000	0.432000	-0.658000	-0.047000	-25.369000	-8.654000	-30.682000
50001.430700	2.954000	5.337000	7.820000	0.412000	-0.611000	-0.061000	-25.369000	-8.654000	-30.682000
50001.440400	2.976000	5.523000	7.810000	0.322000	-0.519000	-0.073000	-25.723000	-8.654000	-30.682000
50001.450350	3.063000	5.523000	7.998000	0.219000	-0.383000	-0.080000	-25.723000	-8.654000	-30.360000
50001.462100	3.079000	5.406000	8.273000	0.146000	-0.274000	-0.100000	-26.023000	-9.111000	-30.360000
50001.470890	3.214000	5.414000	8.426000	0.123000	-0.257000	-0.170000	-26.023000	-9.111000	-30.360000
50001.479930	3.378000	5.510000	8.306000	0.148000	-0.332000	-0.284000	-26.023000	-9.504000	-29.978000
50001.489930	3.458000	5.564000	8.166000	0.222000	-0.486000	-0.403000	-26.457000	-9.504000	-29.978000
50001.500980	3.288000	5.402000	7.970000	0.337000	-0.692000	-0.528000	-27.000000	-9.907000	-29.611000
50001.510990	3.187000	5.342000	7.767000	0.476000	-0.913000	-0.675000	-27.000000	-9.907000	-29.611000
50001.520940	3.148000	5.425000	7.696000	0.551000	-1.162000	-0.753000	-28.193000	-10.328000	-29.298000
50001.531770	3.301000	5.714000	7.804000	0.697000	-1.291000	-0.881000	-28.869000	-10.662000	-29.298000
50001.541540	3.644000	5.837000	8.127000	0.812000	-1.540000	-0.954000	-29.653000	-11.520000	-27.784000
50001.560980	5.183000	5.371000	8.914000	0.863000	-1.949000	-1.033000	-30.928000	-13.450000	-25.160000
50001.570350	4.373000	5.893000	8.855000	0.839000	-2.066000	-1.099000	-31.517000	-14.369000	-24.787000
50001.583070	4.364000	7.405000	9.127000	0.888000	-2.131000	-1.230000	-32.316000	-15.621000	-23.994000
50001.591470	4.597000	8.146000	9.236000	1.016000	-2.139000	-1.431000	-32.667000	-16.180000	-23.513000
50001.600500	4.309000	7.367000	8.693000	1.170000	-1.966000	-1.504000	-33.192000	-17.918000	-22.546000
50001.612040	4.549000	6.937000	7.791000	1.341000	-1.789000	-1.471000	-33.573000	-18.463000	-21.647000
50001.620550	4.930000	7.568000	6.936000	1.505000	-1.894000	-1.495000	-33.573000	-19.564000	-20.584000
50001.630470	5.001000	8.359000	6.103000	1.591000	-2.082000	-1.453000	-33.573000	-20.275000	-19.783000
50001.641030	5.160000	8.648000	6.011000	1.582000	-2.031000	-1.401000	-33.573000	-20.861000	-19.296000
50001.651100	5.657000	8.525000	6.515000	1.460000	-1.909000	-1.348000	-34.092000	-22.077000	-18.928000
50001.661900	6.271000	8.411000	7.274000	1.284000	-1.662000	-1.431000	-34.092000	-22.454000	-17.842000
50001.671210	6.554000	8.465000	7.743000	1.180000	-1.642000	-1.587000	-33.683000	-23.367000	-16.847000
50001.681160	6.636000	8.492000	7.546000	1.217000	-1.856000	-1.749000	-33.683000	-24.482000	-15.545000
50001.692820	6.642000	8.522000	6.724000	1.413000	-2.140000	-1.915000	-33.683000	-24.935000	-14.408000
50001.700960	6.445000	8.694000	5.652000	1.728000	-2.465000	-2.092000	-33.683000	-26.510000	-12.539000
50001.712260	5.885000	8.715000	4.656000	2.021000	-2.788000	-2.255000	-33.683000	-27.416000	-11.717000
50001.721620	4.814000	8.517000	3.931000	2.141000	-2.986000	-2.385000	-33.683000	-28.520000	-10.023000
50001.730230	4.477000	8.610000	4.028000	2.034000	-3.002000	-2.506000	-33.683000	-29.812000	-8.508000
50001.741670	4.208000	8.705000	4.581000	1.758000	-2.879000	-2.634000	-33.683000	-30.230000	-6.829000
50001.751960	3.813000	8.439000	5.010000	1.451000	-2.717000	-2.734000	-33.683000	-31.509000	-5.993000
50001.764750	3.251000	7.755000	5.338000	1.334000	-2.640000	-2.775000	-33.683000	-32.301000	-4.995000
50001.771610	2.617000	7.296000	5.570000	1.253000	-2.658000	-2.864000	-32.965000	-33.081000	-3.451000
50001.780520	2.209000	7.375000	5.359000	1.392000	-2.836000	-2.951000	-31.211000	-34.249000	-1.795000
50001.792210	1.856000	7.573000	5.103000	1.633000	-3.160000	-2.992000	-29.946000	-34.655000	-0.906000
50001.800850	1.473000	7.552000	4.419000	1.831000	-3.478000	-2.936000	-28.894000	-35.461000	1.161000
50001.811100	0.886000	7.389000	3.584000	1.925000	-3.641000	-2.821000	-27.790000	-36.340000	2.726000
50001.821260	0.271000	7.156000	3.445000	1.906000	-3.629000	-2.711000	-26.539000	-36.729000	3.782000
50001.830300	0.112000	7.066000	3.449000	1.790000	-3.466000	-2.602000	-25.611000	-37.393000	4.154000
50001.841470	0.023000	7.114000	3.241000	1.628000	-3.233000	-2.480000	-24.502000	-37.393000	5.004000
50001.850770	-0.291000	7.063000	3.114000	1.499000	-3.067000	-2.329000	-23.719000	-38.252000	6.459000
50001.860850	-0.326000	6.968000	3.071000	1.437000	-2.966000	-2.148000	-22.570000	-38.252000	6.896000
50001.870340	-0.187000	7.166000	3.060000	1.417000	-2.904000	-1.961000	-21.684000	-38.252000	8.049000
50001.880500	-0.054000	7.521000	2.956000	1.413000	-2.884000	-1.863000	-20.739000	-38.771000	9.486000
50001.891820	0.066000	7.768000	2.696000	1.406000	-2.875000	-1.642000	-20.358000	-38.771000	10.278000
50001.900340	-0.106000	7.942000	2.427000	1.383000	-2.823000	-1.402000	-19.636000	-38.771000	11.431000
50001.910500	-0.336000	8.030000	1.864000	1.326000	-2.687000	-1.181000	-19.636000	-38.771000	11.431000
50001.922460	-0.483000	8.009000	1.159000	1.228000	-2.434000	-0.993000	-18.975000	-38.771000	12.109000
50001.931070	-0.515000	7.981000	0.932000	1.111000	-2.087000	-0.830000	-18.478000	-38.771000	12.109000
50001.944520	-0.360000	7.994000	1.041000	0.973000	-1.736000	-0.694000	-18.063000	-38.771000	13.342000
50001.951670	-0.143000	8.323000	1.113000	0.807000	-1.436000	-0.571000	-18.063000	-38.771000	13.342000
50001.962530	0.038000	8.574000	1.140000	0.653000	-1.238000	-0.446000	-17.485000	-38.771000	13.342000
50001.973000	0.177000	8.498000	1.246000	0.566000	-1.153000	-0.327000	-17.485000	-38.394000	14.479000
50001.981330	0.364000	8.575000	1.396000	0.531000	-1.117000	-0.238000	-17.008000	-38.394000	14.479000
50001.993570	0.447000	8.793000	1.249000	0.493000	-1.069000	-0.180000	-17.008000	-38.394000	14.479000
50002.001960	0.568000	8.966000	0.986000	0.444000	-1.000000	-0.124000	-17.008000	-38.760000	14.479000
50002.012370	0.670000	9.033000	0.930000	0.421000	-0.896000	-0.071000	-17.008000	-38.760000	14.865000
50002.023230	0.745000	9.036000	0.983000	0.371000	-0.827000	-0.050000	-17.008000	-38.760000	15.251000
50002.033150	0.590000	9.021000	0.876000	0.312000	-0.677000	-0.027000	-17.008000	-38.760000	15.641000
50002.042520	0.233000	9.206000	0.679000	0.248000	-0.537000	-0.022000	-17.008000	-39.099000	14.837000
50002.061010	0.254000	9.328000	0.435000	0.170000	-0.285000	0.020000	-17.422000	-39.099000	15.235000
50002.073060	0.302000	9.275000	0.522000	0.155000	-0.177000	0.062000	-17.422000	-39.099000	15.235000
50002.081820	0.677000	9.411000	0.714000	0.114000	-0.093000	0.099000	-17.422000	-39.099000	14.935000
50002.093080	0.956000	9.676000	0.757000	0.078000	-0.045000	0.145000	-17.422000	-39.099000	15.243000
50002.101690	1.259000	9.848000	0.675000	0.106000	-0.043000	0.184000	-17.007000	-39.099000	15.243000
50002.113100	1.460000	9.960000	0.592000	0.181000	-0.078000	0.192000	-17.007000	-39.099000	15.243000
50002.125340	1.557000	10.123000	0.450000	0.218000	-0.127000	0.187000	-17.007000	-39.099000	15.243000
50002.130990	1.566000	10.263000	0.118000	0.276000	-0.146000	0.166000	-16.697000	-39.099000	15.243000
50002.143130	1.572000	10.387000	-0.251000	0.309000	-0.147000	0.146000	-16.697000	-39.099000	15.631000
50002.151010	1.512000	10.438000	-0.411000	0.314000	-0.106000	0.125000	-16.697000	-39.099000	15.631000
50002.161440	1.535000	10.500000	-0.512000	0.283000	-0.053000	0.086000	-16.697000	-39.099000	15.953000
50002.171420	1.551000	10.579000	-0.510000	0.228000	-0.001000	0.038000	-16.697000	-38.796000	15.953000
50002.181220	1.498000	10.700000	-0.558000	0.172000	0.028000	-0.013000	-16.697000	-38.796000	15.953000
50002.191600	1.524000	10.749000	-0.502000	0.131000	0.020000	-0.062000	-16.697000	-38.796000	16.329000
50002.200600	1.686000	10.756000	-0.370000	0.103000	-0.021000	-0.123000	-16.697000	-38.796000	16.329000
50002.211070	1.848000	10.821000	-0.222000	0.082000	-0.083000	-0.202000	-16.697000	-38.796000	16.329000
50002.222750	1.752000	10.799000	-0.181000	0.105000	-0.181000	-0.290000	-16.697000	-38.796000	16.329000
50002.231150	1.521000	10.669000	-0.312000	0.191000	-0.327000	-0.391000	-16.697000	-38.796000	16.705000
50002.242410	1.198000	10.552000	-0.435000	0.244000	-0.488000	-0.448000	-16.372000	-38.796000	16.705000
50002.252540	0.966000	10.422000	-0.469000	0.336000	-0.561000	-0.560000	-16.372000	-38.493000	16.705000
50002.261940	0.909000	10.307000	-0.497000	0.385000	-0.688000	-0.630000	-16.372000	-38.493000	17.051000
50002.271520	0.948000	10.410000	-0.602000	0.377000	-0.785000	-0.653000	-16.372000	-38.493000	17.051000
50002.281380	1.175000	10.615000	-0.719000	0.334000	-0.817000	-0.662000	-15.979000	-38.493000	17.051000
50002.293220	1.155000	10.731000	-0.591000	0.281000	-0.796000	-0.664000	-15.979000	-38.493000	17.355000
50002.304690	1.014000	10.658000	-0.390000	0.229000	-0.771000	-0.693000	-15.670000	-38.493000	17.355000
50002.312050	0.760000	10.640000	-0.361000	0.208000	-0.777000	-0.758000	-15.029000	-38.493000	17.355000
50002.323190	0.791000	10.566000	-0.320000	0.227000	-0.850000	-0.838000	-14.115000	-38.493000	17.671000
50002.331910	0.734000	10.359000	0.063000	0.273000	-0.958000	-0.928000	-13.188000	-38.493000	17.671000
50002.342660	0.535000	10.147000	0.196000	0.351000	-1.078000	-1.008000	-12.315000	-38.493000	17.671000
50002.351540	0.174000	9.997000	0.117000	0.456000	-1.256000	-1.073000	-11.389000	-38.493000	18.069000
50002.361940	-0.065000	9.826000	-0.004000	0.504000	-1.427000	-1.098000	-10.665000	-38.493000	18.069000
50002.373210	-0.361000	9.687000	-0.113000	0.555000	-1.470000	-1.132000	-9.771000	-38.493000	18.069000
50002.381660	-0.661000	9.541000	-0.103000	0.535000	-1.465000	-1.143000	-8.604000	-38.493000	18.452000
50002.391970	-0.836000	9.422000	-0.229000	0.469000	-1.390000	-1.126000	-7.792000	-38.493000	18.452000
50002.401560	-0.885000	9.494000	-0.366000	0.392000	-1.300000	-1.083000	-7.286000	-38.493000	18.452000
50002.411750	-1.135000	9.467000	-0.362000	0.313000	-1.177000	-1.021000	-6.892000	-38.493000	18.768000
50002.423220	-1.447000	9.287000	-0.193000	0.222000	-1.013000	-0.951000	-6.439000	-38.493000	18.768000
50002.433480	-1.690000	9.066000	-0.081000	0.136000	-0.870000	-0.906000	-5.819000	-38.493000	18.768000
50002.441660	-1.841000	8.955000	0.164000	0.068000	-0.778000	-0.874000	-5.467000	-38.493000	18.768000
50002.451640	-1.911000	8.741000	0.605000	0.001000	-0.710000	-0.835000	-5.052000	-38.493000	19.107000
50002.461950	-2.052000	8.574000	0.788000	-0.045000	-0.659000	-0.800000	-4.470000	-38.493000	19.107000
50002.472720	-2.114000	8.581000	0.697000	-0.045000	-0.657000	-0.756000	-4.470000	-38.493000	19.107000
50002.484410	-2.192000	8.635000	0.545000	0.013000	-0.673000	-0.724000	-4.028000	-38.493000	19.107000
50002.491980	-2.173000	8.622000	0.309000	0.108000	-0.670000	-0.655000	-4.028000	-38.493000	19.107000
50002.501500	-2.036000	8.776000	0.122000	0.204000	-0.662000	-0.584000	-3.727000	-38.493000	19.407000
50002.511510	-1.907000	9.015000	-0.156000	0.272000	-0.664000	-0.505000	-3.727000	-38.493000	19.407000
50002.521890	-1.967000	9.118000	-0.505000	0.306000	-0.639000	-0.424000	-3.727000	-38.493000	19.407000
50002.530980	-2.128000	9.078000	-0.681000	0.287000	-0.582000	-0.365000	-3.169000	-38.493000	19.407000
50002.541880	-2.233000	8.958000	-0.585000	0.211000	-0.476000	-0.322000	-3.169000	-38.493000	19.407000
50002.551460	-2.207000	8.890000	-0.294000	0.096000	-0.339000	-0.282000	-3.169000	-38.493000	19.407000
50002.561010	-2.025000	8.961000	-0.093000	-0.014000	-0.217000	-0.239000	-3.169000	-38.493000	19.407000
50002.571570	-1.921000	9.072000	0.022000	-0.070000	-0.151000	-0.190000	-3.169000	-38.493000	19.407000
50002.581580	-1.765000	9.150000	0.120000	-0.047000	-0.143000	-0.144000	-3.169000	-38.493000	19.407000
50002.593110	-1.692000	9.240000	0.141000	0.022000	-0.176000	-0.121000	-3.169000	-38.493000	19.407000
50002.601510	-1.697000	9.337000	-0.055000	0.063000	-0.239000	-0.117000	-3.169000	-38.493000	19.407000
50002.613070	-1.809000	9.373000	-0.248000	0.144000	-0.273000	-0.119000	-3.169000	-38.493000	19.407000
50002.623630	-1.855000	9.455000	-0.629000	0.218000	-0.317000	-0.118000	-3.169000	-38.493000	19.407000
50002.631510	-1.945000	9.713000	-1.122000	0.263000	-0.318000	-0.109000	-3.169000	-38.493000	19.407000
50002.643160	-1.911000	9.864000	-1.507000	0.278000	-0.273000	-0.087000	-2.746000	-38.493000	19.726000
50002.652440	-1.863000	9.855000	-1.465000	0.262000	-0.203000	-0.067000	-2.746000	-38.493000	19.726000
50002.664370	-1.716000	9.824000	-1.064000	0.199000	-0.148000	-0.071000	-2.746000	-38.493000	19.726000
50002.672490	-1.687000	9.815000	-0.763000	0.121000	-0.167000	-0.097000	-2.413000	-38.493000	19.726000
50002.681710	-1.737000	9.801000	-0.549000	0.080000	-0.257000	-0.129000	-2.413000	-38.493000	19.726000
50002.692510	-1.857000	9.762000	-0.403000	0.086000	-0.353000	-0.156000	-2.413000	-38.493000	19.726000
50002.702490	-1.854000	9.736000	-0.386000	0.096000	-0.408000	-0.170000	-2.413000	-38.493000	19.726000
50002.711130	-1.864000	9.696000	-0.402000	0.077000	-0.398000	-0.161000	-2.020000	-38.493000	19.726000
50002.721590	-1.912000	9.666000	-0.385000	0.063000	-0.323000	-0.150000	-2.020000	-38.493000	20.048000
50002.733070	-2.015000	9.610000	-0.415000	0.033000	-0.275000	-0.130000	-2.020000	-38.493000	20.048000
50002.742680	-2.061000	9.592000	-0.600000	0.013000	-0.177000	-0.103000	-2.020000	-38.493000	20.048000
50002.752110	-1.885000	9.573000	-0.621000	0.003000	-0.111000	-0.075000	-2.020000	-38.493000	20.048000
50002.761180	-1.763000	9.735000	-0.583000	-0.008000	-0.068000	-0.050000	-1.673000	-38.493000	20.048000
50002.772160	-1.581000	9.822000	-0.512000	-0.043000	-0.025000	-0.032000	-1.673000	-38.493000	20.048000
50002.783060	-1.465000	9.862000	-0.427000	-0.068000	-0.002000	-0.035000	-1.673000	-38.493000	20.048000
50002.794070	-1.446000	9.792000	-0.259000	-0.058000	-0.023000	-0.065000	-1.673000	-38.493000	20.048000
50002.802190	-1.501000	9.676000	-0.095000	-0.039000	-0.069000	-0.119000	-1.673000	-38.493000	20.048000
50002.812350	-1.693000	9.539000	-0.039000	-0.018000	-0.125000	-0.177000	-1.345000	-38.493000	20.048000
50002.822210	-1.825000	9.428000	-0.053000	0.003000	-0.170000	-0.221000	-1.345000	-38.493000	20.048000
50002.832160	-2.093000	9.420000	-0.235000	0.023000	-0.184000	-0.248000	-1.345000	-38.183000	20.048000
50002.844180	-2.029000	9.494000	-0.627000	0.033000	-0.164000	-0.251000	-1.345000	-38.183000	20.048000
50002.852210	-1.900000	9.616000	-0.831000	0.051000	-0.149000	-0.238000	-1.039000	-38.183000	20.048000
50002.861270	-1.858000	9.735000	-0.828000	0.052000	-0.106000	-0.209000	-1.039000	-38.183000	20.048000
50002.872720	-1.878000	9.679000	-0.800000	0.023000	-0.048000	-0.186000	-1.039000	-38.183000	20.048000
50002.883120	-1.832000	9.596000	-0.701000	-0.005000	-0.016000	-0.189000	-1.039000	-38.183000	20.048000
50002.892610	-1.828000	9.564000	-0.423000	-0.016000	-0.050000	-0.217000	-1.039000	-38.183000	20.048000
50002.902260	-1.884000	9.580000	-0.282000	-0.024000	-0.108000	-0.244000	-0.708000	-38.183000	20.048000
50002.911320	-2.055000	9.601000	-0.357000	-0.028000	-0.172000	-0.265000	-0.708000	-38.183000	20.048000
50002.922340	-2.276000	9.597000	-0.488000	-0.012000	-0.229000	-0.286000	-0.708000	-38.183000	20.048000
50002.933170	-2.413000	9.550000	-0.757000	0.008000	-0.239000	-0.301000	-0.708000	-38.183000	20.048000
50002.943580	-2.486000	9.444000	-0.881000	0.012000	-0.199000	-0.298000	-0.390000	-38.183000	20.048000
50002.951790	-2.538000	9.415000	-0.892000	-0.001000	-0.145000	-0.281000	-0.390000	-38.183000	20.048000
50002.961400	-2.384000	9.405000	-0.792000	-0.019000	-0.096000	-0.268000	-0.390000	-38.183000	20.048000
50002.973910	-2.449000	9.442000	-0.740000	-0.074000	-0.076000	-0.237000	-0.390000	-38.183000	20.048000
50002.983100	-2.541000	9.409000	-0.642000	-0.133000	-0.052000	-0.210000	-0.056000	-38.183000	20.048000
50002.992500	-2.581000	9.343000	-0.454000	-0.172000	-0.043000	-0.208000	-0.056000	-38.183000	20.048000
50003.001840	-2.569000	9.330000	-0.229000	-0.188000	-0.052000	-0.224000	-0.056000	-38.183000	20.048000
50003.012610	-2.544000	9.343000	-0.053000	-0.186000	-0.089000	-0.247000	0.257000	-38.183000	20.048000
50003.024910	-2.598000	9.301000	0.072000	-0.159000	-0.143000	-0.259000	0.257000	-38.183000	20.048000
50003.032630	-2.703000	9.192000	0.259000	-0.113000	-0.215000	-0.264000	0.257000	-38.183000	20.048000
50003.042430	-2.872000	9.070000	0.359000	-0.068000	-0.280000	-0.274000	0.563000	-38.183000	20.048000
50003.051520	-3.002000	8.964000	0.418000	-0.050000	-0.302000	-0.271000	0.563000	-38.183000	20.048000
50003.061500	-3.011000	8.947000	0.395000	-0.054000	-0.282000	-0.240000	0.563000	-38.183000	20.048000
50003.072030	-2.823000	9.018000	0.438000	-0.067000	-0.221000	-0.189000	0.912000	-38.183000	20.048000
50003.082040	-2.680000	9.111000	0.400000	-0.105000	-0.110000	-0.157000	0.912000	-38.183000	20.048000
50003.092570	-2.580000	9.229000	0.230000	-0.129000	-0.048000	-0.095000	0.912000	-38.183000	19.740000
50003.101690	-2.380000	9.347000	0.152000	-0.119000	0.053000	-0.057000	0.912000	-38.183000	19.740000
50003.111550	-2.196000	9.531000	-0.019000	-0.087000	0.106000	-0.047000	1.278000	-38.183000	19.740000
50003.122960	-2.307000	9.527000	-0.147000	-0.053000	0.124000	-0.062000	1.278000	-38.183000	19.740000
50003.132970	-2.466000	9.355000	-0.209000	-0.013000	0.113000	-0.102000	1.278000	-38.183000	19.740000
50003.141910	-2.632000	9.249000	-0.082000	0.042000	0.051000	-0.175000	1.278000	-38.183000	19.429000
50003.154090	-2.784000	9.178000	0.004000	0.083000	-0.043000	-0.255000	1.580000	-38.183000	19.429000
50003.161540	-2.896000	9.108000	0.023000	0.102000	-0.133000	-0.294000	1.580000	-38.183000	19.429000
50003.172920	-2.956000	9.046000	0.044000	0.130000	-0.198000	-0.295000	1.580000	-38.183000	19.429000
50003.181520	-2.986000	8.938000	0.166000	0.152000	-0.231000	-0.277000	1.580000	-38.183000	19.429000
50003.192020	-2.951000	8.842000	0.300000	0.145000	-0.208000	-0.236000	1.896000	-38.183000	19.126000
50003.204690	-2.933000	8.731000	0.393000	0.102000	-0.139000	-0.209000	1.896000	-38.183000	19.126000
50003.212070	-2.965000	8.589000	0.636000	0.045000	-0.098000	-0.155000	1.896000	-38.183000	19.126000
50003.224250	-2.974000	8.348000	1.030000	-0.009000	-0.003000	-0.115000	1.896000	-38.183000	19.126000
50003.233010	-2.962000	8.042000	1.634000	-0.047000	0.082000	-0.093000	1.896000	-38.183000	19.126000
50003.242100	-3.059000	7.560000	2.378000	-0.038000	0.098000	-0.086000	2.210000	-38.183000	19.126000
50003.252080	-3.074000	7.007000	3.231000	0.020000	0.037000	-0.093000	2.210000	-38.183000	19.126000
50003.263070	-3.164000	6.547000	4.040000	0.119000	-0.052000	-0.099000	2.210000	-38.183000	19.126000
50003.272990	-3.151000	6.054000	4.769000	0.241000	-0.142000	-0.065000	2.210000	-38.183000	19.126000
50003.282660	-2.896000	5.225000	5.184000	0.395000	-0.205000	0.010000	2.210000	-38.183000	19.126000
50003.293070	-2.886000	4.012000	5.725000	0.583000	-0.248000	0.093000	2.210000	-38.183000	19.126000
50003.303840	-2.674000	2.794000	6.948000	0.774000	-0.246000	0.172000	2.210000	-38.183000	19.126000
50003.313120	-2.145000	1.437000	9.370000	0.857000	-0.198000	0.250000	2.522000	-38.183000	19.126000
50003.323980	-1.579000	-0.031000	12.664000	0.980000	-0.165000	0.298000	2.522000	-37.855000	19.126000
50003.334360	-1.061000	-1.726000	16.586000	1.061000	-0.154000	0.414000	2.522000	-37.855000	19.126000
50003.342470	-0.952000	-3.589000	19.333000	1.184000	-0.132000	0.530000	2.522000	-37.855000	19.126000
50003.352670	-1.208000	-5.127000	19.609000	1.509000	-0.105000	0.617000	2.522000	-37.521000	19.564000
50003.363040	-2.011000	-6.773000	18.665000	2.220000	-0.058000	0.678000	2.522000	-37.521000	20.178000
50003.374030	-2.242000	-8.481000	15.870000	3.369000	0.037000	0.735000	2.522000	-36.515000	22.514000
50003.384590	-1.970000	-10.347000	12.324000	4.755000	0.130000	0.786000	2.522000	-33.090000	25.140000
50003.393380	-1.303000	-11.271000	10.031000	6.109000	0.200000	0.823000	2.522000	-29.946000	27.253000
50003.401890	-0.111000	-11.907000	8.397000	7.256000	0.270000	0.860000	2.522000	-26.184000	29.362000
50003.411930	0.791000	-12.919000	7.462000	8.105000	0.282000	0.940000	2.522000	-22.633000	31.628000
50003.423160	0.568000	-13.715000	6.651000	8.598000	0.210000	1.025000	2.522000	-18.820000	33.201000
50003.434330	-0.476000	-15.810000	4.360000	8.715000	0.258000	1.056000	2.522000	-15.260000	33.935000
50003.442450	-0.897000	-18.213000	0.860000	8.801000	0.567000	1.066000	2.522000	-11.798000	35.763000
50003.452950	1.117000	-19.494000	-4.253000	8.851000	0.808000	1.097000	2.090000	-7.914000	36.137000
50003.462960	4.723000	-18.673000	-12.329000	8.951000	1.434000	1.194000	2.090000	-3.907000	37.547000
50003.473210	7.818000	-16.446000	-19.415000	9.099000	2.181000	1.447000	0.874000	0.419000	37.547000
50003.482580	9.029000	-15.564000	-19.609000	9.247000	2.876000	1.735000	-0.524000	4.934000	38.278000
50003.492250	8.893000	-15.161000	-19.609000	9.207000	3.472000	1.856000	-1.446000	9.078000	38.278000
50003.503240	8.610000	-13.580000	-19.609000	8.658000	3.987000	1.781000	-3.118000	11.906000	37.480000
50003.515110	9.354000	-12.662000	-19.609000	7.554000	4.331000	1.683000	-3.843000	14.578000	36.770000
50003.522650	11.086000	-11.891000	-19.609000	6.362000	4.291000	1.728000	-4.385000	16.752000	36.244000
50003.532510	13.504000	-8.878000	-19.609000	5.589000	3.516000	1.828000	-4.385000	19.128000	36.244000
50003.541970	16.239000	-3.742000	-19.609000	5.376000	2.024000	1.816000	-4.385000	21.046000	34.645000
50003.552890	16.081000	-0.395000	-19.609000	5.400000	0.536000	1.739000	-4.385000	23.133000	33.929000
50003.565190	13.675000	0.454000	-19.609000	5.324000	-0.283000	1.684000	-4.385000	24.906000	33.929000
50003.572480	11.242000	0.983000	-19.609000	4.551000	-0.361000	1.459000	-4.971000	25.897000	32.902000
50003.582890	9.294000	1.387000	-19.609000	2.932000	0.100000	1.103000	-5.361000	25.897000	33.604000
50003.592380	7.654000	2.237000	-19.609000	1.077000	0.995000	0.804000	-5.844000	25.263000	33.911000
50003.603310	5.923000	3.191000	-19.609000	-0.281000	1.656000	0.588000	-6.407000	25.263000	33.911000
50003.613100	4.058000	3.510000	-19.609000	-0.964000	1.712000	0.371000	-6.407000	24.467000	33.911000
50003.622810	2.163000	3.246000	-19.609000	-1.194000	1.290000	0.126000	-5.918000	23.985000	34.237000
50003.633310	0.970000	2.499000	-19.609000	-1.235000	0.665000	-0.122000	-5.918000	23.985000	34.237000
50003.642610	0.600000	1.920000	-19.609000	-1.315000	0.105000	-0.290000	-5.918000	22.793000	34.759000
50003.653510	0.812000	1.615000	-19.609000	-1.553000	-0.198000	-0.353000	-5.918000	22.111000	34.759000
50003.664740	1.286000	1.441000	-19.609000	-1.899000	-0.199000	-0.319000	-5.918000	21.301000	35.652000
50003.674080	1.894000	1.119000	-19.609000	-2.272000	-0.030000	-0.251000	-5.918000	19.818000	35.652000
50003.683780	3.051000	0.512000	-19.609000	-2.458000	0.137000	-0.211000	-5.918000	18.659000	35.652000
50003.694460	4.373000	0.101000	-18.969000	-2.829000	0.175000	-0.202000	-5.918000	17.637000	35.652000
50003.702920	5.514000	0.027000	-17.420000	-3.186000	0.106000	-0.211000	-5.918000	16.461000	35.652000
50003.714030	5.956000	-0.257000	-16.161000	-3.505000	-0.118000	-0.253000	-5.918000	14.939000	35.652000
50003.724550	6.019000	-0.315000	-15.569000	-3.720000	-0.408000	-0.322000	-5.918000	13.716000	35.652000
50003.734170	6.099000	-0.372000	-15.490000	-3.808000	-0.658000	-0.431000	-6.221000	11.846000	36.663000
50003.746470	5.882000	-0.160000	-14.902000	-3.811000	-0.800000	-0.561000	-6.221000	10.185000	37.364000
50003.754830	5.901000	-0.275000	-14.187000	-3.780000	-0.879000	-0.673000	-6.221000	7.943000	37.686000
50003.774480	5.468000	-0.766000	-13.406000	-3.916000	-1.074000	-0.871000	-6.221000	4.216000	38.063000
50003.784800	5.012000	-1.115000	-12.561000	-4.093000	-1.188000	-0.978000	-6.221000	2.407000	38.507000
50003.793370	4.622000	-1.012000	-11.741000	-4.186000	-1.241000	-1.067000	-5.856000	0.347000	38.507000
50003.803590	4.442000	-0.720000	-10.580000	-4.343000	-1.275000	-1.098000	-5.471000	-1.527000	38.507000
50003.813390	4.284000	-0.536000	-9.412000	-4.437000	-1.290000	-1.143000	-4.882000	-3.222000	38.507000
50003.823920	3.572000	-0.308000	-8.324000	-4.482000	-1.323000	-1.183000	-4.225000	-5.662000	38.507000
50003.833440	2.890000	-0.022000	-7.564000	-4.489000	-1.347000	-1.251000	-3.765000	-7.743000	38.507000
50003.842230	2.781000	0.280000	-7.363000	-4.448000	-1.338000	-1.318000	-3.082000	-9.298000	38.507000
50003.852360	2.792000	0.733000	-7.451000	-4.403000	-1.296000	-1.371000	-2.601000	-11.044000	38.507000
50003.863440	2.693000	1.041000	-7.344000	-4.392000	-1.211000	-1.451000	-1.734000	-12.973000	38.507000
50003.874760	2.224000	0.810000	-7.021000	-4.427000	-1.168000	-1.547000	-1.136000	-14.695000	38.507000
50003.883730	1.131000	0.446000	-6.330000	-4.505000	-1.245000	-1.672000	-0.140000	-16.433000	38.507000
50003.892740	0.211000	0.163000	-5.363000	-4.585000	-1.376000	-1.801000	0.825000	-18.635000	37.486000
50003.902260	-0.500000	0.133000	-3.960000	-4.614000	-1.543000	-1.858000	1.557000	-20.260000	35.717000
50003.913520	-0.036000	0.748000	-2.625000	-4.606000	-1.785000	-1.845000	2.545000	-21.791000	34.603000
50003.924510	0.433000	1.494000	-1.905000	-4.549000	-2.050000	-1.815000	3.436000	-23.107000	32.746000
50003.932320	0.429000	2.017000	-1.794000	-4.416000	-2.147000	-1.726000	4.692000	-24.713000	31.604000
50003.942270	0.204000	2.530000	-2.205000	-4.223000	-2.224000	-1.649000	5.339000	-25.744000	29.769000
50003.952220	-0.144000	2.797000	-1.969000	-4.071000	-2.164000	-1.589000	5.767000	-26.998000	29.019000
50003.963420	-0.408000	2.960000	-1.468000	-4.041000	-1.953000	-1.526000	6.233000	-28.619000	27.458000
50003.972970	-0.366000	3.243000	-0.717000	-4.107000	-1.700000	-1.471000	6.233000	-29.588000	26.531000
50003.987130	-0.500000	3.483000	0.350000	-4.162000	-1.547000	-1.441000	7.427000	-30.986000	25.364000
50003.993660	-0.706000	3.653000	1.137000	-4.115000	-1.472000	-1.453000	8.093000	-31.823000	24.241000
50004.004890	-1.022000	3.820000	1.590000	-3.934000	-1.470000	-1.506000	8.558000	-32.662000	22.941000
50004.014010	-1.336000	4.075000	1.513000	-3.645000	-1.555000	-1.577000	9.663000	-33.367000	21.307000
50004.023200	-1.805000	4.055000	1.573000	-3.319000	-1.689000	-1.626000	10.696000	-34.086000	20.268000
50004.034700	-1.905000	4.070000	1.710000	-3.174000	-1.835000	-1.641000	11.180000	-34.439000	19.096000
50004.042820	-1.759000	4.256000	1.969000	-2.975000	-1.938000	-1.626000	12.393000	-34.939000	17.570000
50004.055550	-1.466000	4.465000	2.570000	-2.895000	-1.949000	-1.537000	12.786000	-34.939000	16.406000
50004.064400	-1.382000	4.678000	3.236000	-2.896000	-1.882000	-1.412000	12.786000	-35.545000	14.875000
50004.073430	-1.787000	4.621000	3.988000	-2.941000	-1.727000	-1.307000	13.517000	-36.071000	14.372000
50004.085000	-2.452000	4.322000	4.958000	-2.972000	-1.527000	-1.267000	13.517000	-36.071000	12.541000
50004.093910	-2.988000	4.210000	5.913000	-2.951000	-1.303000	-1.280000	14.537000	-36.071000	11.946000
50004.105540	-3.376000	4.144000	6.715000	-2.852000	-1.097000	-1.290000	14.537000	-36.392000	10.404000
50004.113710	-3.716000	3.907000	7.293000	-2.610000	-0.957000	-1.270000	15.370000	-36.392000	9.834000
50004.122960	-3.966000	3.834000	7.503000	-2.222000	-0.927000	-1.239000	15.370000	-36.392000	9.008000
50004.135140	-4.263000	3.873000	7.199000	-1.793000	-1.001000	-1.185000	16.227000	-36.392000	8.235000
50004.142980	-4.774000	3.853000	6.658000	-1.418000	-1.102000	-1.084000	16.532000	-36.392000	7.301000
50004.154270	-5.193000	3.597000	6.458000	-1.282000	-1.118000	-0.938000	16.532000	-36.392000	7.301000
50004.163760	-5.479000	3.221000	6.976000	-1.188000	-0.962000	-0.856000	16.532000	-36.392000	6.761000
50004.173830	-5.376000	2.913000	8.203000	-1.336000	-0.814000	-0.678000	16.532000	-36.392000	6.161000
50004.184000	-5.353000	2.629000	9.996000	-1.556000	-0.447000	-0.486000	16.947000	-36.392000	5.343000
50004.193490	-5.224000	2.333000	11.651000	-1.641000	-0.141000	-0.313000	16.947000	-36.392000	5.343000
50004.204690	-5.417000	1.752000	12.750000	-1.492000	-0.017000	-0.199000	16.947000	-36.392000	4.853000
50004.213540	-5.632000	1.098000	13.125000	-1.117000	-0.068000	-0.117000	16.947000	-36.392000	4.853000
50004.223060	-5.382000	0.462000	12.990000	-0.615000	-0.177000	-0.009000	16.947000	-36.392000	4.853000
50004.234140	-5.367000	-0.444000	12.444000	-0.124000	-0.230000	0.170000	16.947000	-36.758000	4.853000
50004.242620	-5.141000	-1.477000	12.061000	0.263000	-0.153000	0.397000	16.947000	-36.758000	5.273000
50004.254830	-4.718000	-2.250000	12.644000	0.547000	0.025000	0.630000	16.613000	-36.758000	5.659000
50004.263860	-3.537000	-2.814000	13.671000	0.737000	0.235000	0.860000	16.613000	-37.121000	6.007000
50004.273660	-2.201000	-3.575000	15.548000	0.815000	0.425000	1.084000	16.613000	-37.121000	6.007000
50004.287270	-0.818000	-4.407000	17.409000	1.027000	0.532000	1.187000	16.613000	-37.121000	6.527000
50004.293340	-0.034000	-5.054000	18.299000	1.412000	0.556000	1.373000	16.944000	-37.121000	7.141000
50004.302680	0.353000	-6.101000	17.694000	2.003000	0.562000	1.550000	16.944000	-37.121000	7.141000
50004.313630	0.492000	-7.651000	16.437000	2.756000	0.582000	1.708000	16.944000	-37.429000	8.612000
50004.322730	0.582000	-9.915000	15.790000	3.541000	0.728000	1.833000	16.944000	-37.429000	10.171000
50004.332710	1.157000	-12.273000	16.162000	4.209000	1.036000	1.932000	15.463000	-37.429000	12.216000
50004.343940	2.498000	-14.177000	17.374000	4.717000	1.407000	2.029000	14.382000	-37.429000	15.216000
50004.353160	4.198000	-15.935000	18.492000	5.194000	1.742000	2.171000	12.730000	-37.429000	17.063000
50004.363960	5.009000	-17.922000	18.666000	5.825000	1.972000	2.363000	11.695000	-36.366000	20.344000
50004.372780	4.489000	-19.525000	16.187000	6.738000	2.120000	2.498000	10.061000	-33.264000	22.970000
50004.382790	3.874000	-19.609000	11.452000	7.980000	2.258000	2.511000	8.831000	-29.776000	25.614000
50004.393620	3.712000	-19.609000	4.358000	8.674000	2.359000	2.393000	7.679000	-26.039000	28.659000
50004.404060	5.429000	-19.609000	-4.046000	9.735000	2.360000	2.293000	6.214000	-21.492000	31.124000
50004.415660	9.014000	-19.609000	-12.963000	-10.030000	2.315000	2.117000	4.858000	-17.129000	33.465000
50004.424140	10.716000	-19.609000	-19.032000	-10.030000	2.242000	2.122000	3.036000	-12.464000	35.231000
50004.433660	9.156000	-19.609000	-19.609000	-10.030000	2.464000	2.267000	1.289000	-8.329000	37.072000
50004.443820	7.918000	-19.609000	-19.609000	9.932000	3.253000	2.369000	-1.066000	-4.835000	38.540000
50004.454440	8.963000	-19.609000	-19.609000	9.403000	4.587000	2.435000	-2.853000	-0.827000	38.540000
50004.467570	12.197000	-19.609000	-19.609000	9.089000	5.473000	2.446000	-3.919000	3.585000	38.540000
50004.473030	15.904000	-19.609000	-19.609000	9.658000	4.827000	2.304000	-3.919000	9.031000	38.540000
50004.486090	15.425000	-17.641000	-19.609000	-10.030000	3.032000	2.021000	-3.919000	14.688000	37.069000
50004.494150	14.169000	-11.015000	-19.609000	-10.030000	1.524000	1.655000	-3.919000	18.441000	36.746000
50004.504280	13.878000	-5.076000	-19.609000	9.583000	1.381000	1.396000	-4.670000	21.311000	35.530000
50004.514320	14.207000	-2.017000	-19.609000	8.661000	2.140000	1.458000	-5.027000	23.104000	34.382000
50004.523780	13.557000	-1.908000	-19.609000	5.539000	2.452000	1.549000	-5.027000	23.710000	34.382000
50004.534430	12.112000	-1.203000	-19.609000	2.631000	2.526000	1.586000	-5.027000	24.012000	34.692000
50004.543430	10.693000	0.195000	-19.609000	0.986000	1.901000	1.309000	-5.027000	24.421000	34.317000
50004.553660	9.458000	2.091000	-19.609000	0.506000	0.754000	0.938000	-4.225000	24.948000	34.317000
50004.563670	8.823000	3.741000	-19.609000	0.650000	-0.460000	0.660000	-4.225000	24.948000	34.317000
50004.574100	7.426000	5.341000	-19.609000	0.697000	-0.980000	0.546000	-4.687000	24.948000	34.317000
50004.584260	5.883000	5.534000	-19.609000	0.287000	-0.457000	0.533000	-4.687000	24.534000	34.317000
50004.595340	4.553000	4.699000	-19.609000	-0.389000	0.609000	0.421000	-5.221000	24.021000	34.739000
50004.603860	2.823000	2.951000	-19.609000	-1.072000	1.312000	0.117000	-5.221000	23.423000	34.739000
50004.614320	1.630000	0.668000	-19.609000	-1.668000	1.221000	-0.294000	-4.794000	22.737000	35.856000
50004.623780	1.255000	-1.007000	-19.609000	-2.199000	0.468000	-0.617000	-4.794000	20.791000	35.856000
50004.635440	2.082000	-0.995000	-18.267000	-2.468000	-0.400000	-0.701000	-4.794000	19.816000	35.856000
50004.647740	3.479000	-0.338000	-17.159000	-2.987000	-0.693000	-0.644000	-4.794000	18.658000	36.328000
50004.654700	4.991000	0.285000	-17.983000	-3.327000	-0.910000	-0.410000	-4.794000	17.440000	36.328000
50004.665530	6.485000	0.859000	-19.491000	-3.388000	-0.795000	-0.204000	-4.794000	16.616000	36.328000
50004.673650	7.901000	1.485000	-19.609000	-3.280000	-0.556000	-0.154000	-4.794000	15.159000	36.328000
50004.685550	8.701000	1.371000	-19.609000	-3.224000	-0.313000	-0.227000	-4.794000	14.019000	36.328000
50004.693640	8.249000	0.403000	-19.609000	-3.388000	-0.089000	-0.378000	-4.794000	12.214000	37.197000
50004.703990	7.150000	-1.158000	-19.609000	-3.808000	0.053000	-0.632000	-4.794000	10.441000	37.754000
50004.714730	5.964000	-3.039000	-18.996000	-4.384000	0.070000	-0.959000	-4.794000	7.974000	38.330000
50004.723580	5.076000	-4.010000	-16.316000	-4.935000	-0.024000	-1.264000	-4.794000	5.088000	38.330000
50004.733980	5.004000	-3.691000	-14.093000	-5.297000	-0.260000	-1.481000	-4.794000	2.867000	38.330000
50004.744480	5.242000	-3.369000	-13.117000	-5.377000	-0.642000	-1.576000	-4.794000	0.476000	38.853000
50004.754130	5.080000	-2.686000	-13.000000	-5.324000	-0.987000	-1.552000	-4.794000	-1.408000	38.853000
50004.764100	4.665000	-1.743000	-13.337000	-5.141000	-1.087000	-1.535000	-4.794000	-3.768000	38.853000
50004.777140	4.139000	-1.659000	-13.525000	-4.991000	-1.169000	-1.541000	-4.429000	-5.834000	38.433000
50004.784060	3.197000	-2.549000	-12.894000	-4.995000	-1.140000	-1.572000	-3.692000	-8.186000	38.433000
50004.794590	2.275000	-3.862000	-11.152000	-5.241000	-0.990000	-1.633000	-3.005000	-10.548000	38.433000
50004.803870	1.915000	-4.769000	-8.683000	-5.703000	-0.789000	-1.761000	-1.991000	-13.150000	38.049000
50004.813510	1.853000	-5.246000	-5.708000	-6.176000	-0.736000	-1.910000	-0.735000	-15.736000	37.550000
50004.826760	1.505000	-5.263000	-2.886000	-6.435000	-0.986000	-2.028000	0.128000	-18.061000	36.549000
50004.833960	0.977000	-4.721000	-0.879000	-6.415000	-1.450000	-2.091000	1.593000	-20.645000	34.902000
50004.844400	0.634000	-4.122000	0.275000	-6.184000	-1.945000	-2.053000	2.455000	-23.255000	33.090000
50004.854310	0.481000	-3.447000	0.548000	-5.876000	-2.288000	-1.940000	3.614000	-24.784000	31.974000
50004.865060	0.341000	-2.989000	0.220000	-5.587000	-2.352000	-1.821000	4.718000	-26.481000	29.669000
50004.874330	-0.073000	-3.095000	0.107000	-5.464000	-2.220000	-1.708000	5.171000	-27.925000	27.990000
50004.885750	-0.137000	-2.864000	0.599000	-5.294000	-2.125000	-1.662000	6.022000	-30.134000	26.821000
50004.894990	0.171000	-2.173000	1.905000	-5.265000	-1.898000	-1.580000	6.781000	-31.657000	25.544000
50004.904610	0.608000	-1.763000	3.727000	-5.335000	-1.682000	-1.486000	7.151000	-32.984000	23.417000
50004.915750	0.257000	-1.665000	5.793000	-5.409000	-1.566000	-1.385000	7.588000	-34.107000	21.186000
50004.925020	-0.600000	-1.281000	7.531000	-5.424000	-1.541000	-1.354000	8.410000	-35.227000	19.725000
50004.935310	-1.359000	-1.047000	9.072000	-5.330000	-1.549000	-1.403000	9.011000	-36.729000	17.390000
50004.944680	-2.225000	-0.612000	10.286000	-5.062000	-1.592000	-1.455000	9.451000	-37.658000	15.476000
50004.954840	-2.716000	0.069000	10.746000	-4.658000	-1.645000	-1.437000	9.451000	-38.314000	14.291000
50004.964730	-3.346000	0.426000	10.662000	-4.229000	-1.627000	-1.351000	10.078000	-38.763000	12.802000
50004.974070	-3.825000	0.387000	10.511000	-3.867000	-1.485000	-1.192000	10.078000	-38.763000	11.355000
50004.986030	-4.234000	0.199000	11.018000	-3.691000	-1.121000	-0.988000	10.667000	-39.550000	9.678000
50004.994730	-4.675000	0.136000	12.233000	-3.691000	-0.566000	-0.802000	10.667000	-40.020000	8.558000
50005.005620	-5.050000	-0.152000	13.963000	-3.818000	-0.275000	-0.731000	10.667000	-40.020000	7.495000
50005.015260	-5.990000	-0.538000	16.280000	-3.911000	0.201000	-0.647000	10.667000	-40.887000	5.645000
50005.023840	-6.958000	-0.435000	18.662000	-3.736000	0.392000	-0.648000	11.004000	-40.887000	5.018000
50005.035830	-7.125000	-0.534000	19.609000	-3.209000	0.253000	-0.688000	11.004000	-40.887000	4.206000
50005.044770	-6.637000	-0.673000	18.654000	-2.359000	-0.131000	-0.673000	11.004000	-40.887000	3.381000
50005.054330	-5.429000	-0.345000	16.090000	-1.199000	-0.578000	-0.524000	11.004000	-40.887000	3.381000
50005.065280	-4.078000	0.406000	13.624000	0.149000	-0.910000	-0.214000	11.004000	-40.887000	4.258000
50005.073920	-2.401000	1.044000	11.302000	1.366000	-0.957000	0.211000	10.485000	-40.887000	5.303000
50005.086100	-1.320000	1.335000	9.255000	2.193000	-0.721000	0.620000	10.485000	-40.887000	6.495000
50005.094880	-0.523000	1.481000	8.359000	2.644000	-0.350000	0.914000	10.485000	-40.490000	7.606000
50005.104250	-0.561000	1.086000	9.566000	2.855000	0.057000	1.077000	10.485000	-40.490000	8.001000
50005.115360	-0.496000	0.038000	11.818000	2.887000	0.402000	1.115000	10.485000	-40.101000	9.532000
50005.123910	-0.309000	-1.690000	14.342000	2.815000	0.519000	1.089000	10.800000	-40.101000	10.617000
50005.144900	0.527000	-5.211000	17.074000	2.914000	0.455000	0.847000	10.800000	-40.101000	12.544000
50005.154390	1.047000	-6.758000	16.599000	3.487000	0.210000	0.755000	10.800000	-40.101000	14.521000
50005.164710	1.205000	-7.877000	14.511000	4.338000	0.055000	0.753000	10.800000	-40.101000	16.218000
50005.173990	0.481000	-9.461000	11.611000	5.292000	0.112000	0.828000	10.800000	-38.905000	18.310000
50005.187020	-0.776000	-11.368000	9.099000	6.172000	0.394000	0.934000	10.278000	-36.619000	20.741000
50005.194830	-1.637000	-13.166000	7.504000	6.832000	0.856000	1.020000	9.077000	-33.895000	23.376000
50005.204470	-1.009000	-14.174000	6.297000	7.164000	1.463000	1.122000	7.899000	-31.321000	27.580000
50005.214940	1.021000	-14.931000	5.253000	7.289000	2.087000	1.338000	6.791000	-28.810000	27.580000
50005.224740	3.597000	-15.068000	4.149000	7.504000	2.490000	1.679000	5.369000	-25.961000	30.285000
50005.235660	5.348000	-14.669000	2.279000	7.720000	2.574000	1.858000	4.104000	-22.746000	31.872000
50005.244790	5.520000	-16.124000	-1.354000	8.398000	2.489000	2.093000	3.361000	-19.151000	33.615000
50005.254130	5.251000	-19.074000	-6.233000	9.277000	2.067000	2.034000	2.542000	-15.103000	35.772000
50005.266210	4.879000	-19.609000	-13.719000	9.883000	1.515000	1.645000	1.646000	-10.848000	36.329000
50005.274820	5.051000	-19.601000	-19.554000	-10.030000	1.272000	1.151000	0.134000	-6.564000	38.240000
50005.285800	7.163000	-18.529000	-19.609000	-10.030000	1.608000	0.997000	-1.342000	-2.656000	39.027000
50005.294840	8.371000	-16.863000	-19.609000	9.702000	2.582000	1.354000	-3.247000	0.949000	38.429000
50005.304600	8.253000	-15.832000	-19.609000	8.639000	3.953000	1.977000	-4.510000	3.779000	38.429000
50005.317850	9.366000	-15.468000	-19.609000	7.428000	4.885000	2.394000	-5.264000	6.924000	38.429000
50005.324560	11.192000	-14.412000	-19.609000	6.951000	4.507000	2.367000	-4.847000	10.018000	37.780000
50005.334630	12.427000	-11.739000	-19.609000	7.347000	2.738000	2.044000	-4.847000	13.598000	36.817000
50005.344980	11.961000	-9.359000	-19.609000	8.099000	0.487000	1.643000	-4.847000	16.868000	35.585000
50005.354220	10.642000	-7.101000	-19.609000	8.361000	-0.897000	1.371000	-5.284000	19.726000	34.767000
50005.368660	10.087000	-4.565000	-19.609000	8.086000	-0.690000	1.300000	-5.595000	22.093000	34.246000
50005.374700	10.739000	-2.203000	-19.609000	6.627000	-0.073000	1.266000	-6.494000	23.843000	33.590000
50005.386110	10.945000	-1.006000	-19.609000	4.462000	1.490000	1.349000	-6.494000	23.843000	33.590000
50005.395450	9.845000	-0.478000	-19.609000	2.572000	2.481000	1.376000	-7.048000	24.726000	33.590000
50005.404880	8.123000	0.219000	-19.609000	1.490000	2.374000	1.150000	-7.048000	25.527000	33.282000
50005.417060	6.784000	1.158000	-19.609000	1.046000	1.371000	0.698000	-6.742000	25.527000	32.977000
50005.425660	6.159000	2.084000	-19.609000	0.823000	0.154000	0.282000	-6.742000	25.527000	32.977000
50005.436350	5.534000	2.790000	-19.609000	0.448000	-0.560000	0.104000	-6.286000	25.527000	33.384000
50005.445840	4.765000	2.632000	-19.609000	-0.168000	-0.558000	0.108000	-6.286000	25.146000	33.384000
50005.455450	4.218000	2.389000	-19.609000	-0.832000	-0.072000	0.128000	-6.286000	24.450000	33.772000
50005.474860	4.072000	1.627000	-19.609000	-1.719000	0.724000	-0.095000	-6.378000	23.054000	34.223000
50005.484500	4.243000	0.629000	-19.609000	-1.876000	0.628000	-0.166000	-6.378000	22.195000	34.223000
50005.496560	5.038000	-0.187000	-19.609000	-2.234000	0.482000	-0.278000	-6.378000	21.032000	35.147000
50005.505190	5.726000	-0.932000	-19.609000	-2.671000	0.124000	-0.341000	-6.378000	19.476000	35.147000
50005.515050	6.674000	-0.782000	-19.609000	-3.095000	-0.152000	-0.364000	-6.701000	18.310000	35.147000
50005.525180	7.687000	-0.059000	-19.609000	-3.413000	-0.234000	-0.380000	-6.701000	17.451000	35.147000
50005.534490	8.255000	0.023000	-19.367000	-3.624000	-0.196000	-0.420000	-6.701000	15.966000	35.678000
50005.546970	7.778000	-0.452000	-18.513000	-3.810000	-0.181000	-0.542000	-6.701000	14.187000	36.326000
50005.555210	6.816000	-1.462000	-17.898000	-4.003000	-0.235000	-0.776000	-6.701000	12.438000	37.005000
50005.565190	6.047000	-2.532000	-17.211000	-4.204000	-0.301000	-1.026000	-7.011000	10.174000	37.483000
50005.574930	5.495000	-3.297000	-16.542000	-4.432000	-0.321000	-1.186000	-7.011000	7.798000	37.934000
50005.585210	5.198000	-3.394000	-15.890000	-4.661000	-0.336000	-1.250000	-7.011000	5.656000	38.389000
50005.593880	5.327000	-2.718000	-15.488000	-4.753000	-0.382000	-1.254000	-7.011000	3.442000	38.078000
50005.603890	5.915000	-1.904000	-14.340000	-4.884000	-0.404000	-1.215000	-7.011000	1.435000	38.511000
50005.613900	6.144000	-1.174000	-12.531000	-4.993000	-0.408000	-1.162000	-7.011000	-0.949000	39.009000
50005.626470	6.196000	-0.824000	-10.801000	-5.131000	-0.396000	-1.197000	-6.683000	-2.838000	38.391000
50005.635600	5.296000	-1.466000	-9.471000	-5.259000	-0.444000	-1.351000	-6.683000	-5.780000	38.391000
50005.646490	3.771000	-2.189000	-9.014000	-5.336000	-0.544000	-1.610000	-6.683000	-7.659000	38.058000
50005.654390	2.328000	-3.099000	-8.748000	-5.349000	-0.621000	-1.901000	-6.361000	-9.785000	37.709000
50005.665230	1.205000	-3.847000	-8.060000	-5.321000	-0.648000	-2.098000	-6.361000	-12.413000	37.709000
50005.675510	0.678000	-3.683000	-7.162000	-5.300000	-0.689000	-2.152000	-5.969000	-14.196000	37.709000
50005.684510	0.834000	-2.898000	-5.777000	-5.296000	-0.808000	-2.069000	-5.123000	-16.598000	37.709000
50005.693980	1.422000	-2.131000	-4.241000	-5.293000	-0.954000	-1.899000	-4.100000	-18.635000	37.709000
50005.703990	1.539000	-1.216000	-3.169000	-5.292000	-1.080000	-1.754000	-3.247000	-20.465000	36.361000
50005.713990	1.274000	-1.116000	-2.645000	-5.286000	-1.152000	-1.715000	-2.166000	-22.277000	34.764000
50005.726200	0.416000	-1.119000	-2.270000	-5.256000	-1.151000	-1.708000	-1.411000	-24.200000	32.937000
50005.734660	-0.211000	-0.774000	-2.075000	-5.227000	-1.031000	-1.761000	-0.729000	-26.029000	31.390000
50005.745370	-0.524000	-0.549000	-1.507000	-5.191000	-0.788000	-1.820000	0.086000	-27.850000	30.136000
50005.754890	-0.770000	-0.369000	-0.443000	-5.091000	-0.594000	-1.845000	0.518000	-29.379000	28.222000
50005.766580	-1.042000	-0.057000	0.584000	-4.902000	-0.578000	-1.881000	1.483000	-30.810000	27.745000
50005.775670	-1.275000	0.308000	1.446000	-4.601000	-0.786000	-1.930000	2.340000	-31.718000	25.221000
50005.784890	-1.409000	0.496000	2.498000	-4.243000	-1.151000	-1.942000	3.587000	-32.926000	24.296000
50005.796610	-1.526000	1.048000	3.312000	-3.949000	-1.491000	-1.888000	4.386000	-33.854000	22.845000
50005.805850	-1.666000	1.766000	3.721000	-3.788000	-1.689000	-1.763000	5.090000	-34.684000	21.420000
50005.815920	-2.080000	2.184000	3.885000	-3.714000	-1.684000	-1.589000	5.860000	-35.803000	20.094000
50005.826640	-2.342000	2.444000	4.363000	-3.655000	-1.485000	-1.425000	5.860000	-36.274000	19.329000
50005.835550	-2.530000	2.591000	5.283000	-3.625000	-1.203000	-1.357000	6.481000	-36.721000	18.153000
50005.845500	-2.762000	2.626000	6.432000	-3.571000	-1.069000	-1.246000	7.005000	-37.936000	16.860000
50005.858160	-3.004000	2.780000	7.605000	-3.510000	-0.865000	-1.166000	7.560000	-38.467000	15.481000
50005.866250	-3.172000	3.016000	8.379000	-3.394000	-0.750000	-1.100000	7.560000	-38.911000	13.934000
50005.875370	-3.548000	2.849000	8.855000	-3.181000	-0.691000	-1.040000	8.035000	-38.911000	13.386000
50005.884920	-4.106000	2.666000	9.389000	-2.855000	-0.673000	-0.988000	8.377000	-39.218000	11.834000
50005.896830	-4.633000	2.786000	10.384000	-2.457000	-0.680000	-0.931000	8.734000	-39.759000	11.834000
50005.907930	-4.641000	2.857000	11.604000	-2.060000	-0.715000	-0.818000	8.734000	-39.759000	10.876000
50005.915560	-4.468000	2.724000	13.072000	-1.707000	-0.793000	-0.657000	8.734000	-40.255000	10.224000
50005.925660	-4.507000	2.300000	14.536000	-1.385000	-0.851000	-0.498000	8.734000	-40.255000	9.144000
50005.935250	-4.566000	1.741000	15.179000	-1.029000	-0.788000	-0.358000	9.036000	-40.255000	9.144000
50005.945680	-4.480000	1.144000	14.894000	-0.575000	-0.648000	-0.212000	9.036000	-40.255000	9.144000
50005.955690	-4.271000	0.475000	14.205000	-0.312000	-0.482000	-0.128000	9.036000	-40.255000	9.788000
50005.966130	-4.005000	-0.031000	14.397000	0.246000	-0.387000	0.059000	8.642000	-40.255000	9.788000
50005.976200	-3.290000	-0.978000	15.782000	0.747000	-0.195000	0.243000	8.642000	-39.785000	10.684000
50005.984440	-2.091000	-2.156000	17.888000	1.125000	-0.045000	0.389000	8.642000	-39.785000	10.684000
50005.995610	-0.985000	-3.082000	19.565000	1.482000	-0.026000	0.473000	8.642000	-39.785000	11.091000
50006.004220	-0.288000	-4.297000	19.609000	2.037000	-0.130000	0.500000	8.642000	-39.384000	12.442000
50006.015200	-0.357000	-6.163000	19.609000	2.920000	-0.267000	0.487000	8.642000	-39.384000	13.745000
50006.024720	-0.536000	-8.204000	18.546000	4.066000	-0.380000	0.443000	8.642000	-39.384000	15.159000
50006.036630	-0.655000	-9.609000	16.413000	5.267000	-0.346000	0.401000	8.642000	-39.384000	17.776000
50006.046880	-0.810000	-10.559000	14.278000	6.289000	-0.130000	0.426000	8.642000	-37.252000	19.386000
50006.056130	-0.530000	-11.905000	12.632000	6.960000	0.194000	0.543000	8.642000	-34.642000	22.557000
50006.066350	-0.362000	-12.953000	11.216000	7.237000	0.652000	0.702000	8.642000	-32.104000	24.496000
50006.076150	0.374000	-13.708000	9.401000	7.273000	1.274000	0.790000	8.642000	-29.216000	26.722000
50006.087930	1.032000	-14.502000	7.175000	7.364000	1.609000	0.985000	7.641000	-26.661000	29.330000
50006.095650	1.213000	-16.270000	3.909000	7.698000	2.166000	1.159000	5.749000	-23.248000	31.292000
50006.106180	1.213000	-18.394000	0.270000	8.326000	2.396000	1.209000	4.977000	-19.615000	32.742000
50006.116250	1.243000	-19.563000	-4.666000	9.113000	2.283000	1.111000	4.026000	-15.644000	34.521000
50006.126470	2.971000	-19.488000	-11.787000	9.744000	2.060000	1.000000	2.781000	-11.418000	36.221000
50006.134620	5.629000	-17.517000	-18.823000	9.984000	2.011000	1.090000	1.354000	-7.502000	37.722000
50006.146370	7.693000	-15.403000	-19.609000	9.877000	2.407000	1.465000	-0.642000	-3.822000	38.957000
50006.155520	8.226000	-14.319000	-19.609000	9.334000	3.327000	1.944000	-1.956000	-0.090000	38.417000
50006.165870	7.807000	-13.458000	-19.609000	8.468000	4.343000	2.273000	-2.658000	3.051000	39.024000
50006.175510	9.479000	-12.265000	-19.609000	7.718000	4.766000	2.340000	-3.399000	6.585000	39.024000
50006.184610	11.566000	-9.904000	-19.609000	7.412000	4.073000	2.172000	-3.399000	9.582000	37.969000
50006.195990	11.977000	-9.841000	-19.609000	7.430000	2.287000	2.011000	-3.059000	12.770000	37.294000
50006.206000	11.041000	-10.391000	-19.609000	7.586000	1.207000	1.538000	-3.059000	15.351000	36.534000
50006.216890	10.690000	-8.095000	-19.609000	7.389000	-0.522000	1.007000	-3.514000	17.707000	36.198000
50006.225620	11.901000	-4.112000	-19.609000	6.410000	-0.866000	0.766000	-4.243000	18.968000	36.198000
50006.234590	13.652000	-0.557000	-19.609000	4.831000	0.064000	1.006000	-4.243000	20.251000	35.627000
50006.246040	13.218000	1.565000	-19.609000	3.195000	1.382000	1.391000	-4.766000	21.034000	35.627000
50006.254710	10.995000	2.183000	-19.609000	1.970000	2.284000	1.411000	-4.766000	21.730000	34.977000
50006.267860	8.580000	2.195000	-19.609000	1.362000	2.254000	0.970000	-4.766000	22.326000	34.977000
50006.275340	6.999000	2.532000	-19.609000	1.140000	1.348000	0.365000	-4.766000	22.828000	34.977000
50006.284640	5.701000	3.081000	-19.609000	0.806000	0.295000	-0.082000	-4.766000	22.828000	35.346000
50006.296000	4.351000	3.256000	-19.609000	0.123000	-0.232000	-0.250000	-4.766000	22.326000	35.346000
50006.306040	3.105000	3.298000	-19.609000	-0.695000	-0.149000	-0.254000	-5.209000	21.714000	35.716000
50006.315590	2.036000	2.808000	-19.609000	-1.056000	0.269000	-0.247000	-5.209000	20.523000	35.716000
50006.325540	1.459000	2.097000	-19.609000	-1.587000	0.493000	-0.261000	-5.209000	20.021000	36.070000
50006.335730	1.480000	1.700000	-19.609000	-1.894000	0.780000	-0.321000	-4.652000	19.256000	36.070000
50006.347170	2.059000	1.334000	-19.609000	-2.085000	0.745000	-0.398000	-4.652000	18.096000	36.070000
50006.356480	2.897000	0.838000	-19.609000	-2.259000	0.413000	-0.439000	-4.998000	17.184000	36.070000
50006.366280	3.728000	0.322000	-19.224000	-2.494000	-0.044000	-0.447000	-4.998000	16.165000	36.070000
50006.376750	4.629000	0.129000	-18.485000	-2.830000	-0.389000	-0.433000	-4.998000	15.165000	36.070000
50006.386080	5.627000	0.517000	-17.679000	-3.222000	-0.500000	-0.400000	-4.998000	13.803000	36.070000
50006.398200	6.157000	0.940000	-16.891000	-3.580000	-0.405000	-0.356000	-5.375000	12.515000	36.070000
50006.405550	6.300000	0.758000	-16.173000	-3.832000	-0.213000	-0.354000	-5.375000	10.833000	36.639000
50006.415930	6.129000	0.357000	-15.036000	-3.948000	-0.103000	-0.462000	-5.375000	8.741000	37.425000
50006.425570	5.546000	-0.079000	-13.971000	-3.982000	-0.143000	-0.654000	-5.375000	6.932000	37.425000
50006.434760	5.006000	-0.646000	-13.478000	-3.990000	-0.286000	-0.761000	-5.375000	5.094000	37.905000
50006.447000	4.462000	-0.909000	-13.470000	-4.000000	-0.385000	-0.960000	-5.375000	3.343000	38.607000
50006.454750	3.938000	-1.128000	-13.790000	-4.012000	-0.571000	-1.107000	-5.375000	1.637000	38.607000
50006.464790	3.804000	-1.182000	-14.230000	-4.056000	-0.643000	-1.193000	-5.375000	-0.262000	38.607000
50006.474680	4.272000	-0.448000	-14.065000	-4.154000	-0.587000	-1.215000	-5.375000	-2.435000	38.241000
50006.484690	4.521000	0.402000	-13.446000	-4.319000	-0.466000	-1.188000	-5.375000	-4.521000	38.241000
50006.494700	4.264000	0.521000	-12.288000	-4.512000	-0.401000	-1.162000	-5.375000	-6.495000	38.241000
50006.504710	3.621000	0.200000	-10.687000	-4.671000	-0.443000	-1.195000	-5.375000	-8.366000	38.241000
50006.514720	2.729000	-0.460000	-8.862000	-4.797000	-0.551000	-1.309000	-5.018000	-10.502000	38.241000
50006.524720	2.009000	-0.666000	-6.964000	-4.908000	-0.711000	-1.480000	-5.018000	-12.559000	38.241000
50006.534830	1.689000	-0.747000	-5.392000	-4.959000	-0.925000	-1.644000	-4.635000	-14.591000	38.241000
50006.546420	1.647000	-0.518000	-4.190000	-4.901000	-1.162000	-1.750000	-3.956000	-16.615000	38.241000
50006.557070	1.716000	0.089000	-3.187000	-4.830000	-1.413000	-1.783000	-3.027000	-18.057000	38.241000
50006.566170	1.399000	0.529000	-2.513000	-4.636000	-1.545000	-1.812000	-1.144000	-19.837000	35.975000
50006.578770	0.211000	0.399000	-2.310000	-4.451000	-1.789000	-1.805000	-0.044000	-21.383000	34.863000
50006.585300	-0.977000	-0.080000	-2.359000	-4.362000	-1.903000	-1.797000	1.127000	-23.187000	32.966000
50006.607400	-2.003000	0.156000	-1.519000	-4.625000	-1.431000	-1.760000	2.247000	-26.280000	30.476000
50006.616920	-1.481000	0.900000	-0.145000	-4.897000	-0.920000	-1.653000	3.094000	-28.384000	29.385000
50006.634920	-0.722000	2.128000	2.536000	-4.907000	-0.334000	-1.406000	3.874000	-31.060000	26.177000
50006.647500	-0.756000	2.661000	2.844000	-4.511000	-0.556000	-1.429000	4.916000	-31.791000	25.184000
50006.655830	-1.315000	2.925000	2.772000	-3.948000	-0.981000	-1.526000	5.603000	-32.533000	24.044000
50006.665870	-2.230000	2.763000	2.666000	-3.367000	-1.437000	-1.599000	6.729000	-33.642000	23.075000
50006.676150	-2.889000	2.696000	2.638000	-3.130000	-1.749000	-1.609000	7.128000	-34.492000	22.180000
50006.685890	-2.994000	2.860000	3.026000	-2.857000	-1.808000	-1.578000	7.807000	-34.941000	21.383000
50006.697550	-2.872000	3.308000	3.549000	-2.847000	-1.715000	-1.448000	8.168000	-35.676000	19.720000
50006.706370	-2.780000	3.646000	4.085000	-2.986000	-1.435000	-1.223000	8.168000	-36.437000	18.684000
50006.715890	-2.875000	3.794000	5.025000	-3.127000	-1.095000	-1.004000	8.772000	-37.266000	18.180000
50006.736490	-3.496000	3.795000	7.302000	-3.144000	-0.573000	-0.783000	9.266000	-37.707000	15.299000
50006.746280	-3.779000	3.767000	8.076000	-3.010000	-0.492000	-0.772000	9.666000	-38.586000	14.137000
50006.757640	-4.106000	3.765000	8.396000	-2.718000	-0.580000	-0.773000	9.666000	-38.586000	13.722000
50006.765810	-4.356000	3.714000	8.523000	-2.290000	-0.751000	-0.747000	9.973000	-38.999000	12.658000
50006.776220	-4.592000	3.540000	8.973000	-1.836000	-0.902000	-0.700000	10.328000	-38.673000	11.820000
50006.786230	-4.673000	3.331000	9.731000	-1.450000	-1.013000	-0.619000	10.328000	-38.673000	11.280000
50006.797220	-4.502000	3.127000	10.746000	-1.292000	-1.081000	-0.564000	10.328000	-39.328000	10.670000
50006.809640	-4.236000	2.815000	11.973000	-1.032000	-1.091000	-0.430000	10.676000	-39.328000	10.256000
50006.816900	-4.050000	2.382000	13.262000	-0.838000	-1.046000	-0.254000	10.676000	-39.328000	10.256000
50006.826480	-3.748000	1.829000	14.466000	-0.678000	-0.887000	-0.041000	10.676000	-39.328000	10.256000
50006.836520	-3.370000	1.235000	15.871000	-0.477000	-0.629000	0.169000	10.676000	-39.328000	10.256000
50006.846350	-2.729000	0.829000	17.138000	-0.136000	-0.344000	0.335000	10.273000	-39.328000	10.256000
50006.856300	-2.269000	0.275000	17.705000	0.379000	-0.150000	0.458000	10.273000	-39.006000	11.303000
50006.865270	-1.720000	-0.481000	17.801000	1.032000	-0.117000	0.530000	10.273000	-39.006000	11.303000
50006.876650	-1.575000	-1.533000	17.846000	1.758000	-0.188000	0.537000	10.273000	-39.006000	12.698000
50006.886910	-1.797000	-2.801000	17.737000	2.480000	-0.240000	0.498000	10.273000	-39.006000	13.250000
50006.896580	-1.879000	-4.116000	17.290000	3.166000	-0.232000	0.447000	10.614000	-39.006000	14.361000
50006.905740	-1.418000	-5.701000	16.723000	3.840000	-0.131000	0.429000	10.614000	-39.006000	14.968000
50006.915930	-0.314000	-7.046000	16.188000	4.184000	0.071000	0.444000	10.614000	-39.006000	16.868000
50006.925760	0.696000	-8.135000	15.474000	4.869000	0.193000	0.522000	10.614000	-38.401000	18.957000
50006.937960	0.957000	-9.297000	14.419000	5.503000	0.461000	0.652000	10.614000	-35.786000	20.727000
50006.946080	1.188000	-10.882000	12.646000	6.100000	0.768000	0.794000	10.614000	-33.178000	23.536000
50006.956520	1.123000	-12.816000	10.483000	6.699000	1.064000	0.862000	10.614000	-30.519000	25.723000
50006.965670	0.937000	-15.122000	8.386000	7.349000	1.308000	0.799000	9.910000	-27.418000	28.253000
50006.976660	0.900000	-18.010000	5.838000	8.052000	1.459000	0.623000	9.117000	-23.999000	30.850000
50006.989600	2.473000	-19.597000	2.951000	8.708000	1.507000	0.462000	7.809000	-20.562000	32.395000
50006.997560	4.379000	-19.609000	-1.428000	9.224000	1.603000	0.455000	6.774000	-16.470000	33.886000
50007.013250	6.017000	-19.609000	-7.763000	9.629000	1.909000	0.666000	5.473000	-12.510000	35.087000
50007.016640	7.210000	-19.609000	-13.702000	9.905000	2.449000	1.056000	4.194000	-8.489000	37.080000
50007.027290	9.574000	-19.609000	-17.817000	-10.030000	3.120000	1.413000	1.799000	-4.220000	37.852000
50007.037080	11.840000	-19.609000	-19.609000	-10.030000	3.618000	1.523000	0.000000	0.460000	38.267000
50007.047250	12.922000	-19.609000	-19.609000	9.982000	3.764000	1.481000	0.000000	4.425000	38.642000
50007.058200	13.070000	-19.609000	-19.609000	9.965000	3.707000	1.269000	-1.646000	9.126000	37.826000
50007.066470	12.248000	-19.597000	-19.609000	9.948000	3.493000	1.016000	-1.646000	12.983000	37.826000
50007.078680	10.849000	-16.795000	-19.609000	9.719000	3.510000	0.877000	-3.289000	16.804000	36.260000
50007.086340	10.569000	-12.173000	-19.609000	8.996000	3.689000	0.883000	-3.752000	19.674000	35.139000
50007.097390	11.381000	-8.215000	-19.609000	8.032000	3.486000	1.016000	-3.752000	23.152000	34.094000
50007.107310	11.299000	-6.708000	-19.609000	7.123000	2.631000	1.162000	-3.752000	24.836000	33.554000
50007.118020	10.494000	-6.483000	-19.609000	6.056000	1.517000	1.126000	-3.752000	26.348000	32.792000
50007.127570	9.311000	-5.306000	-19.609000	4.706000	0.630000	0.862000	-3.752000	27.238000	32.386000
50007.137700	8.211000	-3.352000	-19.609000	3.405000	-0.011000	0.525000	-4.101000	28.428000	31.846000
50007.146980	7.344000	-1.067000	-19.609000	2.341000	-0.253000	0.318000	-4.101000	28.428000	31.846000
50007.157510	6.697000	0.959000	-19.609000	1.423000	0.117000	0.272000	-4.960000	28.428000	31.413000
50007.178010	5.961000	2.322000	-19.609000	0.171000	1.278000	0.222000	-5.393000	28.428000	32.391000
50007.186380	4.619000	2.290000	-19.609000	-0.558000	1.406000	0.089000	-5.924000	27.362000	32.731000
50007.197270	2.687000	1.112000	-19.609000	-1.212000	1.381000	-0.141000	-5.924000	26.287000	33.088000
50007.208140	1.736000	-0.333000	-19.609000	-1.826000	1.028000	-0.395000	-5.924000	25.775000	33.491000
50007.216990	1.563000	-1.249000	-19.609000	-2.408000	0.568000	-0.529000	-5.557000	24.501000	34.100000
50007.227240	1.558000	-1.282000	-19.243000	-2.879000	0.216000	-0.511000	-5.557000	23.237000	34.100000
50007.236430	1.964000	-0.900000	-19.444000	-3.093000	0.029000	-0.436000	-5.557000	22.378000	34.756000
50007.246340	2.580000	-0.378000	-19.609000	-3.055000	0.000000	-0.357000	-5.557000	21.224000	35.131000
50007.256540	3.315000	0.136000	-19.609000	-3.002000	0.108000	-0.294000	-5.557000	20.060000	35.131000
50007.265540	4.586000	0.535000	-19.609000	-3.126000	0.211000	-0.274000	-5.557000	19.061000	35.131000
50007.276770	5.502000	1.049000	-19.609000	-3.250000	0.200000	-0.288000	-5.557000	17.539000	35.728000
50007.286870	5.891000	0.678000	-19.609000	-3.557000	0.159000	-0.372000	-5.557000	15.814000	36.502000
50007.298860	5.804000	-0.919000	-19.596000	-3.920000	0.082000	-0.542000	-5.888000	13.825000	37.512000
50007.306860	5.408000	-2.577000	-17.633000	-4.376000	0.060000	-0.789000	-5.888000	11.264000	37.849000
50007.315590	4.739000	-3.380000	-13.639000	-4.872000	0.043000	-1.034000	-5.888000	8.720000	38.513000
50007.326850	4.193000	-3.156000	-11.244000	-5.183000	-0.082000	-1.188000	-6.246000	6.982000	38.513000
50007.338200	3.347000	-2.604000	-10.558000	-5.077000	-0.392000	-1.245000	-6.246000	5.067000	38.941000
50007.348760	3.488000	-1.768000	-10.681000	-4.589000	-0.754000	-1.252000	-6.246000	2.993000	38.941000
50007.356480	4.126000	-0.751000	-11.092000	-4.044000	-1.004000	-1.203000	-6.246000	1.387000	39.283000
50007.365610	4.839000	0.105000	-11.264000	-3.712000	-1.104000	-1.107000	-6.246000	-0.102000	39.283000
50007.378240	4.656000	0.513000	-11.459000	-3.683000	-1.074000	-1.033000	-6.246000	-1.683000	39.596000
50007.386880	4.014000	0.157000	-11.961000	-3.902000	-0.920000	-1.042000	-6.246000	-4.034000	39.237000
50007.397800	3.288000	-0.181000	-12.028000	-4.059000	-0.661000	-1.082000	-6.246000	-6.201000	39.237000
50007.408300	2.623000	-0.500000	-11.188000	-4.403000	-0.496000	-1.182000	-6.246000	-8.175000	38.693000
50007.416970	2.747000	-1.120000	-9.189000	-4.742000	-0.184000	-1.281000	-6.246000	-10.202000	38.377000
50007.427560	2.807000	-0.992000	-6.640000	-5.007000	-0.138000	-1.396000	-5.836000	-12.446000	38.377000
50007.436930	2.440000	-0.583000	-4.583000	-5.107000	-0.436000	-1.534000	-5.836000	-14.567000	38.377000
50007.447910	2.022000	-0.599000	-3.038000	-4.948000	-0.929000	-1.666000	-4.393000	-16.203000	38.699000
50007.458320	1.195000	-0.760000	-2.121000	-4.621000	-1.437000	-1.764000	-3.384000	-17.730000	38.699000
50007.466920	0.504000	-0.560000	-1.971000	-4.318000	-1.776000	-1.820000	-2.047000	-19.432000	37.359000
50007.479130	0.232000	-0.101000	-2.381000	-4.100000	-1.909000	-1.788000	-1.042000	-21.166000	36.346000
50007.487010	0.235000	0.718000	-2.717000	-3.981000	-1.872000	-1.653000	0.053000	-22.576000	34.519000
50007.497810	0.379000	1.595000	-2.996000	-3.971000	-1.663000	-1.502000	0.529000	-24.339000	34.519000
50007.508370	-0.130000	1.955000	-2.971000	-4.040000	-1.381000	-1.388000	0.529000	-25.593000	32.638000
50007.516820	-0.778000	1.756000	-2.497000	-4.102000	-1.124000	-1.354000	1.448000	-27.307000	31.277000
50007.529210	-1.229000	1.155000	-1.034000	-4.292000	-1.013000	-1.349000	2.191000	-29.022000	29.943000
50007.536290	-1.552000	0.809000	1.491000	-4.545000	-0.824000	-1.403000	2.507000	-30.076000	28.680000
50007.546580	-1.918000	0.884000	4.011000	-4.752000	-0.699000	-1.465000	3.327000	-31.489000	27.197000
50007.558450	-2.592000	1.076000	5.653000	-4.732000	-0.752000	-1.493000	3.715000	-32.431000	25.590000
50007.567080	-3.145000	1.793000	6.799000	-4.384000	-1.050000	-1.466000	4.881000	-33.813000	23.605000
50007.576880	-3.385000	2.620000	7.120000	-3.795000	-1.392000	-1.390000	5.572000	-34.664000	23.605000
50007.587100	-3.692000	3.151000	6.713000	-3.131000	-1.636000	-1.245000	5.572000	-35.026000	21.792000
50007.597110	-4.195000	3.603000	6.063000	-2.526000	-1.766000	-1.045000	6.259000	-35.581000	21.286000
50007.607240	-4.610000	4.006000	5.395000	-2.117000	-1.672000	-0.808000	6.259000	-35.581000	20.945000
50007.616370	-4.649000	4.543000	4.530000	-1.956000	-1.295000	-0.535000	6.259000	-36.738000	20.314000
50007.627330	-3.882000	5.327000	3.995000	-1.981000	-0.753000	-0.235000	5.758000	-37.403000	19.116000
50007.635900	-3.190000	6.171000	4.051000	-2.034000	-0.157000	-0.089000	5.758000	-37.403000	18.811000
50007.645910	-2.517000	6.835000	4.359000	-2.154000	0.118000	0.146000	5.758000	-38.066000	17.993000
50007.657930	-1.969000	7.226000	4.665000	-2.176000	0.490000	0.244000	5.430000	-38.066000	17.388000
50007.665960	-1.872000	7.346000	4.764000	-2.012000	0.495000	0.181000	5.430000	-38.795000	17.060000
50007.676890	-2.203000	7.250000	4.714000	-1.697000	0.206000	-0.001000	5.430000	-38.795000	16.075000
50007.686250	-2.920000	7.117000	4.425000	-1.361000	-0.161000	-0.212000	5.430000	-38.795000	15.653000
50007.696910	-3.664000	6.934000	4.113000	-1.143000	-0.458000	-0.369000	5.914000	-38.795000	15.653000
50007.709660	-4.037000	7.001000	4.017000	-1.085000	-0.566000	-0.421000	5.914000	-39.270000	14.540000
50007.715980	-4.160000	7.318000	4.116000	-1.132000	-0.473000	-0.347000	5.914000	-39.270000	14.540000
50007.728370	-3.730000	7.645000	4.669000	-1.187000	-0.281000	-0.196000	5.914000	-39.602000	14.540000
50007.736910	-3.264000	8.003000	5.319000	-1.190000	-0.108000	-0.046000	5.914000	-39.602000	14.015000
50007.746920	-2.851000	8.314000	5.526000	-1.125000	-0.027000	0.049000	6.272000	-39.602000	14.015000
50007.758610	-2.830000	8.446000	5.035000	-1.057000	-0.026000	0.076000	6.272000	-39.602000	13.137000
50007.766970	-3.195000	8.352000	4.269000	-0.862000	-0.041000	0.100000	6.272000	-39.921000	13.137000
50007.777470	-3.618000	8.267000	3.718000	-0.650000	-0.036000	0.097000	6.272000	-39.921000	13.137000
50007.786960	-3.925000	8.229000	3.279000	-0.487000	0.078000	0.107000	6.272000	-39.921000	13.137000
50007.797460	-3.841000	8.301000	2.587000	-0.380000	0.237000	0.166000	6.272000	-39.921000	13.137000
50007.808720	-3.478000	8.581000	2.163000	-0.290000	0.374000	0.267000	6.272000	-39.558000	13.137000
50007.817510	-2.981000	8.790000	2.030000	-0.175000	0.476000	0.384000	6.272000	-39.558000	13.137000
50007.827980	-2.660000	9.005000	1.987000	-0.012000	0.496000	0.472000	6.272000	-39.941000	13.137000
50007.838110	-2.362000	9.102000	1.731000	0.179000	0.376000	0.503000	6.272000	-39.941000	13.137000
50007.846590	-2.348000	9.080000	1.465000	0.356000	0.148000	0.494000	6.272000	-39.941000	13.137000
50007.857370	-2.260000	9.120000	1.168000	0.456000	-0.059000	0.470000	6.272000	-40.350000	13.137000
50007.867190	-2.167000	9.264000	0.813000	0.452000	-0.130000	0.478000	6.272000	-40.350000	13.137000
50007.876170	-2.040000	9.372000	0.671000	0.414000	-0.079000	0.497000	6.272000	-40.350000	13.137000
50007.889200	-1.745000	9.506000	0.508000	0.289000	-0.019000	0.540000	6.272000	-40.350000	13.137000
50007.896980	-1.298000	9.878000	0.255000	0.161000	0.142000	0.570000	5.844000	-40.687000	13.137000
50007.907420	-0.882000	10.232000	0.235000	0.083000	0.267000	0.579000	5.844000	-40.687000	13.137000
50007.917580	-0.706000	10.420000	0.455000	0.059000	0.309000	0.551000	5.540000	-40.687000	13.137000
50007.927560	-0.619000	10.378000	0.852000	0.064000	0.256000	0.479000	5.540000	-40.687000	13.137000
50007.936800	-0.970000	10.101000	1.432000	0.071000	0.109000	0.354000	5.216000	-40.687000	13.137000
50007.946660	-1.257000	9.797000	1.940000	0.060000	-0.058000	0.204000	5.216000	-40.687000	13.137000
50007.957220	-1.550000	9.427000	2.412000	0.046000	-0.181000	0.075000	4.891000	-40.687000	13.137000
50007.966310	-1.910000	9.261000	2.778000	0.047000	-0.252000	-0.007000	4.891000	-40.687000	13.137000
50007.977420	-2.165000	9.276000	2.614000	0.086000	-0.236000	-0.036000	4.576000	-40.687000	13.137000
50007.988040	-2.176000	9.448000	2.168000	0.161000	-0.167000	-0.006000	4.576000	-40.687000	13.137000
50007.996560	-2.115000	9.738000	1.672000	0.203000	-0.075000	0.032000	4.576000	-40.687000	13.137000
50008.008890	-2.107000	9.889000	0.925000	0.266000	-0.009000	0.115000	4.154000	-40.687000	13.137000
50008.019810	-2.068000	9.915000	0.333000	0.280000	0.150000	0.176000	4.154000	-40.687000	13.137000
50008.027930	-2.009000	9.913000	0.280000	0.254000	0.289000	0.204000	4.154000	-40.687000	13.481000
50008.036750	-2.027000	9.780000	0.575000	0.199000	0.374000	0.195000	3.770000	-40.687000	13.481000
50008.046270	-2.106000	9.498000	1.040000	0.128000	0.388000	0.140000	3.770000	-40.687000	13.481000
