0.000000	16.198000	5.388000	2.398000	-1.199000	9.745000	1.859000	-38.240000	13.096000	15.151000
0.012120	18.978000	6.095000	2.811000	-1.630000	10.004000	2.775000	-41.610000	13.858000	6.581000
0.021060	19.608000	5.195000	5.672000	-2.352000	10.000000	3.538000	-41.990000	14.552000	-1.007000
0.032750	19.608000	4.366000	9.677000	-3.050000	10.000000	3.979000	-41.639000	15.516000	-9.072000
0.040100	19.608000	3.163000	12.270000	-3.219000	10.000000	4.116000	-39.843000	17.150000	-15.776000
0.051240	19.608000	2.495000	11.402000	-2.517000	10.000000	4.040000	-37.153000	18.730000	-21.505000
0.059910	19.608000	2.616000	7.785000	-1.843000	10.000000	3.905000	-34.559000	20.086000	-26.705000
0.069950	19.531000	2.811000	3.770000	-0.077000	10.000000	3.388000	-31.138000	20.086000	-31.979000
0.079930	16.272000	3.200000	-0.323000	1.673000	10.000000	2.554000	-28.211000	19.689000	-35.995000
0.090120	10.713000	4.277000	-4.183000	2.763000	10.000000	1.538000	-25.949000	19.386000	-38.935000
0.100010	4.428000	4.025000	-9.098000	3.068000	10.004000	0.555000	-23.696000	18.586000	-40.762000
0.113370	-0.993000	2.003000	-12.859000	2.869000	9.703000	-0.310000	-23.019000	17.611000	-42.469000
0.120390	-1.520000	-0.134000	-10.347000	2.487000	8.172000	-1.043000	-23.559000	16.717000	-41.743000
0.130860	3.036000	-1.710000	-3.722000	1.992000	5.308000	-1.462000	-25.810000	16.360000	-40.266000
0.143740	9.211000	-1.399000	2.097000	1.534000	1.163000	-1.407000	-29.306000	15.502000	-37.583000
0.149900	15.768000	0.901000	4.381000	1.529000	-4.001000	-0.997000	-33.012000	15.051000	-32.641000
0.164860	19.540000	3.572000	3.199000	2.112000	-8.420000	-0.509000	-36.723000	14.089000	-27.099000
0.170780	19.608000	5.808000	-0.205000	3.010000	-9.996000	-0.218000	-39.250000	13.603000	-20.732000
0.183660	19.608000	7.028000	-3.877000	3.438000	-10.012000	-0.221000	-41.114000	12.786000	-13.621000
0.190890	19.608000	6.042000	-7.590000	4.060000	-9.998000	-0.573000	-42.227000	11.677000	-6.893000
0.201600	19.608000	3.543000	-9.853000	4.315000	-9.998000	-1.245000	-41.554000	11.070000	-0.102000
0.211000	19.130000	1.794000	-9.222000	4.227000	-9.998000	-1.924000	-39.875000	10.433000	7.452000
0.223910	18.023000	1.154000	-6.646000	3.796000	-9.998000	-2.309000	-36.666000	9.870000	13.719000
0.230530	15.853000	0.897000	-4.303000	3.112000	-9.998000	-2.294000	-33.488000	9.341000	18.789000
0.243590	12.649000	0.478000	-2.586000	2.456000	-9.998000	-2.077000	-29.924000	9.341000	23.629000
0.250580	8.778000	-0.465000	-0.356000	2.083000	-9.998000	-1.863000	-25.987000	9.341000	26.815000
0.263520	5.091000	-1.418000	1.799000	2.057000	-9.998000	-1.655000	-21.722000	9.671000	29.145000
0.271270	2.732000	-1.859000	2.868000	2.302000	-9.998000	-1.293000	-18.011000	10.324000	30.216000
0.283540	2.791000	-1.170000	2.322000	2.668000	-9.998000	-0.689000	-14.443000	11.405000	31.407000
0.293150	3.676000	0.585000	-0.608000	2.932000	-10.012000	0.071000	-12.358000	12.310000	31.889000
0.300570	4.067000	1.690000	-4.551000	2.942000	-9.785000	0.445000	-10.717000	12.815000	31.076000
0.313390	4.596000	2.238000	-7.647000	2.619000	-9.105000	1.020000	-10.717000	13.337000	31.507000
0.320620	4.614000	2.666000	-9.282000	1.868000	-6.222000	1.301000	-10.717000	13.337000	31.507000
0.332730	3.781000	3.120000	-9.653000	0.822000	-2.588000	1.382000	-11.477000	13.337000	31.156000
0.344700	3.604000	3.549000	-9.703000	-0.202000	0.544000	1.291000	-12.248000	12.866000	31.515000
0.350220	3.915000	3.836000	-9.015000	-0.823000	2.619000	1.081000	-12.750000	12.866000	30.737000
0.362670	4.081000	3.710000	-7.236000	-0.976000	3.454000	0.859000	-13.732000	12.454000	31.108000
0.372410	5.166000	2.871000	-4.681000	-0.845000	3.380000	0.625000	-14.323000	12.454000	30.641000
0.380220	5.926000	2.097000	-1.197000	-0.666000	2.836000	0.381000	-14.646000	12.097000	30.641000
0.393070	6.430000	1.137000	1.584000	-0.633000	2.292000	0.151000	-16.319000	12.097000	30.641000
0.400210	7.393000	0.370000	2.664000	-0.780000	2.256000	0.020000	-18.104000	12.097000	29.586000
0.413610	8.550000	-0.048000	2.543000	-0.999000	3.132000	0.121000	-20.867000	11.537000	28.257000
0.420720	10.113000	-0.214000	2.114000	-1.117000	5.045000	0.284000	-24.226000	11.537000	26.356000
0.433080	12.643000	0.241000	1.475000	-1.355000	6.302000	0.780000	-27.372000	11.537000	24.743000
0.440340	15.430000	0.333000	1.632000	-1.526000	8.767000	1.430000	-31.008000	12.068000	20.608000
0.452670	18.338000	0.322000	1.919000	-1.593000	9.938000	2.157000	-33.799000	12.068000	16.003000
0.462340	19.608000	0.373000	1.648000	-1.606000	10.004000	2.803000	-36.459000	12.550000	9.906000
0.471190	19.608000	0.478000	0.690000	-1.604000	10.000000	3.328000	-37.905000	12.550000	2.511000
0.480320	19.608000	2.779000	-3.437000	-1.584000	10.000000	3.700000	-38.514000	13.897000	-4.066000
0.490270	19.608000	5.644000	-7.728000	-1.468000	10.000000	3.825000	-37.620000	16.323000	-10.000000
0.502080	19.032000	5.847000	-10.569000	-1.183000	10.000000	3.571000	-35.707000	18.127000	-14.364000
0.511480	15.052000	4.806000	-11.574000	-0.552000	10.004000	2.653000	-34.579000	18.893000	-17.236000
0.522250	11.369000	3.289000	-12.097000	0.510000	10.004000	1.135000	-34.579000	18.893000	-17.236000
0.532990	8.631000	0.831000	-12.215000	1.609000	8.366000	-0.480000	-35.243000	18.005000	-17.236000
0.541990	7.968000	-1.039000	-11.141000	2.014000	3.782000	-1.180000	-36.512000	17.388000	-14.363000
0.551820	9.309000	-1.468000	-9.787000	2.399000	1.115000	-2.193000	-37.207000	15.898000	-10.696000
0.561430	11.969000	-0.716000	-8.111000	2.225000	-3.664000	-2.535000	-38.725000	14.848000	-5.232000
0.574310	14.699000	0.757000	-7.426000	1.715000	-7.495000	-2.242000	-39.125000	14.419000	0.556000
0.583860	17.627000	3.013000	-7.057000	1.293000	-9.649000	-1.675000	-37.844000	14.047000	7.032000
0.592320	19.518000	4.955000	-7.172000	1.289000	-10.012000	-1.193000	-35.798000	14.047000	13.850000
0.604100	19.608000	5.959000	-5.352000	1.640000	-9.999000	-0.919000	-32.426000	14.047000	19.041000
0.610900	19.324000	5.672000	-2.567000	2.052000	-9.998000	-0.881000	-28.717000	14.047000	23.582000
0.621250	16.853000	4.430000	-0.296000	2.382000	-9.998000	-1.037000	-24.111000	14.047000	26.966000
0.630500	12.985000	2.595000	1.948000	2.540000	-9.998000	-1.222000	-19.731000	14.715000	28.170000
0.640470	9.261000	0.696000	3.767000	2.367000	-9.998000	-1.298000	-15.678000	14.715000	30.134000
0.652130	5.059000	-1.650000	5.009000	1.763000	-10.012000	-1.205000	-13.526000	14.715000	30.508000
0.665040	1.583000	-3.461000	5.181000	1.276000	-9.901000	-1.104000	-12.628000	14.715000	31.274000
0.673100	1.072000	-3.187000	4.105000	0.014000	-9.254000	-0.833000	-13.519000	13.601000	30.328000
0.685580	2.140000	-2.261000	2.331000	-1.244000	-5.832000	-0.431000	-15.179000	12.971000	30.657000
0.693030	4.726000	-0.981000	-0.330000	-2.049000	-1.099000	0.217000	-17.361000	12.600000	29.508000
0.704320	7.623000	0.248000	-2.358000	-2.293000	3.059000	0.976000	-19.839000	12.600000	28.176000
0.713110	9.713000	0.613000	-2.602000	-2.093000	6.167000	1.669000	-22.314000	12.600000	26.361000
0.721590	11.174000	-0.344000	-0.834000	-1.665000	8.168000	2.207000	-24.481000	13.133000	24.507000
0.732850	12.324000	-2.333000	1.414000	-1.284000	9.190000	2.553000	-27.359000	13.133000	21.797000
0.746490	13.816000	-4.347000	2.310000	-1.168000	9.540000	2.793000	-29.827000	13.513000	19.075000
0.751250	15.528000	-4.830000	2.392000	-1.326000	9.777000	3.075000	-31.626000	13.513000	15.127000
0.765410	17.654000	-4.264000	2.886000	-1.674000	9.974000	3.531000	-33.874000	13.513000	11.376000
0.770600	19.513000	-2.956000	4.054000	-2.123000	10.003000	4.171000	-35.269000	13.952000	5.967000
0.784060	19.608000	-1.242000	6.553000	-2.361000	10.000000	4.511000	-36.097000	16.426000	-1.222000
0.791780	19.608000	-0.230000	8.989000	-2.811000	10.000000	5.097000	-35.717000	19.345000	-6.893000
0.801180	19.608000	-0.178000	10.534000	-3.139000	10.000000	5.417000	-34.013000	21.513000	-12.768000
0.812170	19.608000	-0.783000	10.038000	-3.166000	10.000000	5.343000	-32.168000	24.244000	-18.115000
0.822910	19.608000	-1.812000	7.487000	-2.710000	10.000000	4.835000	-28.988000	25.799000	-22.853000
0.832460	18.540000	-2.779000	4.065000	-1.761000	10.000000	3.943000	-25.523000	26.884000	-27.299000
0.844670	13.844000	-3.188000	1.329000	-0.484000	10.000000	2.790000	-23.437000	26.884000	-30.223000
0.851470	9.679000	-2.744000	-0.230000	0.833000	10.002000	1.592000	-20.587000	26.884000	-32.192000
0.864470	7.160000	-1.736000	-0.329000	1.850000	10.004000	0.558000	-19.218000	26.884000	-34.350000
0.871980	5.993000	-0.975000	0.704000	2.279000	9.549000	-0.140000	-17.668000	25.576000	-35.922000
0.883460	5.649000	-0.848000	3.680000	2.039000	8.029000	-0.463000	-16.265000	25.576000	-37.359000
0.892150	4.290000	-2.273000	7.318000	1.348000	6.420000	-0.582000	-15.225000	25.096000	-38.568000
0.902470	1.441000	-4.556000	9.890000	0.960000	5.356000	-0.629000	-14.344000	24.487000	-39.051000
0.911590	-1.410000	-6.479000	11.397000	0.352000	4.936000	-0.792000	-13.537000	24.487000	-40.129000
0.923400	-2.877000	-7.729000	11.735000	0.130000	4.176000	-1.031000	-12.821000	24.487000	-40.589000
0.930760	-2.385000	-7.283000	10.138000	0.235000	3.656000	-1.162000	-11.849000	23.646000	-41.482000
0.943120	-0.079000	-4.910000	7.195000	0.533000	3.502000	-1.011000	-10.490000	23.309000	-43.208000
0.951330	2.120000	-1.766000	4.826000	0.929000	3.497000	-0.581000	-8.578000	23.309000	-42.835000
0.964050	3.444000	0.360000	3.491000	1.272000	3.503000	-0.113000	-7.397000	23.309000	-43.423000
0.971800	3.641000	1.002000	2.893000	1.441000	3.518000	0.150000	-6.425000	23.309000	-44.091000
0.983310	3.232000	0.564000	2.254000	1.575000	3.177000	0.066000	-5.961000	23.309000	-44.622000
0.992890	3.259000	-0.675000	2.030000	1.791000	2.109000	-0.342000	-6.674000	23.309000	-44.622000
1.001070	3.368000	-2.180000	2.635000	1.979000	0.501000	-0.841000	-7.774000	22.598000	-44.253000
1.013550	4.676000	-2.322000	3.491000	2.039000	-1.223000	-1.212000	-9.951000	21.380000	-43.290000
1.021060	7.233000	-1.876000	3.380000	2.030000	-2.848000	-1.323000	-11.973000	20.352000	-41.967000
1.033600	9.034000	-1.271000	3.856000	1.992000	-3.635000	-1.411000	-15.081000	19.065000	-41.007000
1.041440	10.867000	-1.597000	4.753000	2.027000	-5.191000	-1.418000	-19.427000	17.401000	-38.949000
1.052950	11.981000	-1.317000	4.786000	2.224000	-6.787000	-1.495000	-23.281000	15.991000	-37.712000
1.065680	12.677000	1.019000	4.014000	2.528000	-8.522000	-1.726000	-27.313000	14.183000	-34.757000
1.072760	13.868000	3.329000	3.677000	2.863000	-9.760000	-2.012000	-30.697000	12.249000	-29.570000
1.083470	15.952000	4.489000	3.048000	3.246000	-10.012000	-2.166000	-33.749000	10.627000	-23.699000
1.093540	18.212000	5.022000	3.028000	3.652000	-9.998000	-2.195000	-35.795000	8.879000	-18.157000
1.101690	18.871000	5.128000	3.876000	3.961000	-9.998000	-2.197000	-36.488000	7.768000	-12.179000
1.111480	18.762000	4.969000	4.801000	4.235000	-9.998000	-2.262000	-36.488000	6.193000	-4.765000
1.121710	17.578000	4.955000	5.488000	4.584000	-9.998000	-2.384000	-35.197000	5.177000	3.103000
1.131530	14.907000	4.675000	5.719000	4.968000	-9.998000	-2.456000	-33.352000	4.811000	8.306000
1.141540	10.825000	3.273000	4.265000	5.296000	-9.998000	-2.456000	-31.111000	4.811000	12.954000
1.151550	5.539000	1.429000	1.798000	5.427000	-9.998000	-2.393000	-29.376000	4.461000	16.516000
1.161710	1.102000	0.524000	-1.554000	5.329000	-10.012000	-2.329000	-28.518000	4.461000	19.833000
1.171720	-0.119000	0.691000	-5.179000	4.645000	-10.012000	-2.071000	-27.879000	5.261000	21.334000
1.181700	0.040000	1.378000	-5.804000	3.371000	-9.389000	-1.556000	-28.218000	5.261000	19.949000
1.200870	1.994000	1.751000	-4.162000	1.676000	-6.534000	-0.795000	-29.142000	4.763000	19.004000
1.210820	4.826000	2.124000	-2.154000	-2.235000	1.694000	0.859000	-30.686000	4.763000	15.060000
1.225800	7.238000	2.658000	1.292000	-3.460000	4.684000	1.505000	-31.532000	4.763000	11.178000
1.233490	8.653000	2.333000	6.148000	-4.018000	6.490000	1.996000	-32.604000	4.763000	8.325000
1.245640	9.287000	1.212000	9.792000	-4.250000	7.539000	2.365000	-33.596000	5.558000	5.075000
1.253720	10.461000	0.718000	10.960000	-4.450000	8.329000	2.753000	-34.848000	6.370000	-1.473000
1.262060	12.815000	1.398000	10.764000	-4.578000	9.343000	3.020000	-35.353000	7.371000	-7.559000
1.276060	15.106000	2.506000	12.439000	-4.909000	9.752000	3.738000	-35.353000	8.789000	-14.999000
1.283390	18.487000	3.288000	14.550000	-5.364000	10.004000	4.555000	-33.351000	11.485000	-21.469000
1.295500	19.608000	4.058000	14.952000	-5.754000	10.000000	5.239000	-30.134000	15.258000	-28.808000
1.303530	19.608000	5.086000	14.795000	-5.687000	10.000000	5.647000	-25.775000	18.727000	-34.339000
1.313780	19.608000	5.836000	14.199000	-5.007000	10.000000	5.618000	-20.481000	20.773000	-38.613000
1.323310	19.583000	5.177000	11.200000	-3.794000	10.000000	5.009000	-15.151000	22.364000	-40.933000
1.333560	16.272000	3.499000	6.771000	-2.222000	10.000000	3.866000	-10.787000	22.364000	-43.498000
1.341590	10.227000	1.750000	2.301000	-0.677000	10.000000	2.422000	-6.980000	22.364000	-45.004000
1.351410	4.306000	0.707000	-2.755000	0.446000	10.004000	1.015000	-3.845000	22.364000	-46.469000
1.363590	-0.475000	0.710000	-7.488000	1.120000	10.004000	-0.118000	-1.902000	21.728000	-46.926000
1.373480	-3.618000	1.012000	-8.777000	1.424000	9.286000	-0.921000	-1.365000	21.728000	-47.480000
1.384100	-4.342000	0.405000	-6.748000	1.436000	7.098000	-1.216000	-1.768000	20.829000	-48.072000
1.392610	-1.841000	-0.095000	-3.244000	1.234000	5.598000	-1.645000	-4.116000	20.829000	-47.294000
1.403720	2.416000	0.658000	0.410000	0.975000	2.103000	-1.849000	-7.865000	19.891000	-46.014000
1.412540	7.299000	1.841000	3.074000	0.905000	-1.775000	-1.799000	-12.603000	19.097000	-44.050000
1.426360	11.571000	2.471000	3.726000	1.086000	-5.570000	-1.671000	-17.456000	17.829000	-41.885000
1.431220	15.318000	3.145000	3.871000	1.531000	-8.664000	-1.709000	-22.866000	16.824000	-38.667000
1.444060	18.639000	3.907000	3.921000	2.194000	-9.951000	-1.932000	-28.184000	15.098000	-34.266000
1.451300	19.608000	5.520000	4.872000	2.914000	-10.012000	-2.222000	-33.360000	13.316000	-27.192000
1.463620	19.608000	6.959000	7.213000	3.666000	-9.998000	-2.494000	-36.534000	11.706000	-18.899000
1.471250	19.608000	7.140000	10.121000	4.479000	-9.998000	-2.750000	-37.750000	10.032000	-11.273000
1.484290	19.608000	6.935000	12.504000	5.257000	-9.998000	-3.021000	-36.940000	8.924000	-2.362000
1.491790	19.074000	6.007000	12.865000	5.947000	-9.998000	-3.236000	-35.282000	7.270000	5.595000
1.503720	13.937000	4.101000	10.896000	6.244000	-9.998000	-3.269000	-33.152000	6.674000	10.066000
1.512610	8.094000	2.160000	6.160000	6.685000	-9.998000	-3.198000	-31.295000	6.674000	13.937000
1.524110	4.341000	0.734000	0.749000	6.827000	-9.999000	-2.822000	-29.437000	7.827000	16.181000
1.532780	4.296000	1.091000	-2.254000	6.435000	-10.012000	-2.075000	-28.280000	8.769000	17.860000
1.541380	6.768000	2.587000	-2.859000	5.194000	-9.564000	-0.995000	-28.280000	9.140000	17.860000
1.552490	9.672000	4.181000	-2.840000	3.144000	-7.069000	0.222000	-28.948000	9.860000	17.239000
1.561620	11.805000	5.120000	-3.111000	0.847000	-3.239000	1.206000	-30.364000	9.860000	15.626000
1.571660	12.428000	4.996000	-2.764000	-1.156000	0.560000	1.746000	-31.697000	9.860000	12.988000
1.582000	11.766000	3.917000	-0.943000	-2.685000	4.053000	1.926000	-33.122000	9.860000	10.356000
1.591250	11.082000	2.764000	1.453000	-3.783000	6.914000	1.940000	-34.550000	9.860000	6.509000
1.603490	11.597000	2.362000	4.478000	-4.646000	8.914000	2.040000	-36.047000	10.772000	0.651000
1.616180	13.164000	2.676000	7.651000	-5.472000	9.874000	2.398000	-36.630000	11.543000	-5.661000
1.623140	14.406000	3.245000	9.957000	-5.887000	10.004000	2.948000	-36.212000	12.628000	-11.528000
1.635590	14.927000	2.911000	11.518000	-6.606000	10.004000	3.230000	-34.443000	14.045000	-18.400000
1.645420	15.142000	1.888000	11.852000	-6.907000	10.000000	3.663000	-32.424000	16.348000	-23.878000
1.653350	15.356000	2.023000	10.749000	-6.525000	10.000000	3.819000	-29.484000	18.621000	-29.763000
1.663940	14.991000	2.683000	8.282000	-5.410000	10.000000	3.722000	-26.419000	20.645000	-33.050000
1.673590	13.562000	3.604000	5.222000	-3.756000	10.000000	3.387000	-23.690000	21.795000	-36.112000
1.686070	10.527000	3.824000	1.757000	-1.955000	10.004000	2.722000	-21.531000	21.795000	-37.513000
1.692570	6.787000	3.420000	-2.204000	-0.400000	9.940000	1.763000	-20.019000	21.795000	-38.047000
1.703040	3.499000	3.196000	-4.867000	0.765000	8.749000	0.692000	-19.033000	21.330000	-38.047000
1.714540	1.612000	2.339000	-5.686000	1.488000	6.129000	-0.254000	-20.634000	20.755000	-39.855000
1.722020	1.862000	1.585000	-5.335000	1.809000	3.117000	-0.921000	-21.939000	20.036000	-38.453000
1.733190	3.911000	1.660000	-4.573000	1.965000	-0.132000	-1.255000	-24.229000	18.983000	-36.370000
1.743870	7.120000	1.958000	-3.460000	2.054000	-3.670000	-1.258000	-27.656000	17.956000	-32.879000
1.752720	10.918000	2.713000	-2.090000	2.304000	-5.494000	-1.179000	-30.941000	17.282000	-27.470000
1.762850	13.975000	3.202000	-1.835000	2.666000	-8.646000	-0.967000	-33.877000	16.081000	-22.003000
1.775000	16.485000	3.834000	-2.260000	3.153000	-9.958000	-0.736000	-35.929000	15.193000	-15.397000
1.784670	18.277000	4.305000	-2.999000	3.749000	-10.012000	-0.527000	-36.512000	15.193000	-9.315000
1.795200	18.917000	4.474000	-2.802000	4.348000	-9.998000	-0.354000	-35.987000	15.193000	-1.296000
1.801550	18.136000	4.927000	-2.482000	4.827000	-9.998000	-0.207000	-34.075000	15.820000	6.056000
1.815190	15.748000	4.535000	-2.820000	5.173000	-9.998000	-0.048000	-31.626000	16.253000	11.593000
1.821900	13.042000	3.478000	-2.551000	5.376000	-9.998000	0.142000	-28.688000	17.510000	15.803000
1.834110	10.818000	1.895000	-1.486000	5.283000	-9.998000	0.366000	-25.027000	18.591000	18.527000
1.844150	10.223000	1.230000	0.403000	4.672000	-9.998000	0.724000	-22.819000	19.522000	20.640000
1.852300	11.010000	2.132000	2.865000	3.427000	-10.012000	1.221000	-20.841000	19.897000	21.534000
1.863190	12.279000	3.636000	4.155000	2.573000	-9.638000	1.690000	-20.503000	19.897000	22.241000
1.873930	12.978000	4.898000	3.711000	0.541000	-8.662000	1.846000	-21.481000	19.897000	21.612000
1.882140	12.510000	5.032000	2.399000	-1.531000	-4.781000	1.949000	-22.903000	19.024000	20.187000
1.894110	10.825000	4.444000	1.470000	-3.188000	0.115000	1.828000	-25.190000	18.400000	18.324000
1.901700	8.725000	2.718000	1.405000	-4.289000	4.669000	1.551000	-27.996000	17.358000	15.678000
1.914920	7.257000	0.545000	2.188000	-4.941000	8.159000	1.268000	-30.160000	17.358000	13.304000
1.923220	7.277000	0.200000	4.457000	-5.280000	9.818000	1.191000	-32.270000	17.002000	8.393000
1.934210	8.720000	1.058000	7.263000	-5.401000	10.004000	1.465000	-33.598000	17.002000	4.551000
1.941740	10.712000	1.592000	9.577000	-5.374000	10.000000	2.052000	-34.536000	17.489000	-0.302000
1.953000	12.771000	1.395000	11.144000	-5.126000	10.000000	2.677000	-34.536000	18.202000	-6.001000
1.966490	14.963000	1.198000	11.924000	-4.559000	10.000000	3.117000	-34.848000	19.200000	-11.076000
1.972200	16.701000	1.304000	12.240000	-3.702000	10.000000	3.324000	-33.616000	20.207000	-14.978000
1.983490	18.073000	1.566000	11.767000	-3.216000	10.000000	3.323000	-31.814000	21.560000	-19.773000
1.992220	18.769000	2.413000	10.390000	-2.263000	10.000000	3.251000	-29.747000	22.836000	-24.523000
2.003330	17.769000	3.865000	8.464000	-1.475000	10.000000	3.011000	-26.843000	24.267000	-29.139000
2.014830	15.060000	4.476000	5.608000	-0.954000	10.000000	2.676000	-24.299000	25.317000	-32.000000
2.021940	11.116000	4.511000	1.788000	-0.713000	10.000000	2.205000	-20.782000	25.921000	-34.219000
2.034640	6.124000	3.281000	-1.254000	-0.589000	10.000000	1.569000	-18.083000	26.252000	-36.573000
2.043310	1.241000	1.408000	-2.698000	-0.396000	10.004000	0.817000	-16.902000	26.252000	-38.298000
2.054200	-1.859000	0.320000	-3.269000	-0.038000	9.845000	0.006000	-15.818000	26.252000	-38.902000
2.061830	-2.313000	-0.469000	-2.337000	0.514000	8.263000	-0.686000	-16.682000	25.540000	-38.902000
2.074680	0.201000	-0.803000	0.500000	1.193000	4.970000	-1.081000	-18.135000	24.504000	-37.847000
2.081880	4.438000	0.481000	2.737000	1.863000	0.952000	-1.166000	-21.343000	23.573000	-36.912000
2.095740	8.550000	2.439000	2.289000	2.475000	-3.270000	-0.972000	-24.250000	22.549000	-34.783000
2.101930	12.150000	4.327000	0.540000	2.776000	-7.148000	-0.682000	-27.334000	21.522000	-31.730000
2.114900	14.696000	5.496000	-1.551000	3.368000	-8.599000	-0.588000	-30.374000	20.671000	-26.661000
2.122770	16.729000	6.256000	-3.940000	3.865000	-9.935000	-0.576000	-33.256000	19.612000	-22.647000
2.134280	18.477000	6.528000	-3.557000	4.159000	-10.012000	-0.797000	-35.134000	18.746000	-16.996000
2.145480	19.608000	6.270000	-1.680000	4.286000	-9.998000	-1.197000	-36.135000	17.918000	-11.143000
2.151950	19.608000	5.774000	0.842000	4.347000	-9.998000	-1.624000	-35.487000	16.856000	-5.073000
2.162420	19.488000	5.613000	2.507000	4.347000	-9.998000	-1.975000	-34.008000	16.087000	2.629000
2.174230	16.103000	4.388000	3.274000	4.315000	-9.998000	-2.230000	-32.968000	15.345000	7.679000
2.184360	10.588000	1.768000	3.458000	4.278000	-9.998000	-2.396000	-30.569000	14.874000	12.220000
2.192350	5.610000	-0.946000	3.425000	4.149000	-9.998000	-2.485000	-28.482000	14.874000	15.254000
2.204190	2.371000	-2.603000	3.496000	3.781000	-10.000000	-2.340000	-26.388000	14.874000	18.580000
2.213290	3.331000	-2.142000	3.898000	3.090000	-10.012000	-1.753000	-25.381000	14.874000	19.853000
2.222050	7.657000	0.416000	2.738000	2.670000	-9.461000	-0.732000	-24.893000	14.874000	20.343000
2.232180	12.118000	3.402000	0.490000	1.854000	-8.539000	-0.128000	-24.893000	15.852000	20.343000
2.242400	15.781000	5.348000	-1.235000	1.175000	-5.644000	1.009000	-25.445000	16.557000	20.343000
2.254460	18.295000	6.164000	-1.188000	0.592000	-2.348000	1.726000	-26.745000	16.880000	18.304000
2.262730	19.547000	6.602000	0.531000	-0.035000	0.908000	1.892000	-28.216000	17.347000	16.395000
2.277500	19.535000	6.128000	1.856000	-0.782000	3.797000	1.664000	-29.423000	17.347000	13.345000
2.282170	18.119000	4.712000	3.132000	-1.527000	6.208000	1.277000	-31.159000	16.966000	10.237000
2.295630	16.117000	3.135000	4.371000	-2.161000	8.275000	0.902000	-32.794000	16.966000	5.712000
2.302370	14.439000	1.810000	5.395000	-2.693000	9.685000	0.723000	-34.028000	16.966000	-0.444000
2.315650	13.937000	-0.309000	5.988000	-3.139000	10.004000	0.847000	-34.722000	16.567000	-7.328000
2.324830	15.395000	-1.817000	7.150000	-3.386000	10.000000	1.256000	-34.176000	16.903000	-14.588000
2.334570	18.095000	-1.044000	9.573000	-3.339000	10.000000	1.901000	-32.031000	17.909000	-20.303000
2.342410	19.603000	1.101000	11.817000	-3.221000	10.000000	2.733000	-29.151000	20.536000	-27.326000
2.355710	19.608000	2.397000	13.062000	-2.913000	10.000000	3.155000	-24.945000	22.611000	-32.470000
2.362090	19.608000	2.343000	12.207000	-2.615000	10.000000	3.790000	-20.184000	24.870000	-35.700000
2.373570	19.033000	2.264000	9.352000	-2.226000	10.000000	3.935000	-14.796000	26.214000	-39.768000
2.382230	15.642000	2.438000	3.615000	-1.495000	10.000000	3.570000	-9.706000	26.214000	-42.494000
2.394960	11.049000	2.550000	-5.174000	-0.306000	10.000000	2.850000	-5.648000	26.214000	-45.146000
2.402250	4.524000	2.402000	-13.347000	1.127000	10.000000	1.911000	-2.217000	25.051000	-45.930000
2.415010	-1.866000	1.068000	-19.027000	2.370000	10.004000	0.807000	-0.825000	23.786000	-47.277000
2.423590	-4.246000	-1.134000	-17.904000	3.137000	9.605000	-0.449000	-1.435000	22.431000	-47.868000
2.435030	0.046000	-2.851000	-9.803000	3.319000	6.910000	-1.633000	-4.611000	20.967000	-46.743000
2.443610	8.658000	-1.620000	-0.098000	3.092000	1.863000	-2.337000	-10.243000	20.037000	-45.126000
2.455510	16.797000	2.288000	6.384000	2.855000	-4.431000	-2.317000	-16.445000	18.698000	-41.035000
2.462740	19.608000	5.922000	7.552000	2.899000	-9.080000	-1.737000	-24.156000	17.109000	-37.850000
2.474460	19.608000	8.543000	5.043000	3.568000	-9.912000	-1.407000	-30.627000	14.881000	-30.212000
2.483280	19.608000	9.403000	1.103000	4.848000	-10.012000	-0.991000	-34.883000	13.478000	-22.337000
2.496070	19.318000	8.018000	-3.649000	6.063000	-9.998000	-0.989000	-37.286000	11.636000	-14.532000
2.504520	17.117000	5.838000	-7.096000	6.760000	-9.998000	-1.257000	-37.788000	10.218000	-6.654000
2.512300	16.782000	4.465000	-7.299000	7.004000	-9.998000	-1.563000	-36.955000	9.909000	1.289000
2.522710	16.283000	3.816000	-4.413000	6.812000	-9.998000	-1.535000	-34.332000	9.909000	8.552000
2.536230	13.830000	3.025000	0.956000	6.028000	-9.998000	-0.996000	-31.636000	10.627000	13.792000
2.542570	10.502000	2.393000	5.353000	4.584000	-9.998000	-0.266000	-29.072000	11.006000	17.712000
2.554570	7.739000	1.993000	7.177000	2.672000	-10.012000	0.222000	-27.760000	11.006000	19.369000
2.562780	6.346000	1.618000	7.310000	0.737000	-9.996000	0.538000	-27.363000	11.006000	19.863000
2.574590	6.934000	2.288000	7.381000	-0.896000	-8.357000	0.880000	-28.291000	10.292000	19.329000
2.583830	8.885000	3.464000	7.275000	-1.606000	-3.882000	1.277000	-30.226000	10.292000	16.940000
2.594580	11.225000	4.409000	5.872000	-2.827000	1.309000	1.503000	-32.171000	10.292000	14.244000
2.602820	12.471000	4.550000	4.498000	-3.638000	3.635000	1.994000	-34.114000	10.292000	10.534000
2.615300	12.578000	3.936000	4.096000	-3.928000	7.458000	2.425000	-35.456000	10.612000	6.277000
2.623870	12.594000	3.349000	4.448000	-3.848000	9.604000	2.697000	-37.081000	11.717000	-0.070000
2.635710	12.866000	2.753000	5.736000	-3.621000	10.004000	2.857000	-37.081000	12.678000	-5.827000
2.642920	13.928000	2.193000	7.351000	-3.351000	10.000000	3.028000	-37.081000	13.973000	-11.572000
2.654630	15.561000	1.795000	8.225000	-3.047000	10.000000	3.257000	-35.263000	14.584000	-16.831000
2.662420	17.186000	1.909000	8.593000	-2.650000	10.000000	3.506000	-33.599000	16.212000	-22.280000
2.672490	18.540000	2.762000	9.236000	-2.182000	10.000000	3.723000	-30.982000	18.318000	-27.018000
2.685460	19.385000	3.439000	9.111000	-1.847000	10.000000	3.834000	-27.522000	20.468000	-32.348000
2.692960	19.228000	3.794000	8.588000	-1.776000	10.000000	3.775000	-23.973000	22.019000	-36.280000
2.704900	17.773000	3.543000	6.307000	-1.892000	10.000000	3.495000	-18.269000	23.619000	-38.233000
2.714170	14.191000	2.577000	2.711000	-1.969000	10.000000	3.267000	-13.565000	24.566000	-41.018000
2.725070	8.855000	0.425000	0.309000	-2.073000	10.000000	2.638000	-8.403000	26.539000	-43.106000
2.735200	3.745000	-2.199000	-1.145000	-2.023000	10.000000	1.736000	-4.615000	26.539000	-43.797000
2.745300	0.863000	-3.899000	-1.574000	-1.627000	10.004000	0.553000	-2.943000	26.539000	-43.797000
2.755310	0.740000	-4.074000	-2.092000	-0.671000	9.995000	-0.748000	-2.943000	25.729000	-44.549000
2.763460	1.225000	-4.353000	-2.074000	0.656000	8.490000	-1.892000	-4.716000	24.627000	-44.549000
2.776250	2.694000	-4.594000	-0.202000	1.843000	4.371000	-2.734000	-7.905000	23.161000	-43.511000
2.783270	5.210000	-4.401000	2.561000	2.559000	-0.424000	-3.314000	-11.499000	21.876000	-42.858000
2.795720	8.505000	-4.294000	5.450000	2.736000	-4.677000	-3.605000	-16.076000	20.262000	-41.024000
2.803410	12.564000	-3.314000	8.415000	2.480000	-8.159000	-3.551000	-21.023000	18.925000	-38.450000
2.816650	16.114000	-1.789000	11.607000	1.978000	-9.852000	-3.252000	-25.137000	17.919000	-34.727000
2.823920	18.206000	-0.624000	14.921000	1.518000	-10.012000	-2.906000	-29.446000	16.647000	-30.316000
2.844060	18.228000	-0.101000	17.505000	1.728000	-9.998000	-2.731000	-35.047000	13.783000	-18.501000
2.853760	16.075000	0.111000	18.143000	2.632000	-9.998000	-2.865000	-36.018000	11.784000	-13.323000
2.865760	13.001000	-0.141000	16.200000	3.844000	-9.998000	-3.014000	-36.361000	10.691000	-7.989000
2.873780	9.646000	-0.846000	12.849000	4.960000	-9.998000	-2.986000	-36.361000	9.645000	-3.671000
2.883640	6.512000	-2.358000	9.696000	5.585000	-10.004000	-2.726000	-35.417000	9.051000	-0.234000
2.892610	4.230000	-4.169000	7.815000	5.438000	-10.012000	-2.265000	-35.417000	9.051000	1.036000
2.904330	3.490000	-5.804000	6.297000	4.469000	-9.135000	-1.549000	-35.417000	9.051000	0.529000
2.914800	5.243000	-5.769000	5.435000	2.842000	-6.071000	-0.468000	-35.943000	9.881000	-1.809000
2.923740	9.228000	-3.600000	5.836000	0.717000	-1.690000	0.960000	-35.943000	10.972000	-5.212000
2.935580	12.717000	-1.823000	7.255000	-1.644000	3.222000	2.495000	-35.943000	12.789000	-10.778000
2.944150	14.764000	-1.129000	8.777000	-2.743000	7.756000	3.731000	-34.820000	15.174000	-16.178000
2.952730	17.085000	-0.216000	10.611000	-4.435000	9.871000	4.164000	-32.086000	17.218000	-22.012000
2.965000	19.376000	0.750000	11.592000	-5.210000	10.004000	4.732000	-29.231000	19.958000	-27.230000
2.974950	19.608000	1.684000	11.717000	-5.121000	10.003000	5.016000	-25.743000	22.561000	-31.588000
2.983160	19.608000	2.185000	9.533000	-4.455000	10.000000	4.965000	-21.189000	24.348000	-34.225000
2.995520	18.806000	3.069000	3.469000	-3.417000	10.000000	4.486000	-17.448000	26.181000	-36.900000
3.003080	14.083000	4.233000	-4.379000	-2.069000	10.000000	3.574000	-14.363000	26.181000	-39.044000
3.015690	8.184000	3.697000	-10.812000	-0.543000	10.004000	2.272000	-12.930000	25.268000	-40.483000
3.022770	3.722000	1.616000	-12.929000	0.875000	9.863000	0.673000	-12.930000	24.540000	-40.483000
3.035160	3.218000	-0.628000	-9.714000	1.828000	7.707000	-0.950000	-14.707000	23.435000	-39.695000
3.046970	6.361000	-1.666000	-3.803000	2.167000	2.906000	-2.179000	-18.440000	22.125000	-38.134000
3.054170	9.439000	-2.255000	1.288000	2.170000	-2.671000	-2.781000	-22.267000	20.889000	-35.954000
3.065520	11.847000	-2.872000	4.328000	2.164000	-7.496000	-2.925000	-26.466000	19.422000	-32.330000
3.075290	14.807000	-2.604000	5.513000	2.200000	-9.806000	-2.914000	-30.253000	17.965000	-27.925000
3.084140	18.303000	-0.898000	7.056000	2.204000	-10.012000	-2.798000	-32.843000	16.552000	-22.401000
3.094640	19.608000	1.558000	9.003000	2.183000	-10.004000	-2.598000	-35.308000	15.525000	-16.087000
3.102880	19.608000	4.359000	9.261000	2.319000	-9.998000	-2.425000	-36.145000	14.219000	-10.520000
3.115690	19.608000	5.972000	7.822000	2.639000	-9.998000	-2.388000	-35.269000	13.442000	-3.955000
3.123350	19.608000	5.452000	6.897000	2.963000	-9.998000	-2.544000	-33.905000	12.670000	2.413000
3.135680	19.336000	2.996000	6.949000	3.064000	-9.998000	-2.870000	-32.304000	11.521000	6.576000
3.143310	15.315000	0.014000	7.051000	2.764000	-9.999000	-3.223000	-31.228000	10.426000	8.657000
3.155210	9.767000	-2.883000	6.786000	2.051000	-10.012000	-3.439000	-30.268000	9.117000	10.429000
3.163360	4.791000	-4.684000	5.610000	1.097000	-9.536000	-3.341000	-30.268000	7.872000	11.456000
3.175660	1.569000	-4.579000	4.474000	0.013000	-7.262000	-2.856000	-30.268000	6.950000	11.456000
3.184300	0.001000	-3.890000	3.743000	-0.553000	-3.761000	-2.017000	-31.199000	6.124000	9.805000
3.195620	1.030000	-2.933000	3.561000	-1.618000	-0.154000	-1.491000	-33.114000	5.760000	8.123000
3.202970	3.191000	-1.586000	4.396000	-2.501000	1.523000	-0.285000	-34.237000	5.760000	4.972000
3.214600	5.630000	-0.496000	6.185000	-3.271000	4.466000	0.988000	-35.066000	6.848000	0.183000
3.227420	8.504000	-0.015000	8.059000	-3.922000	6.977000	2.127000	-35.847000	8.230000	-4.994000
3.233250	11.310000	-0.405000	10.051000	-4.337000	8.998000	3.067000	-35.847000	9.924000	-10.635000
3.242980	13.827000	-1.112000	11.823000	-4.505000	9.930000	3.844000	-34.976000	12.332000	-15.692000
3.252990	15.975000	-1.240000	12.617000	-4.556000	10.004000	4.474000	-33.244000	14.898000	-20.930000
3.262850	17.849000	-0.458000	12.915000	-4.546000	10.000000	4.989000	-31.269000	17.420000	-26.942000
3.272830	19.078000	0.639000	11.349000	-4.400000	10.000000	5.391000	-27.101000	20.059000	-32.415000
3.282840	19.450000	2.316000	7.888000	-3.984000	10.000000	5.565000	-22.558000	22.503000	-35.456000
3.292850	19.111000	4.997000	2.856000	-3.227000	10.000000	5.338000	-18.251000	24.015000	-37.895000
3.302860	18.042000	8.275000	-3.281000	-2.709000	10.004000	4.530000	-15.345000	24.563000	-39.233000
3.312870	14.523000	8.830000	-7.373000	-1.255000	10.003000	3.851000	-14.916000	24.098000	-40.098000
3.322820	9.700000	5.331000	-7.058000	0.862000	9.511000	1.889000	-16.957000	22.039000	-40.098000
3.332860	6.681000	0.813000	-2.360000	3.136000	5.888000	-0.667000	-20.980000	19.464000	-38.110000
3.342900	6.026000	-2.309000	3.352000	4.661000	-0.538000	-3.013000	-25.709000	16.554000	-35.777000
3.356260	5.205000	-2.314000	6.681000	5.117000	-6.680000	-4.230000	-30.671000	13.772000	-30.378000
3.365050	7.453000	-1.097000	7.430000	4.928000	-9.723000	-4.174000	-34.735000	11.590000	-24.230000
3.378480	11.099000	0.531000	4.985000	4.552000	-10.012000	-3.359000	-36.857000	10.083000	-18.836000
3.384980	13.642000	2.798000	1.496000	4.184000	-9.998000	-2.443000	-37.997000	9.008000	-13.822000
3.393950	14.581000	4.604000	0.186000	4.026000	-9.998000	-1.816000	-38.926000	7.925000	-7.826000
3.408820	13.795000	4.720000	-0.891000	4.276000	-9.998000	-1.608000	-38.470000	7.084000	-1.831000
3.414280	12.646000	4.462000	-2.161000	4.977000	-9.998000	-1.665000	-36.767000	7.084000	5.831000
3.427190	11.702000	4.175000	-2.551000	5.409000	-9.998000	-1.680000	-34.181000	7.580000	11.964000
3.434270	10.597000	2.637000	-1.522000	6.052000	-9.998000	-1.606000	-31.536000	7.978000	16.281000
3.443180	9.173000	0.970000	1.146000	5.901000	-9.998000	-1.290000	-29.083000	8.859000	19.804000
3.458190	7.276000	0.180000	4.310000	4.771000	-10.008000	-0.836000	-27.587000	8.859000	20.637000
3.463870	6.307000	-0.202000	6.185000	2.960000	-10.012000	-0.289000	-27.284000	8.859000	21.043000
3.474950	6.658000	-0.513000	5.609000	0.912000	-8.750000	0.354000	-28.187000	8.859000	20.307000
3.484470	7.237000	-0.253000	3.731000	-1.059000	-4.727000	1.107000	-30.125000	8.323000	17.408000
3.495610	8.703000	0.809000	2.637000	-2.846000	0.619000	1.940000	-32.917000	8.323000	14.276000
3.503690	10.983000	1.768000	2.352000	-4.311000	5.926000	2.795000	-35.125000	9.111000	8.973000
3.514530	13.364000	2.349000	2.885000	-5.219000	9.355000	3.618000	-37.100000	10.128000	3.158000
3.525730	15.434000	2.575000	5.188000	-5.514000	10.004000	4.297000	-38.230000	11.653000	-2.593000
3.536130	17.198000	2.047000	9.239000	-5.402000	10.001000	4.719000	-38.230000	12.884000	-8.047000
3.544280	18.859000	1.391000	14.265000	-5.286000	10.000000	4.865000	-36.929000	14.306000	-12.532000
3.554230	19.605000	0.685000	17.149000	-5.001000	10.000000	4.868000	-35.218000	16.862000	-17.671000
3.565710	19.608000	0.948000	17.930000	-4.591000	10.000000	4.795000	-33.134000	19.557000	-23.059000
3.573430	19.608000	1.968000	16.594000	-3.979000	10.000000	4.603000	-29.930000	21.823000	-28.158000
3.588930	19.608000	3.399000	13.103000	-3.119000	10.000000	4.283000	-26.959000	23.112000	-32.966000
3.593360	18.132000	4.176000	8.267000	-2.012000	10.000000	3.810000	-23.489000	24.415000	-36.288000
3.603300	13.631000	4.244000	3.639000	-0.826000	10.000000	3.102000	-19.291000	24.971000	-36.288000
3.615690	8.918000	4.261000	-1.252000	0.154000	10.000000	2.172000	-16.358000	24.971000	-39.390000
3.624390	4.268000	4.338000	-5.879000	0.732000	10.004000	1.193000	-13.629000	24.435000	-41.638000
3.634310	0.232000	4.076000	-7.432000	0.893000	9.982000	0.321000	-11.473000	24.435000	-42.314000
3.643500	-2.497000	2.636000	-5.289000	0.757000	9.271000	-0.423000	-11.473000	23.942000	-43.457000
3.655760	-3.371000	1.205000	-2.029000	0.570000	7.187000	-1.048000	-12.173000	23.429000	-42.785000
3.663820	-1.797000	0.526000	1.307000	0.527000	3.903000	-1.486000	-13.720000	22.982000	-42.070000
3.675750	0.918000	0.652000	3.766000	0.591000	0.021000	-1.589000	-16.464000	22.483000	-41.162000
3.684880	3.830000	1.276000	3.113000	0.843000	-1.877000	-1.546000	-19.807000	21.670000	-39.808000
3.695800	7.655000	2.987000	-0.202000	1.192000	-5.288000	-1.263000	-23.628000	20.933000	-37.710000
3.703430	10.887000	4.032000	-3.671000	1.592000	-8.013000	-0.910000	-26.722000	20.321000	-34.152000
3.715700	14.540000	3.742000	-4.454000	2.037000	-9.625000	-0.651000	-30.679000	19.445000	-29.142000
3.723970	18.557000	4.016000	-2.862000	2.606000	-10.012000	-0.592000	-34.388000	18.826000	-22.071000
3.734800	19.608000	5.328000	-0.792000	3.435000	-10.000000	-0.610000	-36.734000	17.977000	-14.521000
3.743500	19.608000	7.178000	0.810000	4.519000	-9.998000	-0.439000	-37.861000	17.977000	-6.463000
3.753970	19.608000	8.005000	2.030000	5.707000	-9.998000	-0.164000	-35.517000	17.977000	3.266000
3.767760	19.050000	6.843000	2.453000	6.852000	-9.998000	-0.084000	-32.295000	19.183000	9.735000
3.773990	14.581000	4.086000	1.420000	7.809000	-9.998000	-0.295000	-29.000000	20.248000	14.752000
3.785650	11.995000	2.150000	-0.153000	8.163000	-9.998000	-0.537000	-25.169000	21.632000	17.378000
3.795600	12.470000	1.585000	-1.694000	8.435000	-9.998000	-0.547000	-22.605000	23.190000	19.276000
3.803990	13.962000	1.345000	-3.430000	7.740000	-10.010000	-0.185000	-21.064000	24.685000	19.276000
3.816380	15.431000	1.729000	-5.907000	5.763000	-10.012000	0.523000	-21.064000	25.030000	19.276000
3.824010	16.854000	3.145000	-8.005000	2.788000	-8.378000	1.112000	-22.558000	25.030000	18.634000
3.835910	18.069000	4.474000	-8.847000	-0.330000	-3.086000	1.393000	-24.388000	24.444000	16.534000
3.844000	18.159000	5.320000	-7.785000	-2.751000	3.329000	1.479000	-26.593000	24.444000	13.963000
3.854190	17.748000	5.660000	-5.058000	-4.186000	8.077000	1.388000	-28.146000	23.510000	12.034000
3.863590	16.750000	4.226000	-2.097000	-4.806000	9.913000	1.057000	-29.809000	22.688000	8.087000
3.875180	16.207000	2.361000	1.570000	-4.906000	10.004000	0.547000	-30.934000	22.361000	5.329000
3.884040	16.304000	0.465000	5.580000	-4.849000	10.000000	0.042000	-31.701000	21.813000	1.834000
3.895910	16.229000	-0.532000	7.666000	-4.987000	10.000000	-0.253000	-33.149000	21.813000	-3.308000
3.903750	16.196000	-0.559000	7.289000	-5.134000	10.000000	-0.202000	-33.149000	21.813000	-9.556000
3.915710	16.111000	-0.098000	5.640000	-5.405000	10.000000	-0.049000	-32.147000	22.271000	-15.440000
3.924990	15.338000	0.722000	4.463000	-5.457000	10.000000	0.404000	-30.299000	23.262000	-20.808000
3.935730	14.013000	1.295000	3.464000	-5.224000	10.000000	0.870000	-27.243000	24.603000	-27.836000
3.947910	12.153000	1.888000	1.866000	-4.640000	10.000000	1.196000	-24.479000	25.434000	-32.148000
3.953650	9.525000	3.208000	-1.319000	-3.617000	10.000000	1.278000	-20.666000	25.787000	-34.312000
3.963690	5.878000	3.354000	-5.528000	-2.260000	10.000000	1.094000	-18.252000	25.787000	-36.553000
3.975740	2.107000	2.740000	-8.780000	-0.926000	10.004000	0.640000	-16.268000	25.787000	-38.653000
3.984560	-0.199000	2.473000	-10.066000	0.173000	9.969000	-0.067000	-15.728000	25.146000	-39.427000
3.995730	-0.183000	2.161000	-8.613000	1.119000	8.649000	-0.871000	-16.278000	24.630000	-39.427000
4.003690	1.782000	0.604000	-4.792000	1.956000	5.158000	-1.564000	-18.504000	23.727000	-38.148000
4.016540	1.978000	-0.597000	-0.866000	2.611000	0.600000	-1.989000	-22.593000	22.430000	-37.060000
4.024170	2.984000	-0.475000	1.164000	2.877000	-4.148000	-2.086000	-27.603000	20.817000	-33.967000
4.035710	5.028000	0.184000	0.397000	3.348000	-8.162000	-1.990000	-31.727000	18.887000	-28.717000
4.044190	6.986000	0.863000	-2.264000	3.791000	-9.353000	-1.538000	-35.198000	17.527000	-24.320000
4.055540	8.797000	1.604000	-4.518000	4.215000	-10.012000	-0.918000	-36.912000	16.636000	-18.750000
4.065000	11.747000	2.880000	-5.104000	4.556000	-10.000000	-0.338000	-38.035000	15.928000	-13.032000
4.076660	16.140000	4.810000	-4.280000	4.813000	-9.998000	0.105000	-38.739000	15.928000	-7.250000
4.084290	18.326000	5.839000	-3.298000	5.009000	-9.998000	0.458000	-37.161000	16.256000	-1.321000
4.095770	17.574000	5.154000	-2.482000	5.178000	-9.998000	0.684000	-34.567000	16.920000	5.389000
4.104280	14.907000	3.946000	-1.741000	5.343000	-9.998000	0.591000	-32.507000	17.631000	9.347000
4.115720	11.664000	2.498000	-0.094000	5.350000	-9.998000	0.258000	-30.180000	18.200000	12.371000
4.127930	9.720000	1.006000	2.684000	4.993000	-9.998000	-0.016000	-28.338000	18.846000	15.223000
4.134310	10.125000	0.090000	5.657000	4.172000	-10.012000	-0.058000	-26.538000	19.618000	15.837000
4.144720	12.397000	0.120000	7.171000	3.604000	-9.748000	0.198000	-26.214000	19.618000	16.954000
4.155730	15.770000	1.299000	6.076000	2.165000	-7.698000	0.437000	-26.609000	20.089000	16.493000
4.164340	18.877000	3.795000	4.569000	0.294000	-5.836000	1.053000	-28.222000	20.089000	14.389000
4.175690	19.608000	6.246000	3.622000	-1.796000	-0.979000	1.691000	-30.517000	20.089000	11.625000
4.187170	19.608000	7.881000	3.796000	-3.556000	4.748000	2.205000	-31.993000	20.089000	5.853000
4.194800	19.608000	7.792000	3.984000	-4.558000	9.005000	2.473000	-32.827000	20.089000	1.263000
4.203950	19.568000	5.664000	4.149000	-4.761000	10.004000	2.399000	-33.389000	20.462000	-5.558000
4.215430	18.440000	3.494000	6.188000	-4.359000	10.004000	1.998000	-33.389000	20.812000	-11.534000
4.226200	17.739000	2.098000	7.516000	-3.699000	10.000000	1.447000	-32.232000	21.488000	-17.137000
4.234830	17.826000	2.383000	7.609000	-3.129000	10.000000	1.046000	-30.142000	22.088000	-22.843000
4.245760	17.181000	3.061000	7.316000	-2.807000	10.000000	0.991000	-27.418000	23.710000	-28.807000
4.255710	14.890000	2.978000	7.494000	-2.751000	10.000000	1.158000	-23.686000	24.989000	-33.464000
4.265690	11.662000	2.392000	7.037000	-2.790000	10.000000	1.274000	-18.629000	25.819000	-35.897000
4.274970	8.043000	2.082000	5.646000	-2.815000	10.000000	1.257000	-14.505000	26.686000	-39.059000
4.285800	4.565000	1.532000	3.076000	-2.531000	10.000000	1.072000	-10.098000	27.728000	-41.113000
4.295050	1.368000	1.273000	-0.634000	-1.845000	10.000000	0.782000	-6.532000	27.728000	-43.618000
4.307920	-1.338000	1.721000	-4.709000	-0.900000	10.000000	0.437000	-3.269000	27.728000	-43.618000
4.314670	-3.028000	1.806000	-6.556000	0.001000	10.004000	0.073000	-1.036000	27.317000	-44.862000
4.326450	-3.606000	1.268000	-4.805000	0.680000	9.774000	-0.279000	-0.421000	26.960000	-46.136000
4.335630	-2.613000	0.566000	-1.884000	1.133000	8.048000	-0.649000	-1.092000	26.533000	-46.136000
4.345700	-0.415000	0.052000	1.090000	1.407000	4.781000	-1.028000	-3.489000	25.439000	-46.136000
4.354400	3.221000	0.266000	3.526000	1.690000	0.842000	-1.345000	-6.869000	24.317000	-44.694000
4.364440	7.620000	1.347000	4.714000	2.157000	-3.260000	-1.510000	-10.917000	23.626000	-42.987000
4.374610	11.498000	2.823000	3.877000	2.768000	-7.101000	-1.482000	-16.278000	22.065000	-40.487000
4.385710	14.116000	3.953000	2.491000	3.444000	-9.541000	-1.341000	-22.116000	20.684000	-37.957000
4.395750	17.057000	3.865000	0.768000	4.130000	-10.012000	-1.257000	-27.233000	18.930000	-33.784000
4.405700	19.353000	4.112000	0.493000	4.443000	-9.999000	-1.271000	-31.912000	16.854000	-26.976000
4.418460	19.608000	5.220000	1.711000	4.946000	-9.998000	-1.374000	-34.706000	15.068000	-19.934000
4.425910	19.608000	6.266000	3.464000	5.268000	-9.998000	-1.455000	-36.712000	13.819000	-13.462000
4.438230	19.608000	6.262000	3.619000	5.439000	-9.998000	-1.413000	-36.712000	13.066000	-5.708000
4.446020	19.076000	5.312000	2.210000	5.456000	-9.998000	-1.337000	-35.328000	12.509000	1.176000
4.465940	14.823000	3.288000	0.076000	5.020000	-9.998000	-1.522000	-31.996000	12.509000	11.106000
4.475530	10.851000	1.503000	-1.495000	4.464000	-9.999000	-1.550000	-30.270000	12.509000	14.059000
4.488130	8.112000	0.472000	-1.788000	3.508000	-10.012000	-1.310000	-29.072000	12.509000	14.910000
4.495580	6.182000	-0.303000	-1.748000	2.146000	-9.593000	-0.799000	-28.657000	12.509000	16.215000
4.506260	5.141000	-1.253000	-2.131000	1.363000	-7.513000	-0.199000	-28.263000	12.121000	17.109000
4.517430	4.795000	-1.441000	-2.564000	-0.157000	-4.386000	0.093000	-28.263000	12.121000	16.426000
4.524230	5.573000	-0.735000	-3.862000	-1.170000	-2.877000	0.671000	-28.871000	12.121000	16.426000
4.536750	7.406000	0.672000	-5.012000	-1.407000	-0.488000	1.219000	-28.562000	12.864000	16.426000
4.546080	8.665000	2.018000	-5.742000	-0.976000	0.681000	1.635000	-28.562000	13.589000	16.426000
4.555240	9.461000	2.987000	-5.821000	-0.219000	0.718000	1.815000	-27.764000	14.019000	17.324000
4.566040	10.249000	3.875000	-4.605000	0.540000	-0.007000	1.734000	-26.965000	14.787000	17.324000
4.575290	10.452000	3.979000	-2.563000	1.072000	-1.009000	1.476000	-26.965000	15.113000	17.974000
4.586550	10.417000	2.874000	-0.573000	1.213000	-1.789000	1.171000	-26.965000	14.709000	17.445000
4.595740	10.171000	1.442000	1.098000	0.928000	-1.951000	0.933000	-26.965000	14.709000	17.982000
4.605710	10.259000	1.103000	2.617000	0.227000	-1.140000	0.860000	-27.679000	14.709000	16.406000
4.617890	10.994000	0.822000	3.667000	-0.717000	0.772000	0.999000	-28.999000	15.039000	14.115000
4.625340	11.819000	0.415000	4.043000	-1.595000	3.379000	1.265000	-30.413000	15.425000	11.524000
4.634370	12.379000	0.188000	4.158000	-1.939000	6.127000	1.412000	-31.199000	15.849000	8.473000
4.645720	13.400000	-0.399000	4.816000	-2.395000	7.430000	1.717000	-32.156000	16.383000	4.920000
4.654790	15.392000	-0.931000	6.252000	-2.552000	9.392000	2.005000	-32.543000	17.208000	-0.736000
4.668580	18.005000	-0.810000	8.238000	-2.473000	10.004000	2.310000	-32.902000	18.200000	-6.869000
4.674410	19.538000	-0.965000	9.940000	-2.267000	10.004000	2.633000	-32.902000	19.750000	-11.619000
4.686220	19.608000	-1.384000	10.588000	-1.958000	10.000000	2.855000	-31.538000	20.747000	-16.636000
4.694430	19.608000	-1.375000	10.337000	-1.469000	10.000000	2.899000	-30.163000	22.257000	-21.900000
4.704440	19.608000	-0.455000	9.109000	-0.841000	10.000000	2.799000	-27.404000	23.284000	-26.770000
4.715460	19.608000	0.725000	6.086000	-0.240000	10.000000	2.622000	-24.842000	23.902000	-31.796000
4.725710	19.559000	1.772000	2.821000	0.190000	10.000000	2.323000	-21.182000	24.475000	-34.742000
4.736700	17.360000	2.149000	1.213000	0.374000	10.000000	1.811000	-17.196000	24.848000	-37.486000
4.744870	13.324000	1.369000	-0.560000	0.433000	10.000000	1.081000	-13.874000	24.848000	-40.379000
4.756690	9.026000	0.467000	-1.781000	0.483000	10.004000	0.653000	-11.087000	24.450000	-41.615000
4.765690	4.882000	-0.087000	-1.419000	0.634000	10.004000	-0.257000	-9.335000	23.852000	-42.877000
4.776770	1.664000	-0.828000	-0.404000	0.712000	9.803000	-1.108000	-8.299000	23.492000	-44.078000
4.784910	0.226000	-1.044000	0.519000	0.677000	8.372000	-1.804000	-8.299000	23.075000	-44.078000
4.796790	-0.267000	-0.965000	1.481000	0.666000	5.848000	-2.281000	-9.030000	22.547000	-44.078000
4.805700	-0.406000	-1.593000	3.345000	0.716000	3.095000	-2.541000	-10.688000	22.080000	-43.626000
4.816770	0.209000	-2.172000	5.039000	0.763000	0.401000	-2.680000	-13.046000	21.536000	-42.649000
4.825470	1.234000	-2.351000	6.334000	0.789000	-2.089000	-2.707000	-15.292000	21.041000	-40.768000
4.836790	2.389000	-2.649000	7.075000	0.781000	-4.273000	-2.579000	-17.834000	20.614000	-38.969000
4.847990	3.911000	-2.171000	7.357000	0.734000	-5.987000	-2.305000	-21.566000	20.198000	-37.995000
4.855710	5.939000	-0.810000	6.547000	0.714000	-7.180000	-1.920000	-23.992000	19.694000	-36.117000
4.866730	8.313000	0.891000	5.117000	0.833000	-7.990000	-1.465000	-26.173000	19.227000	-32.972000
4.875490	10.839000	2.176000	4.343000	0.977000	-8.621000	-1.257000	-29.055000	18.275000	-30.337000
4.884610	13.400000	2.939000	4.671000	1.461000	-8.957000	-0.984000	-31.329000	17.358000	-25.717000
4.894590	14.823000	3.217000	5.742000	2.128000	-9.654000	-0.932000	-33.755000	15.904000	-20.700000
4.905280	15.176000	3.528000	6.958000	2.759000	-9.989000	-1.020000	-35.110000	15.132000	-15.780000
4.914950	14.680000	3.941000	7.508000	3.176000	-10.002000	-1.131000	-35.807000	14.262000	-11.575000
4.925140	13.313000	4.004000	7.374000	3.352000	-9.998000	-1.175000	-36.489000	13.603000	-7.492000
4.937960	11.495000	3.425000	6.683000	3.301000	-10.005000	-1.151000	-36.080000	13.212000	-4.216000
4.945650	9.905000	2.499000	5.889000	3.034000	-9.993000	-1.083000	-35.768000	13.212000	-1.760000
4.957890	9.079000	1.651000	5.763000	2.513000	-9.261000	-0.952000	-34.683000	12.744000	-0.390000
4.966400	8.841000	1.200000	6.791000	1.680000	-7.192000	-0.725000	-34.185000	12.744000	0.402000
4.977910	9.137000	0.385000	7.406000	0.627000	-4.458000	-0.361000	-34.536000	12.744000	-2.284000
4.986480	9.737000	-0.314000	7.897000	-0.429000	-1.589000	0.064000	-34.536000	13.185000	-3.793000
4.995760	9.498000	-0.705000	9.112000	-0.897000	1.329000	0.270000	-34.536000	13.185000	-6.422000
5.005680	9.091000	-1.353000	9.518000	-1.648000	2.787000	0.678000	-33.943000	13.983000	-10.183000
5.017890	9.528000	-1.930000	9.468000	-2.125000	5.491000	1.100000	-33.416000	14.625000	-14.656000
5.028020	11.007000	-2.395000	8.430000	-2.302000	7.738000	1.556000	-32.315000	15.754000	-19.454000
5.035250	13.204000	-2.101000	7.620000	-2.252000	9.373000	2.081000	-30.273000	16.790000	-23.718000
5.046080	15.114000	-1.754000	6.756000	-2.209000	9.987000	2.621000	-27.581000	18.028000	-28.538000
5.055730	16.355000	-0.998000	6.379000	-2.330000	10.004000	3.036000	-24.433000	19.978000	-32.473000
5.067020	16.345000	0.019000	6.470000	-2.551000	10.000000	3.201000	-19.635000	21.881000	-34.611000
5.075290	15.112000	0.622000	6.205000	-2.715000	10.000000	3.108000	-15.791000	23.622000	-38.204000
5.086550	13.004000	0.883000	4.727000	-2.614000	10.000000	2.757000	-12.214000	24.989000	-40.293000
5.094760	10.276000	0.768000	2.735000	-2.120000	10.000000	2.189000	-9.223000	25.895000	-42.657000
5.107940	7.257000	0.420000	1.615000	-1.372000	10.004000	1.490000	-6.161000	26.245000	-43.211000
5.115360	4.298000	-0.317000	1.031000	-1.024000	9.800000	1.122000	-4.122000	26.245000	-44.189000
5.126620	1.656000	-0.864000	0.599000	-0.542000	9.353000	0.418000	-2.691000	26.245000	-44.189000
5.135710	-0.353000	-1.328000	0.922000	-0.323000	7.771000	-0.188000	-2.066000	26.614000	-44.769000
5.146150	-1.727000	-2.488000	2.466000	-0.292000	5.969000	-0.660000	-1.457000	26.614000	-45.529000
5.155790	-2.424000	-3.944000	4.281000	-0.410000	4.303000	-1.006000	-1.457000	27.169000	-45.219000
5.167240	-2.092000	-4.509000	6.129000	-0.538000	2.697000	-1.263000	-2.586000	26.846000	-44.537000
5.174840	-0.281000	-3.955000	7.184000	-0.465000	1.036000	-1.411000	-4.345000	26.846000	-44.003000
5.187230	1.949000	-3.130000	6.460000	-0.071000	-0.683000	-1.465000	-5.955000	25.866000	-43.493000
5.195440	4.855000	-2.766000	5.104000	0.668000	-2.519000	-1.503000	-9.118000	24.980000	-41.860000
5.208620	6.376000	-2.766000	4.827000	1.628000	-4.532000	-1.624000	-13.200000	23.384000	-40.684000
5.214970	8.290000	-2.473000	6.093000	2.527000	-6.675000	-1.810000	-18.031000	21.679000	-38.087000
5.226260	10.248000	-2.154000	7.238000	3.191000	-8.772000	-1.940000	-23.329000	20.343000	-36.230000
5.236480	11.117000	-1.672000	6.937000	3.441000	-9.898000	-1.962000	-27.131000	18.553000	-32.235000
5.246770	12.233000	-0.392000	5.747000	3.829000	-10.012000	-1.929000	-31.161000	16.778000	-27.597000
5.256440	14.263000	0.977000	4.414000	4.073000	-10.001000	-1.801000	-33.535000	15.692000	-23.075000
5.267270	16.527000	2.285000	4.596000	4.100000	-9.998000	-1.583000	-35.244000	13.905000	-17.552000
5.276610	18.535000	3.184000	5.773000	3.915000	-9.998000	-1.375000	-36.511000	13.322000	-12.768000
5.287260	19.472000	3.369000	6.570000	3.624000	-9.998000	-1.287000	-36.082000	13.322000	-8.651000
5.295870	18.610000	2.712000	6.747000	3.370000	-9.998000	-1.387000	-36.082000	12.248000	-3.645000
5.307280	16.388000	2.043000	6.780000	3.233000	-9.998000	-1.645000	-34.832000	11.297000	0.575000
5.315520	13.151000	1.572000	6.712000	3.114000	-10.012000	-1.894000	-33.796000	10.939000	4.286000
5.326780	9.871000	0.458000	5.891000	2.816000	-9.767000	-2.012000	-33.796000	10.408000	5.123000
5.336030	7.394000	-0.246000	5.061000	2.244000	-8.367000	-1.974000	-33.441000	9.616000	5.714000
5.345220	6.279000	-0.637000	4.405000	1.409000	-5.838000	-1.716000	-33.872000	9.304000	4.742000
5.355350	6.293000	-0.889000	4.266000	0.892000	-2.721000	-1.477000	-34.492000	9.304000	2.975000
5.364960	7.588000	-0.575000	4.345000	-0.361000	-1.016000	-0.806000	-35.461000	9.304000	-1.101000
5.375000	9.682000	0.178000	4.427000	-1.779000	2.596000	0.012000	-35.939000	9.979000	-6.930000
5.387390	12.236000	0.868000	5.710000	-3.129000	6.304000	0.901000	-35.510000	11.044000	-13.116000
5.394960	14.187000	1.500000	8.630000	-4.281000	9.138000	1.784000	-34.280000	12.461000	-18.539000
5.404970	15.419000	2.033000	11.486000	-5.057000	10.004000	2.532000	-32.435000	14.155000	-24.098000
5.415010	16.101000	2.790000	13.226000	-5.234000	10.004000	3.021000	-29.292000	15.933000	-30.587000
5.424960	16.264000	2.956000	12.809000	-4.697000	10.000000	3.229000	-26.663000	17.234000	-34.333000
5.434940	15.365000	2.899000	10.560000	-3.582000	10.000000	3.176000	-22.682000	18.322000	-38.151000
5.444920	13.224000	2.443000	8.030000	-2.250000	10.000000	2.886000	-18.260000	19.564000	-41.195000
5.454930	10.772000	1.671000	5.862000	-1.102000	10.000000	2.399000	-13.186000	20.193000	-44.010000
5.464940	7.945000	0.778000	3.678000	-0.456000	10.000000	1.826000	-8.552000	21.025000	-45.680000
5.476320	4.684000	-0.264000	0.963000	-0.339000	10.000000	1.563000	-4.495000	21.025000	-47.212000
5.487430	1.151000	-0.770000	-1.162000	-0.368000	10.000000	1.128000	-0.178000	21.025000	-48.561000
5.496950	-1.841000	-0.576000	-2.036000	-0.511000	10.000000	0.774000	3.500000	21.902000	-48.019000
5.505950	-3.424000	-0.085000	-1.762000	-0.582000	10.004000	0.471000	5.805000	21.583000	-48.709000
5.516790	-3.051000	0.539000	-1.876000	-0.393000	9.755000	0.177000	6.138000	21.583000	-48.709000
5.525610	-1.729000	1.212000	-2.170000	0.264000	7.972000	-0.168000	5.018000	20.783000	-49.682000
5.536130	0.530000	1.699000	-1.287000	1.391000	4.470000	-0.602000	2.311000	19.560000	-49.098000
5.546140	3.035000	1.595000	-0.067000	2.688000	0.056000	-1.111000	-2.017000	17.930000	-49.098000
5.555700	5.050000	1.793000	1.305000	3.771000	-4.665000	-1.572000	-8.316000	15.768000	-47.257000
5.569190	7.664000	1.803000	1.256000	4.474000	-8.558000	-1.787000	-15.116000	13.278000	-44.874000
5.576570	9.729000	1.306000	0.206000	4.782000	-9.991000	-1.665000	-22.247000	11.656000	-41.664000
5.587770	12.107000	1.056000	-0.622000	4.744000	-10.012000	-1.295000	-27.664000	9.866000	-37.118000
5.597750	14.828000	0.862000	-0.874000	4.620000	-9.998000	-1.054000	-32.711000	8.763000	-30.474000
5.607120	18.025000	1.461000	-0.051000	4.254000	-9.998000	-0.504000	-36.172000	7.873000	-23.274000
5.617800	19.608000	3.815000	2.625000	3.911000	-9.998000	0.073000	-38.043000	7.873000	-16.162000
5.627500	19.608000	6.206000	4.784000	3.786000	-9.998000	0.618000	-38.816000	7.873000	-9.085000
5.637790	19.608000	7.023000	5.871000	3.939000	-9.998000	1.053000	-37.767000	8.593000	-1.844000
5.645910	17.542000	6.089000	5.198000	4.365000	-9.998000	1.187000	-35.839000	9.182000	4.994000
5.655280	13.871000	3.975000	3.239000	4.908000	-9.998000	0.954000	-34.138000	9.902000	9.805000
5.667120	11.495000	1.971000	1.495000	5.297000	-9.998000	0.587000	-32.240000	11.134000	13.273000
5.677190	10.804000	1.487000	0.688000	5.316000	-10.012000	0.396000	-30.999000	11.904000	14.437000
5.686650	11.728000	2.650000	0.241000	4.827000	-9.925000	0.510000	-29.733000	13.038000	16.006000
5.697660	12.988000	3.840000	0.500000	3.795000	-8.609000	0.815000	-29.733000	13.864000	15.615000
5.706450	13.607000	4.539000	0.272000	2.355000	-5.654000	1.107000	-30.212000	14.187000	14.454000
5.717230	13.690000	4.597000	-1.011000	1.572000	-2.078000	1.203000	-31.230000	14.187000	12.609000
5.726350	13.627000	4.320000	-1.913000	0.061000	-0.224000	1.283000	-32.954000	14.187000	10.005000
5.737180	13.734000	3.968000	-1.663000	-1.185000	3.447000	1.270000	-33.787000	14.593000	6.723000
5.747710	14.019000	2.933000	-0.580000	-2.033000	6.786000	1.229000	-34.939000	14.256000	2.444000
5.756780	15.283000	2.359000	1.470000	-2.506000	9.167000	1.211000	-36.230000	14.785000	-3.421000
5.765410	16.437000	2.699000	3.524000	-2.778000	9.989000	1.247000	-35.809000	15.818000	-7.879000
5.777250	17.495000	3.702000	6.014000	-2.988000	10.004000	1.419000	-35.285000	16.474000	-12.547000
5.786590	18.514000	4.264000	8.475000	-3.109000	10.000000	1.692000	-34.101000	17.602000	-17.054000
5.796750	18.701000	4.430000	8.780000	-3.096000	10.000000	1.892000	-32.682000	18.756000	-22.291000
5.807920	17.784000	4.237000	7.219000	-2.957000	10.000000	1.925000	-31.187000	19.801000	-26.960000
5.816840	16.350000	4.168000	6.360000	-2.705000	10.000000	1.792000	-27.598000	20.835000	-31.632000
5.826390	14.729000	4.185000	6.630000	-2.377000	10.000000	1.524000	-24.409000	21.725000	-35.346000
5.837890	12.409000	3.736000	6.445000	-2.220000	10.000000	1.359000	-19.897000	22.456000	-37.318000
5.845520	9.541000	2.787000	5.716000	-1.955000	10.000000	0.987000	-15.902000	23.365000	-40.553000
5.855710	5.954000	1.546000	4.337000	-1.678000	10.000000	0.536000	-12.477000	23.365000	-42.439000
5.868200	3.105000	1.093000	2.847000	-1.250000	10.000000	0.007000	-9.207000	23.046000	-43.807000
5.877870	1.189000	1.526000	1.027000	-0.601000	10.004000	-0.545000	-7.252000	23.046000	-45.277000
5.885680	0.198000	2.618000	-0.762000	0.150000	9.848000	-0.990000	-5.119000	23.046000	-45.645000
5.896880	-0.251000	3.802000	-1.836000	0.694000	8.687000	-1.245000	-3.511000	22.410000	-46.382000
5.907900	-0.419000	4.450000	-1.022000	0.751000	6.849000	-1.366000	-2.384000	22.410000	-47.171000
5.917630	-0.309000	4.408000	0.297000	0.335000	5.316000	-1.440000	-1.748000	22.790000	-47.171000
5.928530	0.547000	4.145000	0.583000	-0.269000	4.086000	-1.608000	-2.532000	22.790000	-47.171000
5.935760	0.527000	2.802000	2.238000	-0.633000	2.746000	-1.958000	-3.793000	22.790000	-46.655000
5.946810	-0.101000	-0.209000	4.441000	-0.521000	0.978000	-2.431000	-6.343000	22.790000	-45.956000
5.957800	-0.308000	-2.689000	6.308000	-0.332000	-1.251000	-2.694000	-9.619000	21.867000	-44.715000
5.967900	0.582000	-3.247000	7.507000	0.193000	-2.545000	-3.201000	-13.369000	21.389000	-43.040000
5.976140	1.541000	-2.473000	7.277000	0.862000	-5.411000	-3.417000	-18.089000	21.003000	-40.318000
5.988280	4.517000	-0.351000	7.138000	1.631000	-8.186000	-3.103000	-23.818000	19.944000	-39.266000
5.996710	7.737000	1.782000	5.958000	2.502000	-9.776000	-2.367000	-28.686000	18.161000	-35.211000
6.006840	11.199000	3.551000	3.236000	3.478000	-10.012000	-1.441000	-32.876000	16.123000	-29.850000
6.018460	13.394000	5.257000	1.366000	4.467000	-9.998000	-0.568000	-35.314000	14.640000	-23.793000
6.028200	15.405000	5.797000	0.942000	5.316000	-9.998000	-0.006000	-37.751000	13.870000	-17.880000
6.038060	16.601000	5.351000	1.508000	5.868000	-9.998000	0.269000	-37.751000	13.870000	-11.769000
6.046690	16.426000	5.113000	3.288000	6.112000	-9.998000	0.370000	-37.751000	13.870000	-5.870000
6.059360	14.893000	4.223000	5.113000	6.161000	-9.998000	0.363000	-36.430000	13.870000	-0.411000
6.078130	14.128000	3.035000	5.729000	5.785000	-10.004000	0.369000	-33.865000	15.353000	6.721000
6.088200	15.280000	2.608000	5.302000	5.502000	-10.012000	0.472000	-32.910000	16.435000	7.914000
6.096770	18.295000	3.995000	4.160000	4.434000	-9.811000	0.924000	-32.910000	17.036000	7.914000
6.110320	19.608000	6.865000	3.448000	2.454000	-7.508000	1.545000	-33.450000	17.036000	4.545000
6.115790	19.608000	8.765000	3.349000	-0.220000	-2.604000	1.959000	-34.088000	17.674000	0.756000
6.125800	19.598000	8.516000	3.135000	-2.777000	3.224000	1.908000	-35.372000	17.674000	-4.618000
6.136290	18.477000	7.464000	2.792000	-4.437000	8.084000	1.501000	-35.372000	17.674000	-10.710000
6.146270	16.723000	5.789000	2.609000	-5.041000	9.956000	1.009000	-34.669000	18.319000	-16.406000
6.158140	14.799000	3.357000	3.995000	-5.052000	10.004000	0.574000	-33.120000	18.319000	-22.381000
6.167910	13.008000	1.386000	6.559000	-4.970000	10.000000	0.296000	-30.497000	19.316000	-27.317000
6.178040	12.140000	0.585000	8.300000	-4.809000	10.000000	0.291000	-27.674000	20.019000	-33.009000
6.188080	11.630000	0.691000	8.133000	-4.315000	10.000000	0.529000	-23.768000	21.395000	-36.735000
6.195860	11.018000	1.590000	6.358000	-3.918000	10.000000	0.678000	-19.444000	22.363000	-39.257000
6.206510	9.602000	2.877000	4.305000	-2.911000	10.000000	0.907000	-15.423000	23.269000	-41.569000
6.218230	6.703000	3.256000	2.062000	-1.837000	10.000000	0.957000	-11.720000	23.574000	-43.879000
6.227880	3.073000	2.762000	-0.191000	-0.931000	10.001000	0.768000	-8.753000	23.574000	-44.926000
6.237280	0.266000	2.647000	-1.954000	-0.284000	10.004000	0.396000	-6.112000	23.574000	-46.147000
6.246340	-1.599000	3.008000	-2.791000	0.049000	9.659000	0.063000	-4.576000	23.574000	-46.878000
6.258240	-2.802000	2.704000	-2.383000	0.027000	8.281000	-0.118000	-3.153000	23.574000	-47.398000
6.267890	-3.540000	2.064000	-1.761000	-0.205000	6.434000	-0.235000	-2.812000	23.574000	-47.021000
6.277860	-3.635000	0.967000	-1.253000	-0.295000	4.496000	-0.370000	-3.681000	23.574000	-47.021000
6.290320	-2.200000	0.394000	-0.329000	-0.021000	2.210000	-0.498000	-5.712000	23.574000	-45.693000
6.296140	0.082000	0.727000	0.864000	0.562000	-0.514000	-0.538000	-8.700000	22.863000	-44.679000
6.307860	3.186000	1.504000	2.002000	1.240000	-3.563000	-0.455000	-12.643000	22.351000	-43.080000
6.316840	6.301000	1.991000	2.620000	1.549000	-6.661000	-0.390000	-16.960000	22.026000	-41.050000
6.327880	9.375000	2.872000	3.007000	2.057000	-8.041000	-0.257000	-21.798000	21.299000	-39.508000
6.336490	12.218000	4.102000	3.023000	2.417000	-9.740000	-0.150000	-25.587000	20.983000	-36.166000
6.347320	14.469000	5.278000	2.679000	2.662000	-10.012000	-0.083000	-29.061000	20.465000	-32.135000
6.358310	16.281000	6.020000	2.354000	2.882000	-9.998000	-0.114000	-32.337000	19.400000	-26.550000
6.367890	17.497000	6.108000	2.863000	3.131000	-9.998000	-0.265000	-34.767000	18.293000	-22.036000
6.377930	18.516000	6.040000	3.850000	3.373000	-9.998000	-0.460000	-36.511000	17.364000	-16.841000
6.387910	19.252000	6.279000	5.054000	3.517000	-9.998000	-0.611000	-37.435000	16.780000	-10.583000
6.397860	19.401000	6.891000	6.487000	3.395000	-9.998000	-0.695000	-37.435000	16.261000	-6.547000
6.407900	17.766000	6.908000	7.113000	2.883000	-9.999000	-0.743000	-37.435000	15.606000	-2.032000
6.419280	14.711000	5.707000	6.935000	2.078000	-10.012000	-0.833000	-36.676000	15.127000	0.183000
6.427400	11.293000	3.841000	6.603000	1.203000	-9.599000	-1.020000	-36.676000	14.392000	0.917000
6.437960	8.332000	2.306000	5.892000	0.792000	-7.506000	-1.104000	-36.317000	13.949000	1.916000
6.446140	7.135000	1.284000	5.449000	0.067000	-6.008000	-1.116000	-36.836000	13.949000	1.461000
6.457460	7.813000	1.425000	5.213000	-0.502000	-3.058000	-0.861000	-36.836000	13.497000	0.340000
6.470890	9.383000	1.925000	5.170000	-0.898000	-0.409000	-0.333000	-36.836000	14.044000	-1.954000
6.476080	10.983000	2.172000	5.359000	-1.122000	1.895000	0.363000	-37.411000	14.044000	-4.138000
6.486120	12.057000	2.505000	6.285000	-1.200000	3.758000	0.993000	-37.411000	14.894000	-7.160000
6.496770	12.569000	2.037000	7.521000	-1.186000	5.265000	1.459000	-36.964000	15.708000	-11.021000
6.508360	13.425000	0.992000	9.033000	-1.125000	6.497000	1.776000	-36.402000	16.281000	-14.381000
6.517150	14.864000	0.631000	10.022000	-1.104000	7.525000	2.013000	-35.032000	17.114000	-18.490000
6.528350	16.659000	1.056000	10.398000	-1.192000	8.552000	2.294000	-33.885000	17.623000	-22.494000
6.536680	17.981000	1.247000	10.072000	-1.356000	9.539000	2.616000	-32.226000	18.547000	-27.354000
6.546750	18.516000	1.223000	9.045000	-1.513000	9.985000	2.867000	-29.237000	20.120000	-32.308000
6.558500	18.329000	1.208000	7.879000	-1.562000	10.004000	2.935000	-25.146000	21.781000	-35.513000
6.568360	17.482000	1.559000	6.692000	-1.556000	10.000000	2.953000	-19.964000	23.373000	-38.017000
6.578040	16.033000	2.424000	3.970000	-1.416000	10.000000	2.833000	-15.542000	24.310000	-40.487000
6.588440	13.130000	3.736000	-2.457000	-1.195000	10.000000	2.566000	-11.022000	24.978000	-42.460000
6.598120	9.531000	5.174000	-9.080000	-0.996000	10.000000	2.128000	-7.519000	25.827000	-43.740000
6.608220	6.324000	4.977000	-11.697000	-0.925000	10.004000	1.461000	-5.548000	26.492000	-44.905000
6.617130	4.089000	1.548000	-9.641000	-0.858000	10.004000	0.470000	-5.548000	26.492000	-44.320000
6.628240	4.219000	-1.747000	-4.573000	-0.542000	8.645000	-0.855000	-7.714000	26.492000	-43.650000
6.637180	6.970000	-3.180000	1.446000	0.050000	4.263000	-2.174000	-11.296000	24.864000	-42.401000
6.649870	11.233000	-3.091000	7.855000	0.711000	-1.760000	-2.987000	-16.322000	23.890000	-40.019000
6.657930	14.659000	-1.721000	13.106000	1.245000	-7.207000	-3.162000	-21.751000	22.819000	-37.817000
6.666780	16.237000	-0.355000	15.204000	1.618000	-9.796000	-2.938000	-26.052000	21.783000	-33.781000
6.678130	16.613000	0.724000	14.313000	1.779000	-10.012000	-2.782000	-29.771000	20.445000	-29.508000
6.686800	16.911000	1.818000	12.589000	2.106000	-10.004000	-2.521000	-32.377000	19.371000	-24.638000
6.697690	17.225000	2.605000	11.641000	2.400000	-9.998000	-2.372000	-34.225000	18.080000	-20.449000
6.706790	16.646000	2.550000	11.275000	2.570000	-9.998000	-2.304000	-35.673000	17.198000	-16.970000
6.716340	14.945000	1.261000	10.596000	2.599000	-9.998000	-2.290000	-36.456000	16.058000	-13.993000
6.726350	12.607000	-0.314000	9.996000	2.472000	-10.012000	-2.296000	-37.031000	14.926000	-10.284000
6.736390	9.793000	-1.765000	9.834000	2.113000	-9.766000	-2.201000	-37.031000	14.093000	-8.602000
6.746400	7.471000	-2.375000	10.208000	1.471000	-8.336000	-1.912000	-37.031000	13.221000	-8.602000
6.758670	6.990000	-2.470000	10.560000	0.646000	-5.847000	-1.438000	-37.428000	13.221000	-9.533000
6.767760	7.985000	-1.499000	9.814000	-0.125000	-2.997000	-0.761000	-37.428000	13.221000	-10.424000
6.779150	10.003000	-0.384000	7.816000	-0.629000	-0.189000	0.066000	-37.083000	13.743000	-12.246000
6.787870	12.111000	0.997000	6.750000	-0.827000	2.308000	0.867000	-36.430000	14.067000	-14.607000
6.798340	13.309000	1.982000	6.856000	-0.848000	4.432000	1.205000	-35.549000	15.164000	-17.277000
6.808990	13.372000	1.866000	6.785000	-0.845000	5.306000	1.694000	-34.889000	16.270000	-21.238000
6.817930	12.808000	0.918000	6.673000	-0.830000	6.559000	1.913000	-33.334000	16.807000	-23.251000
6.831120	11.997000	-0.353000	6.797000	-0.813000	7.256000	1.935000	-31.805000	17.782000	-26.449000
6.836520	11.314000	-0.982000	7.078000	-0.916000	7.811000	1.911000	-29.330000	18.403000	-30.718000
6.846530	11.034000	-0.741000	7.074000	-1.213000	8.497000	1.971000	-27.252000	19.705000	-33.946000
6.858030	10.955000	0.099000	6.254000	-1.613000	9.294000	2.135000	-24.476000	20.417000	-35.845000
6.869110	10.381000	0.861000	5.471000	-1.947000	9.876000	2.325000	-21.162000	21.702000	-38.496000
6.877960	9.641000	1.059000	5.230000	-2.099000	10.004000	2.392000	-17.388000	22.810000	-39.292000
6.889100	8.806000	0.843000	5.013000	-1.977000	10.004000	2.220000	-14.639000	23.959000	-41.227000
6.897130	7.767000	0.554000	4.417000	-1.528000	9.903000	1.826000	-11.959000	23.959000	-41.958000
6.909090	6.698000	0.542000	3.657000	-0.945000	9.037000	1.289000	-10.084000	25.015000	-42.919000
6.917020	4.752000	0.471000	1.900000	-0.705000	7.541000	0.991000	-8.547000	25.015000	-42.919000
6.926760	2.881000	-0.218000	1.712000	-0.416000	6.827000	0.368000	-7.933000	25.015000	-44.023000
6.938510	1.697000	-1.045000	2.088000	-0.294000	5.602000	-0.290000	-7.933000	25.015000	-44.023000
6.946630	1.497000	-1.439000	1.557000	-0.136000	4.416000	-0.977000	-8.499000	24.185000	-43.702000
6.958680	2.562000	-1.629000	2.294000	0.286000	2.764000	-1.614000	-10.289000	23.286000	-42.982000
6.968200	4.690000	-1.843000	4.008000	0.970000	0.416000	-2.151000	-12.673000	22.467000	-42.416000
6.977690	6.713000	-2.387000	6.502000	1.644000	-2.327000	-2.589000	-16.230000	21.530000	-41.062000
6.986730	8.267000	-2.611000	9.324000	2.138000	-5.225000	-2.902000	-20.495000	19.929000	-39.579000
6.996770	9.510000	-2.142000	11.035000	2.448000	-7.939000	-3.035000	-24.119000	18.664000	-37.071000
7.012330	10.582000	-1.549000	12.024000	2.674000	-9.635000	-2.955000	-27.813000	17.517000	-34.422000
7.017030	9.992000	-1.320000	12.191000	2.897000	-10.012000	-2.728000	-30.908000	15.777000	-29.867000
7.029210	9.336000	-1.221000	11.680000	3.085000	-10.000000	-2.477000	-34.172000	13.853000	-26.960000
7.037840	8.184000	-2.058000	10.410000	3.152000	-10.003000	-2.347000	-35.739000	12.756000	-22.644000
7.047820	7.086000	-2.946000	8.656000	3.185000	-10.012000	-2.065000	-37.164000	11.634000	-20.176000
7.058200	6.369000	-2.911000	8.083000	2.946000	-9.858000	-1.764000	-37.164000	11.183000	-18.438000
7.067810	6.116000	-3.143000	8.800000	2.295000	-8.654000	-1.326000	-37.164000	10.606000	-17.756000
7.077640	7.114000	-2.968000	9.343000	1.239000	-6.229000	-0.659000	-37.164000	11.131000	-18.705000
7.089270	9.607000	-1.845000	10.827000	-0.036000	-3.349000	0.141000	-36.479000	11.907000	-19.827000
7.097320	11.795000	-0.350000	12.748000	-1.328000	-0.397000	0.972000	-35.111000	13.130000	-22.805000
7.109290	12.692000	0.624000	13.886000	-2.483000	2.653000	1.767000	-33.547000	14.172000	-25.508000
7.118010	12.608000	0.304000	13.674000	-3.333000	5.517000	2.324000	-31.399000	15.531000	-29.452000
7.129300	12.269000	-0.560000	12.261000	-3.623000	7.900000	2.506000	-28.747000	17.359000	-33.518000
7.139130	11.743000	-0.890000	10.162000	-3.219000	9.503000	2.452000	-25.419000	18.600000	-36.332000
7.146820	10.794000	-0.601000	7.946000	-2.383000	10.004000	2.315000	-21.942000	19.454000	-39.161000
7.158480	10.010000	0.022000	6.696000	-1.942000	10.004000	2.226000	-18.458000	20.269000	-40.196000
7.169340	8.809000	0.582000	5.528000	-1.242000	10.000000	2.019000	-14.691000	20.768000	-41.964000
7.178130	7.219000	0.795000	3.958000	-0.925000	10.000000	1.793000	-11.042000	21.400000	-44.033000
7.192600	5.271000	0.574000	2.409000	-0.930000	10.000000	1.541000	-7.392000	22.169000	-44.810000
7.196810	3.277000	0.697000	0.907000	-1.045000	10.004000	1.232000	-3.932000	22.677000	-45.181000
7.206850	1.713000	1.075000	-0.876000	-1.056000	9.966000	0.859000	-1.515000	22.677000	-46.694000
7.219240	1.034000	0.995000	-2.188000	-0.808000	9.416000	0.426000	-0.071000	22.677000	-46.694000
7.227300	0.427000	-0.220000	-1.004000	-0.290000	7.912000	-0.095000	-0.071000	22.677000	-46.694000
7.239170	0.195000	-1.880000	0.991000	0.316000	5.606000	-0.757000	-0.935000	22.201000	-46.307000
