50085.184850	13.973000	9.639000	0.456000	0.010000	-0.513000	1.134000	1.191000	-40.574000	9.179000
50085.192360	14.218000	9.916000	0.942000	-0.020000	-0.359000	0.876000	1.191000	-40.574000	9.179000
50085.201300	13.750000	10.060000	1.211000	0.092000	-0.394000	0.574000	1.191000	-40.574000	9.179000
50085.213630	12.679000	9.880000	1.530000	0.231000	-0.452000	0.244000	1.191000	-40.899000	8.877000
50085.221870	11.268000	9.410000	1.855000	0.290000	-0.371000	-0.099000	1.191000	-40.899000	8.877000
50085.232820	9.963000	9.123000	2.003000	0.252000	-0.115000	-0.413000	1.660000	-40.899000	8.877000
50085.243660	9.261000	9.239000	1.870000	0.180000	0.258000	-0.655000	1.660000	-41.212000	8.877000
50085.251870	8.975000	9.537000	1.647000	0.175000	0.641000	-0.809000	1.660000	-41.212000	8.877000
50085.263920	8.666000	9.640000	1.237000	0.268000	0.936000	-0.918000	1.982000	-41.212000	8.877000
50085.272500	8.645000	9.555000	0.803000	0.417000	1.093000	-1.036000	1.982000	-41.212000	8.877000
50085.281960	8.670000	9.544000	0.477000	0.492000	1.126000	-1.106000	1.982000	-41.212000	8.877000
50085.292360	8.679000	9.591000	0.092000	0.595000	1.122000	-1.250000	1.982000	-41.212000	8.877000
50085.302010	8.669000	9.982000	-0.085000	0.634000	1.125000	-1.386000	1.982000	-41.212000	8.877000
50085.315310	8.487000	10.256000	-0.073000	0.627000	1.167000	-1.531000	1.982000	-41.212000	9.236000
50085.321480	7.760000	10.026000	-0.163000	0.557000	1.285000	-1.700000	1.982000	-41.212000	9.236000
50085.333960	6.469000	9.436000	-0.450000	0.457000	1.469000	-1.920000	1.982000	-41.212000	9.539000
50085.343020	5.043000	8.882000	-0.858000	0.390000	1.678000	-2.194000	2.696000	-40.899000	9.539000
50085.351960	3.933000	8.361000	-1.271000	0.389000	1.878000	-2.460000	4.028000	-40.899000	9.539000
50085.365050	3.100000	7.897000	-1.859000	0.433000	2.008000	-2.654000	4.891000	-40.899000	9.960000
50085.372840	2.730000	7.776000	-2.418000	0.473000	2.062000	-2.750000	5.914000	-40.594000	9.960000
50085.383850	2.948000	8.289000	-2.355000	0.469000	2.065000	-2.761000	6.826000	-40.594000	10.281000
50085.392860	3.085000	8.950000	-1.882000	0.378000	2.070000	-2.719000	7.522000	-40.274000	10.650000
50085.401950	2.496000	9.003000	-1.687000	0.297000	2.087000	-2.701000	8.325000	-40.274000	10.650000
50085.412910	1.067000	8.436000	-1.940000	0.110000	2.103000	-2.753000	8.763000	-39.926000	11.108000
50085.423890	-0.602000	7.538000	-2.486000	-0.002000	2.187000	-2.979000	9.896000	-39.926000	11.108000
50085.432870	-2.310000	6.437000	-3.265000	0.019000	2.320000	-3.301000	10.864000	-39.076000	11.431000
50085.444860	-3.740000	5.370000	-3.706000	0.137000	2.398000	-3.586000	11.741000	-38.298000	11.431000
50085.452060	-4.263000	4.751000	-3.577000	0.251000	2.365000	-3.741000	12.619000	-37.701000	12.063000
50085.461610	-3.906000	5.194000	-2.963000	0.256000	2.266000	-3.690000	13.024000	-36.903000	12.393000
50085.473390	-3.846000	6.306000	-2.356000	0.115000	2.166000	-3.451000	13.584000	-36.180000	12.393000
50085.483620	-5.152000	6.424000	-2.404000	-0.119000	2.154000	-3.147000	13.584000	-36.180000	13.145000
50085.494510	-7.014000	5.629000	-3.253000	-0.311000	2.273000	-2.987000	14.190000	-35.362000	13.711000
50085.501650	-8.474000	5.029000	-4.230000	-0.351000	2.509000	-3.060000	14.794000	-34.861000	13.711000
50085.513890	-9.421000	4.727000	-4.580000	-0.226000	2.724000	-3.187000	15.240000	-34.136000	14.443000
50085.522130	-10.597000	4.168000	-4.791000	-0.134000	2.710000	-3.218000	15.773000	-33.406000	15.312000
50085.533850	-11.526000	3.365000	-4.569000	0.025000	2.597000	-3.190000	16.465000	-32.908000	16.006000
50085.547060	-11.031000	3.523000	-3.608000	0.065000	2.258000	-3.056000	16.465000	-32.374000	16.473000
50085.551700	-10.327000	4.838000	-2.489000	-0.056000	1.960000	-2.773000	16.819000	-32.374000	16.777000
50085.564880	-10.602000	5.689000	-2.043000	-0.291000	1.780000	-2.325000	16.819000	-31.916000	16.777000
50085.573550	-11.426000	5.626000	-2.083000	-0.511000	1.703000	-1.904000	16.415000	-31.610000	16.777000
50085.583680	-12.163000	5.291000	-2.276000	-0.579000	1.753000	-1.704000	16.415000	-31.610000	17.295000
50085.592200	-12.359000	5.222000	-2.351000	-0.476000	1.829000	-1.676000	16.415000	-31.108000	17.622000
50085.603310	-12.481000	5.208000	-2.345000	-0.292000	1.761000	-1.651000	16.903000	-31.108000	18.428000
50085.612640	-12.653000	4.967000	-2.076000	-0.102000	1.507000	-1.547000	16.496000	-30.682000	18.428000
50085.624300	-12.364000	4.743000	-1.368000	0.013000	1.170000	-1.379000	16.496000	-30.682000	18.846000
50085.633640	-11.262000	4.788000	-0.636000	-0.006000	0.896000	-1.143000	16.496000	-30.682000	18.165000
50085.643990	-10.308000	5.673000	-0.183000	-0.056000	0.759000	-0.986000	16.496000	-30.682000	18.165000
50085.652230	-10.506000	6.571000	-0.524000	-0.194000	0.744000	-0.606000	16.496000	-30.682000	18.768000
50085.663880	-10.888000	6.502000	-1.255000	-0.328000	0.836000	-0.232000	16.496000	-30.682000	18.768000
50085.673680	-10.995000	6.138000	-1.826000	-0.361000	1.051000	-0.027000	16.496000	-30.682000	18.768000
50085.685180	-10.738000	6.322000	-2.249000	-0.228000	1.242000	0.010000	16.496000	-30.682000	18.768000
50085.692020	-10.447000	6.579000	-2.413000	0.015000	1.172000	0.013000	16.496000	-30.682000	18.768000
50085.703250	-10.424000	6.409000	-2.265000	0.257000	0.790000	0.043000	16.496000	-30.682000	18.768000
50085.712860	-10.352000	6.006000	-1.813000	0.395000	0.311000	0.081000	16.496000	-30.682000	18.768000
50085.726350	-9.880000	5.819000	-1.280000	0.405000	-0.089000	0.125000	16.496000	-30.271000	19.175000
50085.732300	-9.096000	5.898000	-0.922000	0.321000	-0.347000	0.232000	16.496000	-30.271000	19.175000
50085.745400	-8.029000	6.100000	-0.817000	0.224000	-0.435000	0.441000	16.496000	-30.271000	19.175000
50085.752350	-6.955000	6.595000	-0.987000	0.151000	-0.393000	0.725000	16.496000	-30.271000	19.535000
50085.763920	-6.236000	7.201000	-1.329000	0.111000	-0.260000	0.877000	16.104000	-30.271000	19.535000
50085.772800	-5.703000	7.632000	-1.716000	0.015000	-0.151000	1.162000	16.104000	-30.271000	19.535000
50085.784430	-5.196000	7.865000	-1.841000	-0.074000	0.140000	1.380000	15.707000	-30.271000	19.895000
50085.791930	-4.628000	8.104000	-1.781000	-0.142000	0.431000	1.508000	14.834000	-30.271000	19.895000
50085.802460	-4.002000	8.326000	-1.806000	-0.187000	0.635000	1.564000	14.117000	-30.271000	19.895000
50085.813330	-3.497000	8.514000	-2.036000	-0.203000	0.725000	1.571000	13.223000	-30.271000	19.895000
50085.824160	-3.402000	8.580000	-2.331000	-0.166000	0.690000	1.521000	12.384000	-30.271000	19.895000
50085.833990	-3.418000	8.540000	-2.485000	-0.074000	0.567000	1.411000	11.946000	-30.271000	20.275000
50085.844060	-3.474000	8.317000	-2.282000	0.006000	0.387000	1.267000	11.402000	-30.668000	20.275000
50085.855380	-3.438000	8.134000	-1.722000	0.002000	0.206000	1.140000	11.010000	-30.668000	20.275000
50085.862030	-3.427000	7.898000	-0.999000	-0.100000	0.110000	1.058000	10.528000	-30.668000	20.275000
50085.874330	-3.644000	7.401000	-0.430000	-0.258000	0.127000	1.025000	9.947000	-31.115000	20.275000
50085.883520	-4.050000	6.800000	-0.297000	-0.345000	0.274000	1.031000	9.306000	-31.115000	20.275000
50085.893070	-4.427000	6.565000	-0.489000	-0.512000	0.398000	1.093000	8.547000	-31.845000	20.275000
50085.906470	-4.037000	7.052000	-0.589000	-0.642000	0.723000	1.231000	7.621000	-32.371000	20.275000
50085.913820	-3.008000	7.730000	-0.471000	-0.724000	1.105000	1.472000	6.604000	-32.720000	20.275000
50085.924290	-1.943000	8.255000	-0.498000	-0.743000	1.446000	1.788000	5.281000	-33.113000	20.579000
50085.934300	-1.065000	8.649000	-0.399000	-0.688000	1.618000	2.056000	4.589000	-33.518000	20.579000
50085.942080	-0.573000	8.872000	-0.190000	-0.603000	1.594000	2.175000	3.468000	-33.518000	20.579000
50085.953370	-0.663000	8.796000	0.006000	-0.560000	1.467000	2.162000	2.595000	-34.162000	20.579000
50085.963660	-1.068000	8.566000	0.222000	-0.575000	1.344000	2.072000	1.460000	-34.162000	20.579000
50085.973090	-1.541000	8.152000	0.627000	-0.613000	1.312000	1.948000	0.505000	-34.587000	20.579000
50085.982120	-1.734000	7.849000	1.053000	-0.640000	1.386000	1.844000	-0.369000	-34.918000	20.579000
50085.993660	-1.735000	7.796000	1.471000	-0.637000	1.530000	1.781000	-1.515000	-34.918000	20.579000
50086.002110	-1.480000	7.875000	1.736000	-0.615000	1.668000	1.769000	-2.717000	-34.918000	20.579000
50086.015290	-0.877000	8.047000	1.676000	-0.517000	1.712000	1.794000	-4.150000	-35.467000	20.579000
50086.022620	-0.475000	8.231000	1.347000	-0.355000	1.738000	1.857000	-5.264000	-35.467000	20.579000
50086.033150	-0.209000	8.233000	0.825000	-0.166000	1.751000	1.941000	-5.911000	-35.467000	20.579000
50086.042210	0.266000	8.226000	0.409000	0.011000	1.803000	2.031000	-7.402000	-35.467000	20.263000
50086.052190	0.741000	8.270000	0.221000	0.125000	1.891000	2.115000	-8.805000	-35.467000	20.263000
50086.063510	1.253000	8.400000	0.017000	0.164000	2.048000	2.223000	-10.202000	-35.467000	20.263000
50086.072120	1.757000	8.656000	-0.082000	0.152000	2.223000	2.354000	-11.686000	-35.467000	20.263000
50086.084350	1.955000	8.800000	-0.154000	0.115000	2.345000	2.466000	-12.995000	-35.467000	20.263000
50086.092080	2.130000	8.886000	-0.339000	0.078000	2.480000	2.542000	-14.566000	-35.467000	20.263000
50086.102090	2.112000	8.957000	-0.500000	0.061000	2.640000	2.568000	-16.177000	-35.467000	20.263000
50086.112090	2.042000	8.799000	-0.382000	0.091000	2.742000	2.542000	-17.575000	-35.467000	20.263000
50086.122350	2.100000	8.434000	-0.506000	0.127000	2.742000	2.519000	-18.777000	-35.467000	20.263000
50086.132050	2.410000	8.415000	-0.736000	0.217000	2.706000	2.477000	-19.868000	-35.467000	20.263000
50086.142060	2.889000	8.619000	-0.924000	0.300000	2.603000	2.472000	-21.028000	-34.561000	19.917000
50086.152070	3.072000	8.670000	-1.162000	0.344000	2.564000	2.521000	-22.631000	-33.694000	19.917000
50086.164460	3.433000	8.702000	-1.281000	0.332000	2.663000	2.610000	-24.096000	-32.533000	19.917000
50086.175720	3.566000	8.706000	-0.950000	0.280000	2.843000	2.702000	-25.495000	-31.677000	19.587000
50086.182960	3.792000	8.650000	-0.597000	0.210000	3.043000	2.799000	-26.469000	-30.581000	19.587000
50086.193390	4.384000	8.586000	-0.536000	0.107000	3.217000	2.922000	-28.016000	-29.148000	18.721000
50086.203590	5.192000	8.580000	-0.498000	-0.026000	3.368000	3.084000	-29.499000	-28.219000	17.437000
50086.217290	6.197000	8.724000	-0.029000	-0.196000	3.581000	3.310000	-31.466000	-27.005000	15.795000
50086.225930	7.623000	9.112000	1.068000	-0.440000	3.966000	3.573000	-32.841000	-25.573000	13.909000
50086.232880	8.741000	9.371000	2.407000	-0.744000	4.478000	3.806000	-34.226000	-24.324000	11.804000
50086.246680	9.181000	9.038000	3.172000	-0.901000	4.968000	3.943000	-35.321000	-22.775000	8.738000
50086.252510	9.274000	8.451000	3.318000	-1.179000	5.189000	3.957000	-37.324000	-21.640000	5.235000
50086.269470	8.976000	8.001000	3.354000	-1.354000	5.571000	3.865000	-38.232000	-20.294000	2.279000
50086.273410	8.586000	7.666000	3.279000	-1.426000	5.919000	3.680000	-39.128000	-18.666000	-0.813000
50086.284580	8.398000	7.470000	2.905000	-1.423000	6.240000	3.487000	-39.729000	-17.320000	-3.498000
50086.295570	8.219000	7.444000	2.498000	-1.362000	6.410000	3.341000	-39.729000	-15.579000	-5.982000
50086.303130	8.173000	7.309000	2.283000	-1.285000	6.383000	3.258000	-40.135000	-14.617000	-8.444000
50086.316590	8.264000	7.257000	2.318000	-1.268000	6.262000	3.197000	-39.654000	-13.145000	-11.347000
50086.323520	8.612000	7.223000	3.144000	-1.365000	6.120000	3.104000	-39.654000	-11.518000	-13.296000
50086.337680	9.003000	7.071000	4.585000	-1.538000	5.933000	2.965000	-39.654000	-10.345000	-16.467000
50086.344820	9.332000	6.806000	6.049000	-1.724000	5.654000	2.771000	-38.847000	-8.995000	-18.045000
50086.355960	9.214000	6.388000	7.099000	-1.852000	5.253000	2.512000	-38.160000	-7.943000	-19.223000
50086.364350	8.662000	6.049000	7.821000	-1.848000	4.735000	2.185000	-37.854000	-6.820000	-20.060000
50086.384890	7.998000	5.754000	7.853000	-1.556000	3.468000	1.613000	-37.519000	-5.651000	-22.540000
50086.393960	7.311000	5.329000	7.378000	-1.209000	3.144000	1.278000	-37.519000	-5.224000	-23.063000
50086.405340	6.930000	5.042000	6.728000	-0.852000	2.571000	1.046000	-37.519000	-4.798000	-24.189000
50086.412540	6.755000	4.893000	6.175000	-0.628000	2.178000	0.926000	-37.519000	-4.281000	-25.311000
50086.425910	6.842000	4.852000	6.152000	-0.573000	2.012000	0.913000	-37.519000	-3.874000	-25.311000
50086.433110	7.255000	4.969000	6.471000	-0.628000	1.963000	0.938000	-37.519000	-3.555000	-26.062000
50086.446050	7.610000	5.220000	7.113000	-0.727000	1.891000	0.947000	-37.519000	-2.966000	-26.062000
50086.452550	7.321000	5.176000	7.603000	-0.832000	1.768000	0.905000	-37.519000	-2.589000	-27.139000
50086.466040	6.660000	4.696000	7.865000	-0.892000	1.658000	0.783000	-37.519000	-2.589000	-28.024000
50086.472600	6.209000	4.253000	8.144000	-0.899000	1.586000	0.612000	-36.906000	-2.005000	-28.634000
50086.482640	5.933000	4.071000	8.195000	-0.895000	1.539000	0.540000	-36.906000	-2.005000	-28.634000
50086.492650	5.737000	3.918000	8.000000	-0.881000	1.522000	0.463000	-36.906000	-1.287000	-30.351000
50086.502660	5.540000	3.783000	7.730000	-0.851000	1.517000	0.454000	-36.471000	-0.955000	-29.870000
50086.513550	5.395000	3.708000	7.605000	-0.801000	1.549000	0.460000	-36.471000	-0.955000	-30.732000
50086.522460	5.319000	3.636000	7.436000	-0.768000	1.572000	0.462000	-36.471000	-0.955000	-30.426000
50086.532500	5.543000	3.678000	7.646000	-0.762000	1.576000	0.469000	-36.471000	-0.527000	-31.173000
50086.542480	6.071000	3.873000	8.227000	-0.790000	1.550000	0.456000	-36.471000	-0.077000	-31.896000
50086.552520	5.953000	3.987000	8.742000	-0.819000	1.493000	0.392000	-36.045000	-0.077000	-32.543000
50086.562500	5.224000	3.855000	8.880000	-0.815000	1.401000	0.269000	-36.045000	-0.077000	-33.309000
50086.573460	4.057000	3.584000	8.859000	-0.762000	1.321000	0.111000	-35.720000	-0.077000	-33.309000
50086.582520	3.751000	3.115000	8.918000	-0.640000	1.239000	-0.015000	-35.720000	-0.077000	-33.750000
50086.592500	4.178000	2.913000	8.744000	-0.450000	1.036000	-0.037000	-35.720000	-0.077000	-33.169000
50086.603520	4.629000	3.039000	8.495000	-0.329000	0.654000	-0.010000	-35.314000	0.305000	-33.761000
50086.615150	4.981000	3.383000	8.322000	-0.039000	0.422000	0.046000	-35.314000	0.305000	-33.273000
50086.627230	5.148000	3.691000	7.860000	0.254000	-0.027000	0.041000	-35.314000	0.305000	-32.839000
50086.635170	5.551000	4.044000	7.707000	0.467000	-0.390000	-0.002000	-35.314000	0.006000	-32.528000
50086.644720	5.901000	4.023000	8.073000	0.548000	-0.636000	-0.049000	-35.314000	0.006000	-32.528000
50086.655160	5.927000	3.806000	8.562000	0.469000	-0.743000	-0.101000	-35.314000	0.006000	-32.838000
50086.665200	5.984000	3.715000	8.616000	0.324000	-0.775000	-0.200000	-35.009000	0.329000	-32.373000
50086.674720	5.906000	3.767000	8.299000	0.263000	-0.800000	-0.346000	-35.009000	0.329000	-32.373000
50086.685180	5.759000	3.909000	7.829000	0.319000	-0.802000	-0.505000	-35.009000	0.329000	-32.373000
50086.694800	5.444000	4.197000	7.451000	0.407000	-0.783000	-0.633000	-35.009000	0.329000	-32.708000
50086.704590	5.103000	4.465000	7.276000	0.442000	-0.816000	-0.704000	-35.009000	0.329000	-32.708000
50086.715310	5.207000	4.561000	7.305000	0.424000	-0.934000	-0.724000	-35.009000	0.329000	-32.708000
50086.723910	5.689000	4.663000	7.714000	0.406000	-1.093000	-0.719000	-35.359000	0.329000	-32.708000
50086.735080	5.990000	4.909000	8.522000	0.364000	-1.172000	-0.696000	-35.359000	0.329000	-32.708000
50086.745090	6.178000	4.966000	8.885000	0.335000	-1.311000	-0.676000	-35.673000	0.015000	-31.361000
50086.756320	5.958000	4.673000	8.438000	0.343000	-1.423000	-0.693000	-35.673000	0.015000	-30.503000
50086.765140	5.886000	4.648000	7.706000	0.409000	-1.490000	-0.745000	-36.042000	-0.804000	-29.879000
50086.775550	5.957000	4.914000	6.635000	0.521000	-1.470000	-0.776000	-36.042000	-1.127000	-28.631000
50086.785470	6.264000	4.871000	5.793000	0.620000	-1.417000	-0.735000	-36.489000	-1.472000	-27.755000
50086.795170	6.799000	4.711000	5.291000	0.608000	-1.404000	-0.665000	-36.489000	-1.472000	-26.438000
50086.805700	7.084000	4.578000	5.655000	0.389000	-1.426000	-0.572000	-36.489000	-1.890000	-26.438000
50086.812930	7.305000	4.562000	6.363000	-0.077000	-1.446000	-0.448000	-36.940000	-1.890000	-26.103000
50086.823000	6.926000	4.736000	7.369000	-0.656000	-1.418000	-0.397000	-37.402000	-1.890000	-26.103000
50086.833870	6.282000	4.635000	8.188000	-1.107000	-1.345000	-0.433000	-37.744000	-2.203000	-24.935000
50086.846440	5.864000	4.324000	8.163000	-1.228000	-1.258000	-0.456000	-37.744000	-2.203000	-24.935000
50086.853430	5.744000	4.155000	7.535000	-1.209000	-1.225000	-0.475000	-38.430000	-2.203000	-24.380000
50086.864900	5.616000	4.225000	6.722000	-0.890000	-1.187000	-0.456000	-38.763000	-2.203000	-24.031000
50086.875030	5.629000	4.314000	6.045000	-0.446000	-1.178000	-0.444000	-39.250000	-2.584000	-23.309000
50086.883700	5.620000	4.304000	5.771000	-0.071000	-1.182000	-0.477000	-39.787000	-2.584000	-23.309000
50086.895240	5.452000	4.327000	5.701000	0.140000	-1.182000	-0.537000	-40.196000	-2.922000	-22.819000
50086.902990	5.127000	4.436000	5.832000	0.215000	-1.174000	-0.601000	-41.021000	-2.922000	-22.215000
50086.913520	4.984000	4.433000	5.977000	0.210000	-1.149000	-0.625000	-41.567000	-3.276000	-21.313000
50086.924050	5.001000	4.298000	5.765000	0.130000	-1.082000	-0.551000	-41.567000	-3.276000	-21.313000
50086.934820	4.831000	4.099000	5.650000	-0.006000	-0.948000	-0.396000	-41.567000	-3.276000	-20.629000
50086.945220	4.760000	3.806000	6.132000	-0.180000	-0.711000	-0.194000	-41.567000	-3.680000	-20.629000
50086.954350	5.024000	3.727000	6.234000	-0.357000	-0.427000	0.024000	-42.077000	-3.680000	-21.856000
50086.966370	5.227000	3.847000	6.276000	-0.425000	-0.212000	0.131000	-42.077000	-3.680000	-21.856000
50086.974430	5.280000	4.022000	6.245000	-0.481000	-0.156000	0.329000	-42.077000	-3.680000	-21.067000
50086.988190	5.351000	4.112000	6.288000	-0.465000	-0.108000	0.486000	-42.077000	-3.680000	-21.517000
50086.993530	5.526000	4.085000	6.428000	-0.446000	-0.016000	0.590000	-42.077000	-3.680000	-21.517000
50087.005190	5.711000	3.967000	6.513000	-0.440000	0.205000	0.682000	-42.077000	-3.680000	-21.517000
50087.013950	5.866000	3.835000	6.670000	-0.459000	0.504000	0.757000	-42.077000	-3.680000	-21.868000
50087.024110	5.911000	3.695000	6.880000	-0.512000	0.799000	0.775000	-42.077000	-3.680000	-21.868000
50087.033360	5.791000	3.473000	6.724000	-0.569000	1.003000	0.746000	-42.077000	-3.680000	-21.868000
50087.046760	5.573000	3.256000	6.412000	-0.580000	1.036000	0.698000	-42.077000	-3.680000	-21.868000
50087.053620	5.341000	3.129000	6.065000	-0.542000	0.928000	0.649000	-42.439000	-3.680000	-21.868000
50087.067140	5.222000	3.095000	5.750000	-0.521000	0.791000	0.631000	-42.439000	-2.789000	-21.868000
50087.074040	5.370000	3.149000	6.085000	-0.557000	0.691000	0.650000	-42.439000	-1.910000	-21.868000
50087.087070	5.924000	3.268000	7.020000	-0.599000	0.618000	0.673000	-42.439000	-1.217000	-21.868000
50087.093810	6.473000	3.427000	7.708000	-0.723000	0.576000	0.738000	-42.439000	-0.373000	-22.633000
50087.105440	6.597000	3.299000	8.011000	-0.863000	0.475000	0.792000	-42.439000	0.146000	-22.633000
50087.115120	6.224000	2.861000	7.824000	-0.952000	0.441000	0.779000	-42.439000	0.801000	-23.605000
50087.124270	5.650000	2.412000	7.420000	-0.944000	0.541000	0.688000	-42.439000	1.156000	-23.605000
50087.135530	5.058000	1.878000	7.016000	-0.867000	0.661000	0.565000	-42.439000	1.608000	-23.605000
50087.144810	4.888000	1.626000	7.117000	-0.771000	0.723000	0.496000	-42.111000	1.972000	-23.605000
50087.155670	5.173000	1.806000	7.292000	-0.726000	0.693000	0.540000	-42.111000	1.972000	-23.605000
50087.165590	5.932000	2.105000	7.634000	-0.738000	0.573000	0.685000	-42.111000	2.877000	-24.101000
50087.173310	6.941000	2.416000	8.501000	-0.760000	0.426000	0.852000	-41.801000	3.562000	-24.101000
50087.185860	6.973000	2.564000	8.960000	-0.760000	0.327000	0.940000	-41.801000	3.562000	-24.101000
50087.195590	6.898000	2.349000	8.417000	-0.706000	0.267000	0.896000	-41.801000	4.292000	-24.101000
50087.203310	6.768000	2.282000	8.107000	-0.645000	0.227000	0.830000	-41.801000	4.716000	-24.101000
50087.216070	6.771000	2.269000	7.919000	-0.499000	0.248000	0.691000	-41.409000	4.716000	-24.540000
50087.223760	6.715000	2.096000	8.045000	-0.453000	0.415000	0.597000	-41.409000	5.209000	-24.540000
50087.233800	6.614000	1.829000	8.473000	-0.541000	0.584000	0.491000	-41.409000	5.661000	-24.964000
50087.243470	6.788000	1.659000	9.006000	-0.647000	0.585000	0.356000	-41.409000	5.661000	-24.964000
50087.254370	7.298000	1.754000	9.555000	-0.655000	0.416000	0.224000	-41.017000	5.661000	-25.294000
50087.266700	7.660000	1.832000	9.994000	-0.567000	0.153000	0.137000	-41.017000	6.121000	-25.294000
50087.274420	7.665000	1.636000	10.089000	-0.417000	-0.028000	0.074000	-41.017000	6.121000	-25.595000
50087.284520	7.445000	1.467000	9.779000	-0.220000	-0.041000	-0.016000	-41.017000	6.121000	-25.595000
50087.294380	6.970000	1.384000	9.500000	-0.028000	0.086000	-0.131000	-40.715000	6.121000	-25.906000
50087.303440	6.476000	1.451000	9.419000	0.114000	0.241000	-0.241000	-40.715000	5.694000	-25.906000
50087.313510	6.155000	1.585000	9.005000	0.255000	0.253000	-0.338000	-40.715000	5.694000	-25.906000
50087.325050	5.803000	1.835000	8.356000	0.347000	0.061000	-0.376000	-40.715000	5.694000	-26.281000
50087.333260	5.868000	2.238000	7.921000	0.564000	-0.085000	-0.424000	-40.715000	5.694000	-26.281000
50087.345580	6.333000	2.775000	8.065000	0.764000	-0.366000	-0.457000	-40.715000	5.694000	-26.281000
50087.353520	6.650000	3.231000	8.440000	0.880000	-0.584000	-0.505000	-40.715000	5.694000	-26.586000
50087.365570	7.213000	3.307000	8.821000	0.867000	-0.770000	-0.573000	-40.715000	5.694000	-26.586000
50087.377570	7.804000	3.058000	8.668000	0.833000	-0.927000	-0.669000	-40.715000	5.694000	-26.586000
50087.384980	7.830000	2.903000	8.009000	0.949000	-1.076000	-0.756000	-40.715000	5.694000	-26.586000
50087.397100	7.370000	3.022000	7.028000	1.217000	-1.314000	-0.854000	-40.715000	4.963000	-26.586000
50087.406280	6.944000	3.296000	6.270000	1.497000	-1.545000	-0.997000	-40.715000	3.872000	-26.586000
50087.416660	6.476000	3.494000	5.967000	1.628000	-1.631000	-1.081000	-40.715000	2.958000	-26.173000
50087.427160	6.227000	3.624000	5.908000	1.563000	-1.658000	-1.063000	-41.046000	1.760000	-25.170000
50087.435150	5.810000	3.953000	5.567000	1.414000	-1.725000	-1.024000	-41.046000	0.823000	-24.131000
50087.443520	5.439000	4.397000	5.092000	1.350000	-1.850000	-1.024000	-41.046000	0.112000	-23.045000
50087.454350	5.402000	4.432000	4.628000	1.281000	-1.908000	-1.059000	-41.445000	-0.825000	-21.060000
50087.467010	6.117000	4.135000	4.626000	1.272000	-1.994000	-1.106000	-41.445000	-1.538000	-20.016000
50087.476540	6.966000	4.257000	4.676000	1.277000	-2.119000	-1.137000	-41.760000	-1.957000	-19.252000
50087.485110	7.778000	4.700000	4.407000	1.275000	-2.351000	-1.120000	-41.760000	-2.983000	-17.739000
50087.496460	8.472000	5.171000	3.813000	1.272000	-2.632000	-1.057000	-42.106000	-2.983000	-16.203000
50087.503760	8.642000	5.492000	3.199000	1.273000	-2.819000	-0.975000	-42.106000	-3.860000	-14.300000
50087.517000	8.472000	5.606000	2.799000	1.229000	-2.804000	-0.921000	-42.501000	-4.483000	-14.300000
50087.528200	8.373000	5.709000	2.708000	1.080000	-2.594000	-0.926000	-42.501000	-4.815000	-13.088000
50087.534240	8.291000	5.744000	2.978000	0.834000	-2.266000	-0.962000	-42.860000	-5.349000	-11.622000
50087.543640	7.927000	5.874000	3.179000	0.571000	-1.951000	-1.002000	-42.860000	-5.935000	-11.622000
50087.556280	7.474000	6.135000	3.008000	0.389000	-1.761000	-1.063000	-43.206000	-6.440000	-10.530000
50087.565040	7.053000	6.400000	2.462000	0.351000	-1.746000	-1.104000	-43.206000	-7.128000	-9.773000
50087.576180	7.451000	6.598000	2.110000	0.368000	-1.790000	-1.203000	-43.579000	-7.620000	-9.436000
50087.585090	8.236000	6.694000	2.301000	0.422000	-1.941000	-1.295000	-43.579000	-8.406000	-7.641000
50087.595920	8.653000	6.627000	2.408000	0.421000	-2.137000	-1.344000	-43.934000	-8.909000	-6.634000
50087.603670	9.035000	6.788000	2.197000	0.373000	-2.335000	-1.382000	-43.934000	-9.600000	-5.230000
50087.614780	9.340000	7.238000	1.797000	0.369000	-2.539000	-1.458000	-44.238000	-10.563000	-4.109000
50087.626040	9.487000	7.708000	1.318000	0.424000	-2.768000	-1.549000	-44.238000	-11.010000	-3.285000
50087.635750	9.512000	8.009000	0.820000	0.486000	-2.980000	-1.638000	-44.238000	-11.633000	-1.989000
50087.643740	9.479000	8.146000	0.390000	0.540000	-3.131000	-1.741000	-44.618000	-12.429000	-0.036000
50087.657570	9.407000	8.263000	0.036000	0.564000	-3.251000	-1.853000	-44.618000	-13.591000	0.758000
50087.664040	9.173000	8.491000	-0.344000	0.551000	-3.365000	-1.944000	-44.618000	-14.443000	2.861000
50087.677620	8.750000	8.637000	-0.613000	0.482000	-3.465000	-1.994000	-44.618000	-14.979000	3.947000
50087.683900	8.742000	8.667000	-0.700000	0.416000	-3.490000	-2.006000	-44.618000	-16.065000	5.027000
50087.694610	8.656000	8.571000	-0.535000	0.225000	-3.458000	-2.032000	-44.618000	-16.955000	5.416000
50087.708290	8.593000	8.490000	-0.305000	-0.013000	-3.328000	-2.069000	-44.618000	-17.771000	6.604000
50087.714450	8.546000	8.498000	-0.189000	-0.245000	-3.150000	-2.113000	-44.618000	-19.036000	7.546000
50087.727360	8.477000	8.665000	-0.195000	-0.390000	-3.012000	-2.157000	-43.115000	-19.566000	8.905000
50087.734780	8.471000	8.848000	-0.113000	-0.410000	-2.991000	-2.184000	-41.781000	-20.739000	10.160000
50087.745300	8.316000	9.101000	-0.202000	-0.329000	-3.043000	-2.205000	-39.776000	-21.527000	12.644000
50087.756110	7.957000	9.036000	-0.700000	-0.224000	-3.111000	-2.221000	-38.516000	-22.482000	12.644000
50087.764410	7.630000	8.817000	-1.243000	-0.147000	-3.159000	-2.241000	-37.377000	-23.274000	13.551000
50087.776680	7.312000	8.651000	-1.842000	-0.121000	-3.125000	-2.275000	-35.560000	-23.739000	14.434000
50087.785470	7.091000	8.666000	-1.692000	-0.160000	-2.983000	-2.301000	-34.518000	-24.800000	15.568000
50087.794320	7.116000	8.701000	-0.962000	-0.295000	-2.787000	-2.305000	-32.757000	-25.440000	16.053000
50087.804050	7.289000	8.526000	-0.005000	-0.393000	-2.621000	-2.303000	-31.285000	-25.993000	16.459000
50087.815920	7.207000	8.172000	0.889000	-0.604000	-2.576000	-2.313000	-29.760000	-27.008000	16.459000
50087.825230	6.722000	7.909000	1.608000	-0.762000	-2.572000	-2.395000	-28.022000	-27.357000	17.219000
50087.837620	6.194000	7.778000	1.819000	-0.788000	-2.611000	-2.534000	-26.036000	-28.433000	17.219000
50087.844090	5.467000	7.569000	1.537000	-0.652000	-2.641000	-2.661000	-24.412000	-28.865000	17.219000
50087.857550	4.791000	7.572000	1.301000	-0.403000	-2.676000	-2.751000	-22.888000	-29.307000	17.718000
50087.863930	3.758000	7.380000	0.355000	-0.126000	-2.667000	-2.779000	-21.276000	-29.934000	18.469000
50087.876620	2.956000	7.378000	-0.445000	0.112000	-2.563000	-2.708000	-20.260000	-30.285000	18.469000
50087.888430	2.801000	7.472000	-0.727000	0.294000	-2.385000	-2.607000	-19.235000	-30.285000	19.276000
50087.894350	3.015000	7.515000	-0.563000	0.385000	-2.112000	-2.472000	-18.035000	-30.986000	19.642000
50087.905490	3.299000	7.584000	-0.355000	0.359000	-1.888000	-2.298000	-16.619000	-30.986000	19.987000
50087.916260	3.251000	7.643000	-0.362000	0.298000	-1.826000	-2.170000	-15.441000	-31.544000	19.987000
50087.925450	2.953000	7.763000	-0.537000	0.287000	-1.866000	-2.117000	-14.533000	-31.544000	19.987000
50087.936740	2.629000	7.870000	-0.693000	0.312000	-1.907000	-1.988000	-13.345000	-31.544000	20.298000
50087.944060	2.315000	7.856000	-0.844000	0.341000	-1.980000	-1.834000	-12.826000	-31.544000	20.697000
50087.956180	2.081000	7.860000	-0.972000	0.297000	-1.920000	-1.703000	-11.825000	-31.544000	20.697000
50087.965550	1.677000	7.913000	-1.046000	0.161000	-1.665000	-1.579000	-11.045000	-31.878000	20.697000
50087.977090	1.361000	8.076000	-1.063000	-0.023000	-1.318000	-1.427000	-10.455000	-31.878000	20.697000
50087.985720	1.247000	8.271000	-1.042000	-0.199000	-1.003000	-1.284000	-9.877000	-32.218000	20.697000
50087.997290	1.321000	8.491000	-0.853000	-0.320000	-0.766000	-1.165000	-9.402000	-32.218000	20.697000
50088.004580	1.386000	8.741000	-0.775000	-0.385000	-0.620000	-1.052000	-9.402000	-32.218000	20.365000
50088.017670	1.256000	9.057000	-0.986000	-0.418000	-0.608000	-0.962000	-8.656000	-32.218000	20.365000
50088.024970	1.032000	9.367000	-1.295000	-0.413000	-0.688000	-0.916000	-8.656000	-32.218000	20.365000
50088.037420	0.784000	9.389000	-1.337000	-0.390000	-0.767000	-0.915000	-8.035000	-32.218000	20.365000
50088.046020	0.558000	9.187000	-1.317000	-0.374000	-0.790000	-0.934000	-7.670000	-32.218000	20.365000
50088.056770	0.144000	9.024000	-1.138000	-0.378000	-0.818000	-0.942000	-6.835000	-32.540000	20.732000
50088.069310	-0.136000	9.020000	-0.939000	-0.402000	-0.857000	-0.963000	-6.491000	-32.540000	20.732000
50088.075260	-0.216000	9.036000	-0.786000	-0.425000	-0.979000	-0.979000	-6.491000	-32.965000	20.732000
50088.087620	-0.173000	9.091000	-0.490000	-0.460000	-1.113000	-0.960000	-6.002000	-32.965000	20.732000
50088.096960	-0.071000	9.281000	-0.184000	-0.490000	-1.221000	-0.915000	-5.580000	-33.381000	20.732000
50088.105110	-0.126000	9.470000	-0.093000	-0.502000	-1.282000	-0.853000	-5.174000	-33.381000	20.732000
50088.117860	0.040000	9.757000	-0.427000	-0.509000	-1.339000	-0.786000	-4.658000	-33.885000	20.732000
50088.137030	0.096000	9.944000	-0.930000	-0.439000	-1.291000	-0.743000	-3.977000	-34.445000	20.732000
50088.144500	0.139000	9.952000	-1.352000	-0.356000	-1.203000	-0.817000	-3.614000	-34.445000	20.336000
50088.156710	-0.006000	9.849000	-1.354000	-0.284000	-1.141000	-0.925000	-2.824000	-34.445000	20.336000
50088.165810	-0.344000	9.666000	-1.097000	-0.261000	-1.235000	-0.990000	-2.149000	-34.806000	19.984000
50088.177010	-0.624000	9.482000	-0.754000	-0.226000	-1.344000	-1.129000	-1.611000	-34.806000	19.984000
50088.184270	-0.745000	9.540000	-0.565000	-0.196000	-1.607000	-1.215000	-0.570000	-35.171000	19.575000
50088.195220	-0.736000	9.728000	-0.273000	-0.173000	-1.830000	-1.210000	-0.088000	-35.171000	19.575000
50088.204290	-0.655000	9.897000	0.065000	-0.158000	-1.949000	-1.128000	0.366000	-35.494000	19.059000
50088.214270	-0.466000	10.031000	0.196000	-0.155000	-1.993000	-1.025000	1.435000	-35.494000	19.059000
50088.225500	-0.658000	9.928000	-0.070000	-0.145000	-2.006000	-1.005000	1.885000	-35.807000	19.059000
50088.234100	-0.993000	9.630000	-0.590000	-0.067000	-1.929000	-1.111000	2.893000	-35.807000	18.670000
50088.246400	-1.164000	9.550000	-0.786000	0.043000	-1.739000	-1.215000	3.347000	-35.807000	18.670000
50088.254120	-1.410000	9.512000	-0.713000	0.119000	-1.618000	-1.249000	3.993000	-36.125000	18.328000
50088.264130	-1.613000	9.343000	-0.568000	0.160000	-1.646000	-1.251000	4.891000	-36.125000	18.328000
50088.276770	-1.908000	9.182000	-0.559000	0.182000	-1.697000	-1.235000	5.444000	-36.125000	17.945000
50088.285370	-2.054000	9.131000	-0.813000	0.181000	-1.695000	-1.214000	6.053000	-36.125000	17.945000
50088.298500	-1.791000	9.318000	-1.068000	0.150000	-1.658000	-1.154000	6.854000	-36.125000	17.573000
50088.306710	-1.304000	9.737000	-1.677000	0.088000	-1.491000	-1.075000	6.854000	-36.125000	17.573000
50088.318910	-0.776000	10.005000	-2.021000	0.008000	-1.239000	-0.980000	7.708000	-36.125000	17.265000
50088.325440	-0.572000	9.928000	-1.860000	-0.086000	-1.027000	-0.929000	8.116000	-36.125000	17.265000
50088.336340	-0.685000	9.668000	-1.115000	-0.221000	-0.932000	-0.969000	8.871000	-36.125000	17.265000
50088.344880	-0.955000	9.332000	-0.356000	-0.386000	-0.938000	-1.090000	9.370000	-36.125000	16.801000
50088.357000	-1.149000	9.142000	0.105000	-0.533000	-0.990000	-1.213000	9.765000	-36.125000	16.801000
50088.367040	-1.172000	9.106000	0.261000	-0.622000	-1.002000	-1.270000	10.339000	-36.125000	16.801000
50088.375430	-1.110000	9.089000	0.376000	-0.655000	-0.882000	-1.257000	10.339000	-36.125000	16.337000
50088.384950	-1.057000	9.008000	0.374000	-0.672000	-0.641000	-1.219000	11.380000	-36.125000	16.337000
50088.397430	-0.868000	8.924000	0.296000	-0.669000	-0.372000	-1.187000	11.380000	-36.125000	15.994000
50088.406410	-0.662000	8.995000	-0.025000	-0.657000	-0.149000	-1.172000	11.380000	-36.125000	15.994000
50088.416450	-0.439000	9.112000	-0.264000	-0.625000	-0.052000	-1.151000	12.069000	-36.125000	15.612000
50088.428530	-0.168000	9.170000	-0.564000	-0.609000	0.126000	-1.159000	12.069000	-36.125000	15.612000
50088.434820	-0.024000	9.333000	-0.871000	-0.622000	0.298000	-1.194000	12.069000	-36.125000	15.086000
50088.446260	-0.203000	9.339000	-0.994000	-0.676000	0.494000	-1.232000	12.667000	-35.783000	15.086000
50088.456030	-0.915000	8.842000	-0.807000	-0.768000	0.726000	-1.314000	12.667000	-35.783000	14.758000
50088.465000	-2.394000	8.090000	-0.761000	-0.867000	0.967000	-1.483000	13.098000	-35.783000	14.758000
50088.475410	-4.093000	7.367000	-0.698000	-0.933000	1.150000	-1.699000	13.098000	-35.783000	14.457000
50088.486000	-5.734000	6.656000	-0.432000	-0.968000	1.248000	-1.904000	13.728000	-35.783000	14.457000
50088.497780	-7.183000	6.113000	-0.052000	-0.973000	1.281000	-2.036000	14.070000	-35.783000	14.115000
50088.504550	-8.711000	5.731000	0.119000	-0.946000	1.213000	-2.065000	14.550000	-35.473000	14.115000
50088.517610	-10.351000	5.384000	0.291000	-0.916000	1.084000	-2.019000	15.161000	-35.473000	13.758000
50088.525030	-11.833000	4.970000	0.618000	-0.905000	1.012000	-1.973000	15.161000	-35.473000	13.758000
50088.537630	-13.141000	4.682000	0.731000	-0.903000	1.008000	-1.850000	15.876000	-35.473000	13.423000
50088.545050	-14.339000	4.477000	0.590000	-0.919000	1.039000	-1.690000	15.876000	-35.151000	13.423000
50088.557770	-15.738000	4.259000	0.100000	-0.915000	1.105000	-1.495000	15.876000	-35.151000	13.076000
50088.564980	-17.232000	3.723000	-0.182000	-0.868000	1.157000	-1.306000	16.268000	-35.151000	13.076000
50088.576940	-18.507000	2.998000	0.117000	-0.772000	1.091000	-1.171000	16.268000	-34.837000	12.773000
50088.586190	-19.409000	2.534000	0.690000	-0.629000	0.816000	-1.078000	16.941000	-34.837000	12.773000
50088.597140	-19.609000	2.200000	1.359000	-0.405000	0.269000	-0.967000	17.410000	-34.837000	12.773000
50088.608400	-19.609000	1.989000	2.025000	-0.102000	-0.489000	-0.788000	17.410000	-34.471000	12.351000
50088.616000	-19.609000	1.568000	2.526000	0.204000	-1.267000	-0.506000	18.171000	-34.471000	12.351000
50088.627020	-19.609000	1.052000	2.726000	0.462000	-1.883000	-0.099000	18.171000	-34.471000	12.016000
50088.635110	-19.564000	0.742000	2.545000	0.676000	-2.206000	0.443000	18.171000	-34.169000	12.016000
50088.645180	-18.237000	0.624000	1.861000	0.775000	-2.243000	0.770000	18.171000	-34.169000	12.016000
50088.656560	-15.966000	0.821000	0.928000	0.954000	-2.178000	1.522000	17.793000	-34.169000	11.538000
50088.667060	-13.330000	1.223000	0.008000	1.085000	-1.916000	2.342000	17.242000	-34.169000	11.538000
50088.676670	-10.910000	1.689000	-0.530000	1.142000	-1.545000	3.136000	17.242000	-34.169000	11.538000
50088.686340	-8.904000	1.943000	-0.965000	1.132000	-1.172000	3.789000	16.734000	-34.169000	11.132000
50088.695960	-7.398000	2.170000	-1.703000	1.102000	-0.898000	4.269000	15.805000	-34.169000	11.132000
50088.706180	-6.118000	2.614000	-3.093000	1.044000	-0.764000	4.631000	13.574000	-34.870000	11.132000
50088.717620	-4.442000	3.170000	-4.314000	0.908000	-0.652000	4.913000	11.541000	-36.177000	11.132000
50088.726080	-2.590000	3.464000	-4.096000	0.679000	-0.471000	5.113000	9.184000	-37.054000	11.132000
50088.737980	-0.972000	3.408000	-3.071000	0.415000	-0.370000	5.199000	7.856000	-38.217000	11.132000
50088.745090	0.848000	3.341000	-2.044000	0.200000	-0.650000	5.171000	6.185000	-38.694000	10.827000
50088.757390	2.670000	3.418000	-0.862000	0.073000	-1.311000	5.098000	4.655000	-39.140000	10.827000
50088.766270	4.299000	3.605000	-0.068000	0.028000	-2.002000	5.064000	3.326000	-40.028000	10.827000
50088.777040	5.858000	3.963000	0.400000	-0.076000	-2.259000	5.003000	1.765000	-40.028000	10.827000
50088.788460	7.478000	4.137000	0.644000	-0.208000	-2.514000	4.953000	0.296000	-40.643000	10.827000
50088.796180	9.301000	4.262000	0.527000	-0.384000	-2.410000	4.895000	-1.063000	-41.030000	10.827000
50088.805090	11.238000	4.718000	0.174000	-0.598000	-2.015000	4.797000	-2.662000	-40.637000	10.827000
50088.817810	13.390000	5.455000	-0.120000	-0.746000	-1.510000	4.650000	-3.710000	-41.131000	10.827000
50088.825470	15.079000	6.017000	0.060000	-0.751000	-1.121000	4.443000	-5.299000	-40.791000	10.827000
50088.837770	16.714000	6.370000	0.577000	-0.636000	-1.013000	4.135000	-6.210000	-40.791000	10.827000
50088.846290	18.543000	6.834000	0.773000	-0.446000	-1.206000	3.695000	-7.299000	-40.791000	10.827000
50088.856970	19.521000	7.354000	0.502000	-0.222000	-1.548000	3.194000	-7.702000	-40.489000	10.827000
50088.867370	19.608000	7.582000	0.047000	0.009000	-1.799000	2.701000	-8.258000	-40.489000	10.827000
50088.877020	19.608000	7.714000	-0.218000	0.189000	-1.805000	2.212000	-9.013000	-39.978000	10.827000
50088.884920	19.608000	8.054000	-0.378000	0.240000	-1.549000	1.976000	-9.617000	-39.978000	10.827000
50088.896210	19.546000	8.362000	-0.418000	0.291000	-1.362000	1.530000	-9.617000	-40.396000	10.827000
50088.904910	18.832000	8.384000	-0.119000	0.328000	-0.985000	1.104000	-9.617000	-40.396000	10.827000
50088.918830	17.737000	8.159000	0.519000	0.333000	-0.662000	0.679000	-9.617000	-40.396000	11.158000
50088.925110	16.387000	8.010000	1.320000	0.241000	-0.392000	0.254000	-9.617000	-40.396000	11.158000
50088.937870	15.223000	8.168000	2.087000	0.080000	-0.164000	-0.157000	-9.617000	-40.396000	11.158000
50088.945190	14.287000	8.261000	3.080000	-0.083000	0.051000	-0.538000	-9.239000	-40.396000	11.158000
50088.957920	13.548000	8.107000	3.953000	-0.186000	0.261000	-0.888000	-8.410000	-40.396000	11.158000
50088.969300	12.756000	7.854000	4.421000	-0.175000	0.410000	-1.242000	-7.897000	-40.396000	11.158000
50088.976600	11.668000	7.363000	4.371000	-0.030000	0.460000	-1.600000	-7.263000	-40.396000	11.158000
50088.986580	10.639000	6.793000	3.579000	0.225000	0.480000	-1.921000	-6.741000	-40.396000	11.158000
50088.997780	10.221000	6.797000	2.169000	0.512000	0.600000	-2.184000	-6.741000	-40.396000	11.158000
50089.005190	9.941000	7.387000	0.702000	0.640000	0.876000	-2.285000	-6.741000	-40.396000	11.158000
50089.017950	9.108000	7.885000	-0.409000	0.828000	1.055000	-2.421000	-6.141000	-40.396000	11.158000
50089.025300	7.781000	7.755000	-0.961000	0.896000	1.442000	-2.537000	-5.288000	-40.396000	11.477000
50089.037880	6.247000	7.347000	-1.015000	0.847000	1.783000	-2.736000	-4.183000	-40.396000	11.477000
50089.046570	5.039000	7.024000	-1.146000	0.762000	1.955000	-3.033000	-3.048000	-40.396000	11.477000
50089.057470	4.113000	6.675000	-1.283000	0.751000	1.892000	-3.339000	-1.290000	-40.396000	11.477000
50089.067080	3.324000	6.325000	-1.429000	0.830000	1.660000	-3.577000	-0.093000	-40.396000	11.840000
50089.077920	2.581000	6.153000	-1.534000	0.910000	1.433000	-3.727000	0.675000	-40.080000	11.840000
50089.085090	1.847000	6.308000	-1.717000	0.901000	1.357000	-3.782000	1.943000	-40.080000	11.840000
50089.099000	0.666000	6.606000	-2.157000	0.771000	1.506000	-3.750000	2.938000	-40.080000	11.840000
50089.105140	-1.335000	6.275000	-3.153000	0.572000	1.918000	-3.694000	3.520000	-40.080000	11.840000
50089.118110	-3.220000	5.635000	-4.096000	0.454000	2.510000	-3.714000	4.751000	-40.080000	12.200000
50089.125550	-4.472000	5.378000	-4.609000	0.465000	3.021000	-3.762000	5.343000	-39.772000	12.524000
50089.138030	-5.049000	5.521000	-4.717000	0.605000	3.152000	-3.872000	6.173000	-39.772000	13.423000
50089.150670	-5.179000	5.950000	-4.684000	0.791000	3.106000	-3.903000	7.020000	-39.469000	14.584000
50089.155250	-5.790000	6.190000	-4.889000	0.921000	2.752000	-3.822000	7.667000	-38.739000	15.158000
50089.165260	-7.277000	5.953000	-5.422000	0.909000	2.371000	-3.712000	8.198000	-37.847000	15.158000
50089.177710	-9.458000	5.710000	-6.209000	0.765000	2.245000	-3.662000	8.750000	-36.756000	15.913000
50089.185180	-11.931000	5.402000	-6.885000	0.573000	2.429000	-3.661000	9.562000	-36.273000	16.741000
50089.198120	-13.829000	5.012000	-7.281000	0.416000	2.715000	-3.666000	10.101000	-35.359000	17.205000
50089.205230	-14.864000	4.900000	-7.326000	0.361000	2.864000	-3.631000	10.101000	-34.667000	17.205000
50089.218140	-15.259000	5.152000	-7.017000	0.380000	2.709000	-3.490000	11.021000	-34.034000	17.552000
50089.226540	-15.162000	5.556000	-6.725000	0.359000	2.288000	-3.246000	11.441000	-33.247000	17.864000
50089.237520	-14.749000	6.003000	-6.376000	0.244000	1.810000	-2.933000	11.441000	-33.247000	18.176000
50089.247260	-14.818000	6.287000	-5.889000	0.150000	1.454000	-2.765000	11.920000	-32.888000	18.176000
50089.256720	-16.709000	5.875000	-5.792000	-0.100000	1.346000	-2.449000	12.411000	-32.460000	18.865000
50089.267400	-19.123000	4.881000	-5.775000	-0.395000	1.271000	-2.240000	12.411000	-32.460000	18.865000
50089.276310	-19.609000	3.974000	-5.264000	-0.641000	1.295000	-2.181000	12.757000	-32.060000	18.020000
50089.285400	-19.609000	3.303000	-4.285000	-0.748000	1.235000	-2.138000	13.473000	-32.060000	18.020000
50089.295380	-19.609000	3.047000	-3.107000	-0.716000	0.896000	-1.930000	13.827000	-32.060000	18.020000
50089.306490	-19.609000	3.057000	-1.851000	-0.605000	0.237000	-1.522000	13.827000	-32.060000	17.704000
50089.320100	-19.609000	3.236000	-0.905000	-0.488000	-0.527000	-0.952000	14.318000	-32.060000	17.704000
50089.328310	-19.393000	3.515000	-0.642000	-0.434000	-1.106000	-0.277000	14.318000	-32.060000	17.704000
50089.337250	-18.387000	3.812000	-1.276000	-0.424000	-1.367000	0.410000	14.318000	-32.487000	17.704000
50089.351440	-17.296000	3.919000	-2.271000	-0.378000	-1.327000	1.018000	14.318000	-32.487000	17.704000
50089.355930	-16.332000	3.949000	-2.974000	-0.248000	-1.154000	1.495000	13.807000	-32.487000	17.704000
50089.371370	-15.344000	3.911000	-3.300000	-0.162000	-1.067000	1.688000	13.807000	-32.487000	17.704000
50089.377230	-14.226000	3.782000	-3.421000	0.017000	-1.109000	1.985000	13.807000	-32.487000	17.704000
50089.390290	-12.939000	3.632000	-3.698000	0.199000	-1.389000	2.202000	13.807000	-32.487000	17.147000
50089.397560	-11.597000	3.716000	-4.216000	0.395000	-1.888000	2.391000	13.807000	-32.487000	16.665000
50089.411380	-10.434000	3.810000	-4.945000	0.601000	-2.453000	2.576000	13.807000	-32.487000	15.986000
50089.417580	-9.423000	3.661000	-5.831000	0.790000	-2.937000	2.783000	13.807000	-32.487000	15.986000
50089.425420	-8.212000	3.485000	-6.298000	0.903000	-3.279000	2.994000	13.807000	-32.936000	15.454000
50089.437870	-6.741000	3.363000	-6.172000	0.886000	-3.445000	3.195000	13.807000	-33.505000	14.697000
50089.447450	-5.119000	3.296000	-5.802000	0.748000	-3.470000	3.421000	13.807000	-34.568000	14.697000
50089.456790	-3.472000	3.434000	-5.496000	0.554000	-3.459000	3.687000	13.807000	-35.066000	14.697000
50089.468360	-1.848000	3.621000	-4.994000	0.361000	-3.476000	3.968000	12.979000	-35.888000	14.344000
50089.478090	-0.353000	3.755000	-4.581000	0.148000	-3.467000	4.218000	11.231000	-36.553000	13.858000
50089.487640	1.038000	3.616000	-4.066000	0.028000	-3.351000	4.322000	10.041000	-37.335000	13.461000
50089.497070	2.301000	3.179000	-3.648000	-0.222000	-3.266000	4.474000	8.537000	-38.308000	13.461000
50089.510750	3.844000	2.994000	-3.252000	-0.431000	-3.088000	4.535000	7.196000	-38.308000	13.153000
50089.515900	5.449000	2.974000	-3.191000	-0.545000	-2.942000	4.545000	5.497000	-39.372000	12.612000
50089.527290	7.017000	3.077000	-3.211000	-0.582000	-2.860000	4.583000	3.926000	-39.372000	11.863000
50089.539280	8.581000	3.271000	-2.950000	-0.610000	-2.815000	4.653000	2.378000	-40.278000	11.863000
50089.545540	10.150000	3.591000	-1.972000	-0.685000	-2.727000	4.709000	1.339000	-40.850000	11.547000
50089.556860	11.494000	3.746000	-0.349000	-0.856000	-2.533000	4.732000	-0.511000	-40.850000	10.905000
50089.569400	13.375000	3.974000	0.880000	-1.076000	-2.307000	4.679000	-2.189000	-40.850000	10.905000
50089.575870	15.604000	4.919000	1.387000	-1.230000	-2.144000	4.545000	-3.469000	-41.300000	10.046000
50089.587770	17.459000	6.070000	1.353000	-1.239000	-2.022000	4.391000	-4.518000	-41.300000	10.046000
50089.595580	18.697000	6.777000	1.210000	-1.086000	-1.829000	4.222000	-6.517000	-41.300000	10.046000
50089.607970	19.525000	7.394000	0.843000	-0.976000	-1.548000	4.100000	-7.542000	-40.902000	9.744000
50089.617280	19.608000	8.028000	0.523000	-0.781000	-1.383000	3.734000	-8.488000	-41.238000	9.744000
50089.627380	19.608000	8.080000	0.393000	-0.650000	-1.018000	3.239000	-9.082000	-40.835000	9.744000
50089.638950	19.570000	7.912000	0.848000	-0.543000	-0.693000	2.663000	-9.986000	-40.835000	9.744000
50089.647500	19.037000	7.677000	1.663000	-0.447000	-0.509000	2.031000	-10.517000	-40.835000	9.744000
50089.656010	18.370000	7.473000	2.437000	-0.408000	-0.471000	1.412000	-10.905000	-40.835000	9.744000
50089.668520	17.889000	7.533000	3.265000	-0.401000	-0.512000	0.884000	-10.905000	-40.835000	9.744000
50089.677160	17.623000	7.752000	4.129000	-0.396000	-0.520000	0.472000	-10.556000	-40.835000	9.744000
50089.689270	17.360000	8.031000	5.094000	-0.408000	-0.378000	0.163000	-10.556000	-41.213000	9.405000
50089.695710	16.991000	8.171000	6.243000	-0.442000	-0.059000	-0.117000	-10.556000	-41.213000	9.405000
50089.708350	16.228000	8.150000	6.943000	-0.454000	0.377000	-0.453000	-10.556000	-41.213000	8.898000
50089.715820	15.169000	7.924000	6.862000	-0.357000	0.789000	-0.870000	-9.675000	-41.213000	8.898000
50089.727510	14.149000	7.705000	5.873000	-0.243000	1.079000	-1.100000	-9.030000	-41.554000	8.392000
50089.737130	12.983000	7.410000	4.399000	0.118000	1.176000	-1.580000	-8.427000	-41.554000	8.392000
50089.748020	11.735000	6.856000	2.871000	0.588000	1.304000	-2.035000	-7.560000	-41.554000	8.073000
50089.755740	10.685000	6.433000	1.555000	1.053000	1.403000	-2.436000	-7.560000	-41.554000	8.073000
50089.768590	9.698000	6.467000	0.670000	1.372000	1.527000	-2.793000	-6.660000	-41.554000	8.073000
50089.777260	8.629000	6.401000	0.065000	1.490000	1.702000	-3.085000	-6.077000	-41.554000	8.073000
50089.788060	7.414000	6.148000	-0.291000	1.465000	1.915000	-3.307000	-5.099000	-41.554000	8.073000
50089.797280	6.152000	5.850000	-0.570000	1.389000	2.120000	-3.505000	-3.497000	-41.554000	8.073000
50089.806460	5.111000	5.618000	-0.713000	1.331000	2.273000	-3.701000	-2.207000	-41.554000	8.073000
50089.818000	4.193000	5.347000	-0.954000	1.315000	2.318000	-3.864000	-0.807000	-41.554000	8.073000
50089.826510	3.329000	5.085000	-1.683000	1.326000	2.288000	-3.968000	0.268000	-41.554000	8.073000
50089.837560	2.559000	5.154000	-2.368000	1.332000	2.276000	-3.999000	1.475000	-41.554000	8.845000
50089.848480	1.865000	5.468000	-2.849000	1.299000	2.345000	-3.978000	2.487000	-41.554000	9.664000
50089.856360	0.917000	5.653000	-3.345000	1.251000	2.542000	-3.958000	3.839000	-41.554000	10.240000
50089.872260	-1.032000	5.310000	-4.165000	1.097000	2.680000	-3.930000	5.017000	-41.554000	11.448000
50089.876440	-3.537000	4.535000	-5.227000	0.963000	2.943000	-3.992000	5.810000	-41.554000	12.178000
50089.888920	-5.690000	3.952000	-6.175000	0.965000	3.098000	-4.187000	7.145000	-40.899000	12.696000
50089.897620	-6.786000	3.849000	-6.584000	1.096000	3.058000	-4.443000	8.396000	-39.672000	13.336000
50089.906650	-6.573000	4.292000	-6.376000	1.223000	2.802000	-4.556000	9.553000	-38.621000	14.471000
50089.920050	-6.085000	5.235000	-5.924000	1.206000	2.402000	-4.419000	10.409000	-37.620000	15.103000
50089.927250	-6.727000	5.528000	-5.486000	0.977000	1.991000	-4.079000	10.749000	-36.761000	15.103000
50089.938080	-8.222000	5.168000	-5.321000	0.569000	1.767000	-3.716000	11.285000	-35.798000	14.596000
50089.947300	-9.835000	4.754000	-5.504000	0.111000	1.904000	-3.544000	12.205000	-35.487000	15.715000
50089.968330	-11.238000	4.478000	-5.543000	-0.363000	2.726000	-3.600000	12.533000	-34.414000	16.075000
50089.978240	-12.950000	4.029000	-5.589000	-0.373000	2.917000	-3.592000	13.285000	-33.592000	16.075000
50089.987550	-14.378000	3.471000	-5.604000	-0.329000	2.910000	-3.516000	13.793000	-33.227000	16.958000
50089.999360	-14.793000	3.377000	-5.231000	-0.265000	2.695000	-3.358000	14.179000	-33.227000	16.558000
50090.006080	-14.776000	3.601000	-4.752000	-0.245000	2.308000	-3.074000	14.179000	-32.452000	16.874000
50090.018250	-14.709000	3.883000	-4.467000	-0.272000	1.863000	-2.687000	14.781000	-32.452000	16.874000
50090.026040	-14.872000	3.868000	-4.315000	-0.308000	1.450000	-2.319000	14.781000	-31.636000	16.874000
50090.038940	-15.177000	3.793000	-4.069000	-0.353000	1.168000	-2.036000	15.255000	-31.636000	16.874000
50090.050170	-15.676000	3.677000	-3.578000	-0.443000	1.005000	-1.830000	15.255000	-31.636000	16.874000
50090.057350	-16.878000	3.264000	-3.097000	-0.563000	0.926000	-1.677000	15.649000	-31.636000	16.874000
50090.068520	-18.490000	2.652000	-2.820000	-0.655000	0.880000	-1.570000	16.072000	-31.636000	16.874000
50090.078830	-19.525000	2.252000	-2.433000	-0.670000	0.781000	-1.448000	16.072000	-31.295000	16.874000
50090.087530	-19.609000	2.080000	-1.866000	-0.651000	0.593000	-1.349000	16.072000	-31.295000	16.874000
50090.098330	-19.609000	1.988000	-1.072000	-0.569000	0.454000	-1.047000	16.377000	-31.295000	16.874000
50090.106570	-19.605000	2.113000	-0.248000	-0.421000	0.056000	-0.637000	16.377000	-31.613000	16.874000
50090.118350	-19.165000	2.267000	0.430000	-0.228000	-0.444000	-0.165000	16.818000	-31.613000	16.874000
50090.127570	-18.732000	2.291000	0.763000	-0.028000	-0.909000	0.316000	16.818000	-31.613000	16.874000
50090.138370	-18.489000	2.121000	0.518000	0.157000	-1.221000	0.729000	16.818000	-31.613000	16.874000
50090.147590	-18.213000	1.888000	-0.167000	0.365000	-1.365000	1.070000	16.818000	-31.613000	16.874000
50090.158020	-17.413000	1.839000	-0.812000	0.640000	-1.411000	1.386000	16.484000	-31.613000	16.874000
50090.167330	-16.118000	1.996000	-1.366000	0.963000	-1.490000	1.712000	16.484000	-31.613000	16.874000
50090.179230	-14.591000	2.257000	-2.142000	1.289000	-1.706000	2.060000	16.484000	-31.268000	16.874000
50090.187690	-13.250000	2.468000	-2.910000	1.575000	-2.034000	2.409000	16.484000	-31.268000	16.874000
50090.197480	-12.149000	2.568000	-3.710000	1.768000	-2.344000	2.715000	16.484000	-31.268000	16.874000
50090.208320	-11.339000	2.736000	-4.843000	1.823000	-2.547000	2.842000	16.484000	-31.268000	16.503000
50090.216710	-10.975000	2.871000	-6.092000	1.880000	-2.614000	3.046000	16.484000	-31.268000	16.503000
50090.231850	-10.780000	2.717000	-7.213000	1.937000	-2.705000	3.179000	16.484000	-31.268000	16.503000
50090.237520	-10.353000	2.441000	-7.730000	2.011000	-2.799000	3.264000	16.484000	-31.268000	16.165000
50090.247410	-9.451000	2.222000	-7.694000	2.040000	-2.977000	3.353000	16.484000	-31.634000	16.165000
50090.257140	-8.024000	2.072000	-7.350000	1.991000	-3.240000	3.524000	16.484000	-31.634000	16.165000
50090.267280	-6.531000	1.673000	-6.621000	1.864000	-3.527000	3.818000	16.484000	-31.950000	15.835000
50090.278420	-4.942000	1.129000	-5.813000	1.646000	-3.722000	4.181000	15.086000	-31.950000	15.835000
50090.286720	-3.028000	0.885000	-5.662000	1.330000	-3.698000	4.544000	13.696000	-32.720000	15.835000
50090.298370	-0.915000	0.943000	-6.525000	1.069000	-3.431000	4.916000	12.263000	-33.609000	15.835000
50090.306280	1.267000	1.386000	-7.862000	1.026000	-3.058000	5.288000	10.247000	-34.265000	15.484000
50090.316320	3.525000	1.992000	-8.820000	1.126000	-2.732000	5.638000	8.558000	-35.226000	15.484000
50090.326330	5.629000	2.291000	-8.692000	1.135000	-2.495000	5.795000	6.372000	-35.879000	15.484000
50090.336280	7.651000	2.358000	-7.753000	0.907000	-2.389000	6.039000	4.574000	-36.602000	15.484000
50090.346320	9.247000	2.198000	-6.703000	0.319000	-2.165000	6.182000	2.810000	-37.461000	15.484000
50090.357060	10.794000	1.835000	-5.086000	-0.486000	-1.901000	6.220000	0.099000	-38.166000	15.484000
50090.366180	13.234000	2.044000	-3.124000	-1.270000	-1.557000	6.151000	-1.519000	-38.558000	15.484000
50090.376160	15.605000	2.850000	-0.801000	-1.800000	-1.195000	6.028000	-3.388000	-38.558000	15.484000
50090.386170	18.009000	3.760000	1.070000	-1.906000	-1.051000	5.852000	-4.859000	-38.977000	15.171000
50090.396180	19.605000	5.021000	1.603000	-1.567000	-1.264000	5.544000	-6.483000	-38.977000	15.171000
50090.411530	19.608000	6.690000	1.208000	-0.930000	-1.729000	5.088000	-8.088000	-38.977000	15.171000
50090.417390	19.608000	7.612000	-0.454000	-0.239000	-2.172000	4.494000	-8.821000	-38.977000	15.171000
50090.428170	19.608000	7.642000	-2.163000	0.250000	-2.333000	3.757000	-9.318000	-38.392000	15.171000
50090.441200	19.608000	7.350000	-2.764000	0.387000	-2.011000	2.956000	-9.814000	-38.392000	15.171000
50090.447820	19.608000	7.174000	-2.762000	0.331000	-1.288000	2.575000	-10.520000	-38.392000	15.171000
50090.462470	19.608000	7.510000	-2.456000	0.112000	-0.904000	1.896000	-10.520000	-38.392000	15.171000
50090.467410	19.608000	8.060000	-1.562000	-0.057000	-0.326000	1.331000	-10.520000	-38.392000	15.171000
50090.478090	19.608000	8.352000	-0.248000	-0.122000	-0.081000	0.860000	-10.520000	-38.392000	15.171000
50090.491250	19.605000	8.091000	1.335000	-0.166000	-0.087000	0.380000	-10.852000	-38.392000	15.171000
50090.498750	18.583000	7.445000	2.683000	-0.272000	-0.140000	-0.160000	-10.485000	-38.392000	15.171000
50090.506470	16.986000	7.032000	3.586000	-0.407000	-0.035000	-0.700000	-10.005000	-38.803000	15.171000
50090.517950	15.588000	6.961000	3.798000	-0.464000	0.268000	-1.153000	-10.005000	-38.803000	15.171000
50090.529000	14.368000	6.931000	3.015000	-0.392000	0.735000	-1.481000	-9.622000	-38.803000	15.171000
50090.538790	13.383000	7.153000	1.952000	-0.171000	1.270000	-1.739000	-9.010000	-38.803000	14.831000
50090.548800	12.692000	7.356000	0.972000	0.133000	1.749000	-1.983000	-8.689000	-39.114000	14.831000
50090.557870	12.210000	7.535000	-0.019000	0.406000	2.094000	-2.225000	-8.689000	-39.114000	14.831000
50090.568520	11.627000	7.636000	-0.964000	0.510000	2.254000	-2.351000	-7.830000	-39.114000	14.831000
50090.578830	10.861000	7.538000	-1.550000	0.670000	2.273000	-2.623000	-7.830000	-39.114000	14.831000
50090.590430	9.766000	7.381000	-1.864000	0.767000	2.240000	-2.928000	-7.092000	-39.114000	14.831000
50090.598880	8.548000	7.165000	-2.070000	0.781000	2.186000	-3.260000	-6.085000	-39.114000	14.831000
50090.608830	7.226000	6.998000	-2.318000	0.738000	2.152000	-3.586000	-4.740000	-39.114000	14.526000
50090.619050	5.418000	6.766000	-2.506000	0.677000	2.159000	-3.873000	-3.015000	-39.114000	14.526000
50090.626620	3.367000	6.595000	-3.057000	0.642000	2.222000	-4.110000	-1.670000	-39.114000	14.526000
50090.637760	1.240000	6.501000	-4.085000	0.645000	2.286000	-4.304000	-0.384000	-39.114000	14.526000
50090.647980	-1.070000	6.266000	-5.321000	0.690000	2.327000	-4.438000	1.118000	-39.114000	14.526000
50090.659000	-2.746000	6.099000	-6.495000	0.761000	2.339000	-4.505000	2.626000	-39.114000	14.224000
50090.668000	-3.448000	6.151000	-6.890000	0.809000	2.250000	-4.485000	3.814000	-39.114000	14.224000
50090.679020	-3.089000	6.174000	-6.085000	0.733000	2.021000	-4.319000	4.609000	-39.114000	14.224000
50090.687780	-2.132000	6.562000	-4.875000	0.617000	1.737000	-4.174000	5.479000	-39.114000	14.224000
50090.699070	-1.634000	7.144000	-4.124000	0.213000	1.619000	-3.815000	6.768000	-39.114000	14.224000
50090.706730	-1.979000	7.283000	-3.984000	-0.308000	1.538000	-3.495000	7.327000	-39.114000	14.224000
50090.718910	-2.908000	6.979000	-3.847000	-0.705000	1.750000	-3.374000	8.139000	-39.114000	14.224000
50090.726780	-4.645000	6.112000	-4.155000	-0.852000	2.146000	-3.515000	8.871000	-39.114000	14.224000
50090.738830	-6.880000	5.103000	-4.420000	-0.788000	2.464000	-3.822000	10.083000	-38.702000	14.224000
50090.747170	-9.029000	4.083000	-4.519000	-0.608000	2.471000	-4.152000	11.375000	-38.702000	14.224000
50090.759070	-10.079000	3.519000	-3.955000	-0.451000	2.200000	-4.348000	12.010000	-37.809000	14.224000
50090.771950	-9.010000	3.634000	-2.444000	-0.431000	1.783000	-4.270000	13.093000	-37.361000	14.224000
50090.776770	-7.306000	4.541000	-0.854000	-0.573000	1.305000	-3.874000	13.906000	-36.871000	14.579000
50090.789130	-7.443000	5.285000	0.386000	-0.833000	0.887000	-3.271000	14.524000	-36.111000	14.579000
50090.797790	-8.832000	5.031000	0.514000	-1.086000	0.734000	-2.806000	14.524000	-36.111000	14.579000
50090.806830	-9.902000	4.448000	0.040000	-1.160000	1.025000	-2.715000	14.843000	-35.606000	14.579000
50090.818090	-10.698000	4.110000	-0.773000	-1.138000	1.295000	-2.742000	15.428000	-35.606000	14.579000
50090.827340	-12.632000	3.707000	-2.129000	-0.912000	1.837000	-2.808000	15.428000	-34.767000	14.579000
50090.839210	-14.831000	2.892000	-3.229000	-0.600000	2.151000	-2.829000	15.757000	-34.432000	14.579000
50090.847870	-15.127000	2.483000	-3.383000	-0.353000	2.201000	-2.826000	16.252000	-34.051000	14.579000
50090.858040	-14.064000	3.074000	-2.507000	-0.278000	2.073000	-2.666000	16.737000	-33.682000	14.579000
50090.868410	-13.809000	3.664000	-1.559000	-0.387000	1.779000	-2.238000	16.737000	-33.682000	14.579000
50090.879220	-14.577000	3.472000	-0.855000	-0.593000	1.342000	-1.757000	16.737000	-33.306000	14.579000
50090.887330	-16.017000	3.109000	-0.395000	-0.752000	0.947000	-1.508000	17.300000	-32.922000	14.579000
50090.898870	-17.943000	2.628000	-0.189000	-0.811000	0.710000	-1.456000	18.351000	-32.922000	14.579000
50090.907380	-19.468000	2.120000	-0.027000	-0.768000	0.546000	-1.474000	18.351000	-32.922000	14.579000
50090.919250	-19.609000	1.639000	0.009000	-0.591000	0.341000	-1.460000	18.740000	-32.922000	14.231000
50090.927800	-19.609000	1.424000	-0.148000	-0.460000	-0.014000	-1.413000	18.740000	-32.537000	14.231000
50090.939240	-19.609000	1.223000	-0.475000	-0.171000	-0.255000	-1.212000	19.479000	-32.170000	14.231000
50090.950470	-19.609000	0.801000	-0.674000	0.084000	-0.797000	-0.865000	19.479000	-32.170000	14.231000
50090.958350	-19.609000	0.302000	-0.479000	0.275000	-1.322000	-0.426000	19.903000	-32.170000	13.812000
50090.968020	-19.609000	-0.177000	-0.309000	0.428000	-1.769000	0.009000	20.278000	-32.170000	13.812000
50090.979310	-19.609000	-0.424000	-0.429000	0.625000	-2.192000	0.410000	20.678000	-32.170000	13.446000
50090.986970	-19.609000	-0.500000	-0.796000	0.957000	-2.695000	0.835000	20.678000	-32.170000	13.114000
50090.999300	-19.318000	-0.720000	-1.281000	1.384000	-3.274000	1.360000	21.061000	-32.170000	12.364000
50091.006990	-17.163000	-1.035000	-1.811000	1.766000	-3.796000	1.983000	20.735000	-31.848000	11.497000
50091.019810	-14.396000	-1.378000	-2.255000	2.031000	-4.120000	2.669000	20.735000	-31.848000	11.154000
50091.027470	-11.346000	-1.424000	-3.042000	2.179000	-4.206000	3.383000	20.286000	-31.848000	10.501000
50091.039280	-8.513000	-1.073000	-4.024000	2.239000	-4.084000	4.100000	19.494000	-31.848000	9.559000
50091.048070	-5.551000	-0.605000	-5.192000	2.240000	-3.795000	4.450000	18.969000	-31.848000	9.559000
50091.059270	-2.519000	0.199000	-6.254000	2.195000	-3.602000	5.097000	17.941000	-33.314000	9.974000
50091.067050	0.174000	1.153000	-7.466000	2.062000	-3.165000	5.643000	16.426000	-35.086000	9.974000
50091.078460	2.471000	2.130000	-8.449000	1.806000	-2.720000	6.067000	14.543000	-36.450000	10.443000
50091.087160	4.547000	3.078000	-8.383000	1.453000	-2.332000	6.326000	12.117000	-37.483000	10.443000
50091.097110	6.415000	3.655000	-7.165000	1.016000	-2.039000	6.412000	9.782000	-38.838000	10.443000
50091.107120	8.048000	4.032000	-5.407000	0.494000	-1.907000	6.352000	7.664000	-39.237000	10.046000
50091.117130	9.629000	4.217000	-3.524000	-0.054000	-1.999000	6.146000	5.865000	-40.463000	10.046000
50091.129430	11.678000	4.673000	-1.572000	-0.503000	-2.261000	5.836000	4.136000	-41.027000	10.046000
50091.136940	13.607000	5.544000	0.257000	-0.752000	-2.580000	5.490000	2.325000	-41.639000	10.046000
50091.146980	15.079000	6.412000	0.850000	-0.791000	-2.849000	5.143000	1.052000	-42.240000	9.603000
50091.157440	16.297000	7.150000	0.670000	-0.604000	-2.987000	4.770000	-0.469000	-42.240000	9.603000
50091.169130	17.080000	7.683000	0.198000	-0.443000	-2.950000	4.560000	-1.809000	-42.240000	9.260000
50091.179110	17.476000	7.860000	-0.934000	-0.077000	-2.853000	4.093000	-2.725000	-42.240000	9.260000
50091.191620	17.792000	8.043000	-2.398000	0.273000	-2.547000	3.574000	-3.225000	-42.240000	9.260000
50091.197390	17.702000	8.180000	-3.497000	0.578000	-2.214000	3.030000	-3.929000	-42.240000	9.260000
50091.212530	17.590000	7.975000	-4.117000	0.746000	-1.895000	2.510000	-4.603000	-41.746000	9.260000
50091.218020	17.769000	8.021000	-3.884000	0.714000	-1.558000	2.050000	-5.029000	-41.746000	9.260000
50091.231200	18.044000	8.180000	-2.400000	0.510000	-1.215000	1.656000	-5.029000	-41.746000	9.260000
50091.239110	18.623000	8.312000	-0.576000	0.235000	-0.907000	1.328000	-5.986000	-41.746000	9.260000
50091.248200	19.054000	8.725000	1.141000	0.005000	-0.712000	1.018000	-5.619000	-41.746000	9.260000
50091.258760	18.600000	8.875000	2.353000	-0.115000	-0.644000	0.685000	-5.986000	-41.746000	9.260000
50091.269230	17.437000	8.570000	2.933000	-0.154000	-0.561000	0.310000	-5.986000	-41.746000	9.260000
50091.279390	15.984000	8.205000	3.332000	-0.157000	-0.308000	-0.118000	-5.986000	-41.746000	9.260000
50091.288240	14.386000	7.790000	3.587000	-0.163000	0.187000	-0.334000	-5.583000	-41.746000	9.260000
50091.297520	12.904000	7.354000	3.589000	-0.197000	0.513000	-0.736000	-5.583000	-42.089000	9.260000
50091.312900	11.833000	7.073000	3.317000	-0.188000	1.202000	-1.090000	-5.274000	-42.089000	9.260000
50091.318240	11.350000	7.128000	2.834000	-0.065000	1.755000	-1.401000	-5.274000	-42.089000	9.260000
50091.329110	10.840000	7.275000	2.380000	0.139000	2.084000	-1.659000	-4.315000	-42.089000	9.260000
50091.338020	10.488000	7.494000	1.895000	0.369000	2.241000	-1.857000	-4.315000	-42.089000	9.260000
50091.351230	10.067000	7.842000	1.451000	0.590000	2.283000	-2.042000	-4.315000	-42.089000	9.260000
50091.359100	9.028000	7.845000	0.988000	0.761000	2.242000	-2.251000	-4.315000	-42.089000	9.260000
50091.368200	7.824000	7.493000	0.529000	0.875000	2.194000	-2.482000	-4.315000	-42.089000	9.260000
50091.383980	6.829000	7.240000	-0.113000	0.964000	2.210000	-2.752000	-3.160000	-42.089000	9.260000
50091.387490	6.073000	7.018000	-0.858000	1.035000	2.288000	-3.013000	-1.914000	-42.089000	9.671000
50091.399080	5.367000	6.873000	-1.638000	1.071000	2.399000	-3.119000	-0.643000	-42.089000	9.671000
50091.407350	4.250000	6.525000	-2.346000	1.151000	2.464000	-3.290000	-0.305000	-42.089000	9.671000
50091.417390	2.840000	6.244000	-2.950000	1.213000	2.579000	-3.430000	1.528000	-41.767000	10.003000
50091.427400	1.660000	6.476000	-3.203000	1.194000	2.674000	-3.537000	2.548000	-41.767000	10.548000
50091.440280	0.622000	6.802000	-3.349000	1.080000	2.798000	-3.624000	3.227000	-41.767000	11.541000
50091.449130	-0.486000	6.721000	-3.677000	0.940000	2.947000	-3.665000	4.217000	-41.317000	12.010000
50091.458870	-1.427000	6.422000	-4.198000	0.878000	3.022000	-3.688000	5.029000	-40.272000	12.861000
50091.469120	-1.916000	6.197000	-4.621000	0.925000	2.939000	-3.741000	5.981000	-39.663000	13.435000
50091.479220	-1.757000	5.996000	-4.915000	1.041000	2.739000	-3.799000	7.061000	-38.777000	14.782000
50091.489540	-1.189000	5.830000	-5.021000	1.132000	2.469000	-3.812000	7.852000	-37.553000	15.264000
50091.497290	-1.117000	5.808000	-5.426000	1.098000	2.237000	-3.736000	8.505000	-37.037000	15.911000
50091.507760	-2.413000	6.075000	-6.009000	0.910000	2.160000	-3.592000	8.505000	-36.061000	15.911000
50091.519170	-4.966000	5.878000	-7.021000	0.606000	2.344000	-3.457000	8.842000	-35.241000	16.430000
50091.528390	-8.210000	5.031000	-8.576000	0.445000	2.812000	-3.436000	9.178000	-34.895000	17.282000
50091.538910	-11.207000	3.999000	-9.736000	0.222000	3.094000	-3.553000	9.986000	-34.220000	17.947000
50091.549380	-12.836000	3.315000	-9.825000	0.199000	3.515000	-3.820000	10.508000	-33.572000	18.302000
50091.559510	-13.046000	3.260000	-8.702000	0.299000	3.496000	-4.066000	11.206000	-32.731000	18.302000
50091.568450	-12.848000	3.430000	-6.938000	0.395000	2.936000	-4.123000	12.188000	-31.983000	18.302000
50091.578770	-13.217000	3.515000	-5.596000	0.353000	1.958000	-3.933000	13.269000	-31.323000	18.702000
50091.589020	-14.182000	3.681000	-4.976000	0.099000	0.958000	-3.580000	13.792000	-30.857000	18.702000
50091.600930	-15.578000	3.691000	-4.742000	-0.274000	0.297000	-3.205000	14.381000	-30.857000	18.298000
50091.610940	-17.013000	3.409000	-4.826000	-0.602000	0.150000	-2.873000	14.381000	-30.242000	18.298000
50091.619140	-18.055000	3.034000	-4.836000	-0.814000	0.418000	-2.598000	15.661000	-30.242000	18.965000
50091.631810	-18.908000	2.889000	-4.495000	-0.896000	0.769000	-2.353000	15.661000	-30.242000	18.614000
50091.638950	-19.576000	2.832000	-4.128000	-0.902000	0.940000	-2.093000	15.661000	-29.670000	18.614000
50091.649750	-19.609000	2.738000	-3.622000	-0.902000	0.873000	-1.797000	16.404000	-29.971000	18.614000
50091.659240	-19.609000	2.568000	-2.675000	-0.902000	0.604000	-1.638000	16.404000	-29.971000	18.614000
50091.672060	-19.609000	2.552000	-1.290000	-0.897000	0.421000	-1.303000	16.780000	-29.971000	18.614000
50091.678870	-19.609000	2.658000	0.103000	-0.902000	0.023000	-0.947000	16.780000	-30.316000	18.614000
50091.690770	-19.298000	2.759000	0.842000	-0.890000	-0.406000	-0.551000	16.780000	-30.316000	18.614000
50091.699410	-18.748000	2.834000	1.073000	-0.788000	-0.845000	-0.113000	17.790000	-30.316000	18.614000
50091.710850	-17.989000	2.817000	0.873000	-0.575000	-1.225000	0.325000	17.790000	-30.316000	18.614000
50091.729830	-17.242000	2.743000	0.336000	-0.023000	-1.600000	1.135000	17.332000	-30.316000	17.153000
50091.738160	-16.381000	2.726000	-0.331000	0.247000	-1.669000	1.476000	17.332000	-30.316000	16.647000
50091.748140	-15.550000	2.937000	-0.987000	0.526000	-1.786000	1.744000	17.332000	-30.316000	15.603000
50091.757760	-14.878000	3.115000	-1.441000	0.830000	-2.023000	1.944000	16.957000	-30.316000	15.258000
50091.769870	-14.219000	3.230000	-1.878000	0.985000	-2.396000	2.022000	16.957000	-30.316000	14.547000
50091.778170	-13.422000	3.367000	-2.432000	1.274000	-2.627000	2.163000	16.957000	-30.316000	14.118000
50091.790010	-12.389000	3.390000	-2.936000	1.518000	-3.112000	2.340000	16.957000	-30.316000	13.539000
50091.799260	-11.339000	3.198000	-3.218000	1.692000	-3.523000	2.579000	17.308000	-30.633000	13.539000
50091.810030	-10.299000	2.944000	-3.679000	1.755000	-3.816000	2.847000	17.308000	-31.072000	12.965000
50091.818210	-9.295000	2.768000	-4.122000	1.733000	-3.966000	3.115000	17.308000	-31.781000	12.965000
50091.827790	-8.276000	2.738000	-4.554000	1.680000	-3.959000	3.393000	17.308000	-32.566000	11.521000
50091.838230	-6.904000	2.810000	-5.201000	1.622000	-3.842000	3.686000	17.308000	-33.111000	12.251000
50091.851290	-5.183000	3.162000	-5.737000	1.586000	-3.691000	4.000000	17.308000	-33.839000	12.251000
50091.858250	-3.257000	3.409000	-6.178000	1.543000	-3.553000	4.349000	16.807000	-34.733000	12.251000
50091.869270	-0.973000	3.671000	-6.568000	1.425000	-3.423000	4.673000	14.929000	-35.414000	12.251000
50091.879060	1.247000	4.090000	-6.777000	1.243000	-3.270000	4.949000	13.046000	-36.436000	12.251000
50091.890080	2.932000	4.414000	-6.817000	1.135000	-3.107000	5.061000	11.393000	-37.020000	12.251000
50091.898900	4.417000	4.654000	-6.895000	0.884000	-3.018000	5.187000	9.803000	-37.677000	12.251000
50091.910220	6.030000	4.970000	-6.978000	0.630000	-2.844000	5.178000	8.299000	-37.980000	12.251000
50091.918830	7.354000	5.281000	-6.698000	0.400000	-2.728000	5.085000	6.680000	-39.186000	12.251000
50091.930150	8.502000	5.293000	-6.269000	0.182000	-2.665000	4.950000	5.245000	-39.558000	12.251000
50091.938820	9.540000	5.336000	-5.174000	-0.048000	-2.642000	4.790000	3.529000	-40.069000	11.886000
50091.949680	10.312000	5.231000	-3.296000	-0.351000	-2.630000	4.618000	2.302000	-40.820000	11.886000
50091.958350	11.255000	4.814000	-1.281000	-0.749000	-2.540000	4.456000	0.947000	-40.820000	11.459000
50091.969270	12.307000	4.753000	0.525000	-1.165000	-2.329000	4.302000	-0.628000	-41.596000	11.459000
50091.981750	13.481000	5.018000	1.095000	-1.444000	-1.985000	4.150000	-1.893000	-42.144000	11.026000
50091.989260	15.058000	6.059000	0.716000	-1.449000	-1.561000	3.974000	-3.141000	-42.144000	11.026000
50091.999910	16.154000	7.220000	0.112000	-1.203000	-1.131000	3.752000	-4.557000	-42.144000	10.035000
50092.008880	16.891000	7.868000	-0.403000	-1.024000	-0.796000	3.608000	-5.659000	-42.144000	10.035000
50092.018440	17.149000	7.995000	-0.312000	-0.644000	-0.710000	3.223000	-6.178000	-42.144000	9.680000
50092.032140	16.910000	7.745000	0.310000	-0.388000	-0.690000	2.734000	-6.887000	-42.144000	9.680000
50092.038150	16.327000	7.271000	1.042000	-0.343000	-0.706000	2.217000	-7.803000	-42.144000	9.123000
50092.049750	15.710000	6.896000	1.538000	-0.423000	-0.597000	1.721000	-8.201000	-42.144000	9.123000
50092.058480	15.372000	6.907000	1.757000	-0.489000	-0.341000	1.302000	-8.612000	-42.144000	9.123000
50092.068580	15.006000	7.067000	2.053000	-0.478000	0.010000	0.973000	-8.996000	-42.144000	9.123000
50092.081420	14.770000	7.471000	2.379000	-0.380000	0.372000	0.696000	-9.605000	-42.144000	8.645000
50092.089120	14.600000	8.039000	2.437000	-0.234000	0.636000	0.422000	-9.605000	-42.144000	8.264000
50092.100250	13.962000	8.274000	2.638000	-0.117000	0.789000	0.133000	-9.242000	-42.144000	8.264000
50092.110360	12.944000	8.003000	2.912000	-0.064000	0.946000	-0.207000	-9.242000	-42.144000	8.264000
50092.119270	11.768000	7.502000	3.225000	-0.040000	1.149000	-0.605000	-9.242000	-42.144000	8.264000
50092.130340	10.913000	7.298000	3.294000	-0.018000	1.326000	-0.810000	-8.479000	-42.567000	7.939000
50092.139260	10.318000	7.233000	3.372000	0.072000	1.392000	-1.164000	-8.027000	-42.567000	7.939000
50092.149880	10.018000	7.153000	3.171000	0.229000	1.481000	-1.410000	-7.522000	-42.567000	7.563000
50092.161440	10.008000	7.533000	2.701000	0.445000	1.509000	-1.593000	-7.522000	-42.567000	7.563000
50092.169160	10.007000	7.973000	1.935000	0.677000	1.480000	-1.738000	-7.023000	-42.567000	7.563000
50092.181460	10.107000	8.332000	1.068000	0.847000	1.486000	-1.861000	-7.023000	-42.567000	7.254000
50092.189950	10.107000	8.423000	0.351000	0.936000	1.618000	-2.016000	-7.023000	-42.567000	7.254000
50092.199920	9.693000	8.406000	-0.104000	0.981000	1.863000	-2.223000	-6.329000	-42.567000	7.254000
50092.211730	8.932000	8.076000	-0.478000	1.008000	2.043000	-2.508000	-5.496000	-42.567000	7.254000
50092.218690	8.150000	7.852000	-0.956000	1.036000	2.084000	-2.849000	-4.200000	-42.567000	7.254000
50092.229500	7.104000	7.562000	-1.719000	1.064000	2.081000	-3.175000	-2.731000	-42.567000	7.254000
50092.240480	5.823000	7.067000	-2.346000	1.101000	2.098000	-3.457000	-1.821000	-42.567000	7.254000
50092.248840	4.697000	6.515000	-2.685000	1.112000	2.136000	-3.582000	-0.022000	-42.567000	7.254000
50092.261450	3.336000	5.916000	-2.646000	1.067000	2.167000	-3.782000	0.981000	-42.567000	8.050000
50092.268190	2.330000	5.444000	-2.416000	0.911000	2.279000	-3.868000	1.991000	-42.567000	8.454000
50092.279270	2.204000	5.909000	-1.897000	0.693000	2.437000	-3.822000	3.370000	-42.567000	9.136000
50092.288790	2.286000	6.766000	-1.708000	0.503000	2.562000	-3.669000	3.689000	-42.239000	9.564000
50092.298280	1.643000	6.947000	-1.986000	0.408000	2.627000	-3.467000	4.937000	-42.239000	10.455000
50092.308290	0.077000	6.532000	-2.776000	0.428000	2.675000	-3.388000	5.424000	-41.830000	10.766000
50092.320470	-1.855000	6.038000	-3.755000	0.537000	2.804000	-3.481000	6.256000	-41.018000	11.344000
50092.328830	-3.712000	5.536000	-4.419000	0.657000	2.959000	-3.634000	7.008000	-40.103000	11.791000
50092.341430	-5.218000	5.144000	-4.787000	0.736000	3.044000	-3.728000	7.955000	-39.172000	12.612000
50092.348300	-5.833000	5.232000	-4.563000	0.749000	2.989000	-3.669000	8.586000	-38.476000	12.612000
50092.361480	-6.367000	6.078000	-3.994000	0.669000	2.793000	-3.445000	9.133000	-37.864000	13.681000
50092.368380	-7.866000	6.715000	-3.718000	0.589000	2.585000	-3.294000	9.133000	-37.496000	13.681000
50092.382970	-9.970000	6.418000	-4.336000	0.387000	2.523000	-3.020000	9.696000	-36.778000	14.247000
50092.392190	-12.103000	5.778000	-5.533000	0.249000	2.539000	-2.924000	9.696000	-35.873000	15.118000
50092.398350	-13.728000	5.559000	-6.390000	0.276000	2.660000	-2.958000	10.430000	-35.873000	15.118000
50092.408360	-14.691000	5.420000	-6.571000	0.389000	2.664000	-2.907000	10.430000	-34.805000	15.763000
50092.420260	-14.687000	5.188000	-5.929000	0.405000	2.445000	-2.676000	10.945000	-34.805000	16.159000
50092.428810	-13.787000	5.593000	-4.691000	0.217000	2.108000	-2.279000	10.945000	-34.448000	16.752000
50092.438390	-13.047000	6.406000	-3.513000	-0.139000	1.768000	-1.764000	10.945000	-34.448000	16.340000
50092.448370	-13.108000	7.007000	-2.803000	-0.540000	1.558000	-1.251000	10.945000	-34.448000	16.340000
50092.458260	-13.664000	7.162000	-2.593000	-0.841000	1.581000	-0.889000	10.641000	-34.448000	16.340000
50092.468230	-14.205000	7.043000	-2.538000	-0.942000	1.716000	-0.728000	10.641000	-34.448000	16.874000
50092.478280	-14.309000	6.918000	-2.409000	-0.877000	1.760000	-0.678000	10.641000	-34.448000	16.874000
50092.488250	-13.925000	6.865000	-2.199000	-0.803000	1.582000	-0.655000	10.090000	-34.448000	16.268000
50092.498260	-13.072000	6.804000	-1.720000	-0.609000	1.399000	-0.563000	10.406000	-34.448000	16.268000
50092.508270	-11.823000	6.895000	-1.179000	-0.428000	0.915000	-0.394000	10.406000	-34.448000	16.268000
50092.519200	-10.555000	7.281000	-0.971000	-0.351000	0.420000	-0.156000	10.406000	-34.750000	16.268000
50092.528290	-9.693000	7.649000	-1.165000	-0.375000	0.081000	0.130000	10.406000	-34.750000	16.268000
50092.538270	-9.571000	7.845000	-1.183000	-0.419000	-0.036000	0.391000	10.406000	-34.750000	16.268000
50092.551430	-9.853000	7.706000	-1.126000	-0.440000	0.008000	0.521000	10.406000	-34.750000	16.651000
50092.559510	-10.152000	7.576000	-1.447000	-0.444000	0.074000	0.516000	10.406000	-34.387000	16.651000
50092.571540	-10.682000	7.521000	-1.912000	-0.399000	0.035000	0.463000	10.406000	-34.387000	16.651000
50092.581550	-11.413000	7.420000	-2.209000	-0.292000	-0.142000	0.408000	10.406000	-34.387000	16.651000
50092.590240	-12.461000	7.065000	-2.227000	-0.181000	-0.435000	0.330000	10.406000	-34.387000	16.651000
50092.601380	-13.385000	6.472000	-1.928000	-0.130000	-0.805000	0.234000	10.406000	-34.387000	16.651000
50092.609100	-13.912000	5.994000	-1.349000	-0.133000	-1.196000	0.190000	10.406000	-34.387000	16.651000
50092.620610	-14.217000	5.645000	-0.681000	-0.175000	-1.389000	0.153000	10.406000	-34.387000	16.651000
50092.630070	-14.517000	5.267000	-0.065000	-0.218000	-1.769000	0.207000	10.406000	-34.387000	16.226000
50092.639470	-14.905000	4.966000	0.448000	-0.215000	-2.127000	0.324000	10.406000	-34.791000	15.093000
50092.649510	-14.840000	4.692000	0.827000	-0.143000	-2.431000	0.487000	10.406000	-34.791000	14.057000
50092.659370	-14.184000	4.460000	0.984000	0.005000	-2.668000	0.721000	10.774000	-34.791000	13.754000
50092.669960	-13.145000	4.192000	0.751000	0.248000	-2.872000	1.045000	10.774000	-35.127000	13.240000
50092.680390	-11.920000	3.928000	0.068000	0.603000	-3.083000	1.447000	10.774000	-35.127000	13.240000
50092.691470	-10.636000	3.657000	-0.854000	1.004000	-3.297000	1.902000	10.774000	-35.127000	12.745000
50092.700870	-9.282000	3.209000	-1.932000	1.347000	-3.419000	2.388000	10.774000	-35.542000	12.745000
50092.711520	-7.796000	2.729000	-3.021000	1.547000	-3.367000	2.894000	10.774000	-35.542000	12.745000
50092.719090	-6.202000	2.251000	-3.594000	1.547000	-3.110000	3.439000	10.774000	-35.855000	13.276000
50092.731450	-4.477000	1.665000	-3.460000	1.457000	-2.653000	3.734000	10.774000	-35.855000	12.786000
50092.739050	-2.512000	1.109000	-3.082000	1.088000	-2.360000	4.348000	8.860000	-36.241000	13.124000
50092.751380	0.099000	1.123000	-2.789000	0.491000	-1.683000	4.946000	6.394000	-36.628000	13.124000
50092.758760	3.011000	1.817000	-2.772000	-0.171000	-0.959000	5.496000	3.283000	-37.586000	13.124000
50092.770510	6.227000	2.972000	-3.406000	-0.634000	-0.336000	5.950000	0.947000	-38.446000	12.728000
50092.779670	9.079000	4.195000	-3.833000	-0.761000	-0.043000	6.220000	-1.426000	-39.346000	12.728000
50092.790070	10.787000	4.818000	-3.551000	-0.653000	-0.181000	6.220000	-3.500000	-39.346000	12.728000
50092.799140	11.762000	4.703000	-2.831000	-0.493000	-0.635000	5.931000	-5.308000	-39.790000	12.403000
50092.810520	11.808000	4.298000	-1.771000	-0.418000	-1.250000	5.427000	-6.701000	-39.790000	12.403000
50092.821020	11.737000	3.462000	-1.389000	-0.507000	-1.795000	4.895000	-8.235000	-39.790000	12.403000
50092.829750	13.015000	3.450000	-1.441000	-0.734000	-2.004000	4.479000	-9.777000	-39.790000	12.403000
50092.840980	14.771000	4.150000	-1.521000	-1.013000	-1.753000	4.248000	-11.589000	-39.790000	12.403000
50092.849190	16.774000	4.572000	-1.413000	-1.131000	-1.181000	4.201000	-12.719000	-39.790000	12.403000
50092.859260	19.115000	5.349000	-1.432000	-1.196000	-0.919000	4.122000	-13.632000	-39.448000	12.068000
50092.870580	19.608000	6.789000	-1.346000	-0.955000	-0.748000	3.914000	-14.617000	-39.448000	12.068000
50092.881900	19.608000	7.834000	-1.132000	-0.517000	-1.132000	3.577000	-15.406000	-39.448000	12.068000
50092.890200	19.608000	7.777000	-1.006000	-0.085000	-1.808000	3.125000	-15.992000	-39.448000	12.068000
50092.899720	19.608000	7.145000	-0.554000	0.104000	-2.288000	2.539000	-15.992000	-39.448000	12.068000
50092.910680	19.482000	6.649000	0.224000	-0.057000	-2.194000	1.880000	-16.587000	-39.749000	12.068000
50092.919250	18.362000	6.349000	1.248000	-0.446000	-1.492000	1.252000	-16.889000	-39.749000	12.068000
50092.933020	17.172000	6.379000	2.661000	-0.830000	-0.473000	0.716000	-16.889000	-39.749000	12.068000
50092.939000	16.221000	6.550000	4.072000	-1.005000	0.396000	0.258000	-17.210000	-39.749000	12.068000
50092.950230	15.408000	6.688000	5.189000	-0.936000	0.789000	-0.155000	-16.831000	-39.749000	12.068000
50092.958870	14.462000	6.862000	5.807000	-0.706000	0.739000	-0.539000	-16.831000	-39.749000	12.068000
50092.970710	13.405000	6.783000	5.892000	-0.561000	0.514000	-0.720000	-16.273000	-39.749000	11.729000
50092.981450	12.546000	6.610000	5.565000	-0.261000	0.421000	-1.049000	-15.805000	-39.749000	11.729000
50092.990240	11.885000	6.661000	5.089000	0.020000	0.375000	-1.334000	-15.367000	-39.749000	11.729000
50092.999820	11.580000	6.992000	4.381000	0.286000	0.546000	-1.574000	-15.367000	-39.749000	11.355000
50093.010590	11.636000	7.547000	3.259000	0.547000	0.840000	-1.748000	-14.730000	-39.749000	11.355000
50093.021430	11.495000	8.173000	2.028000	0.799000	1.130000	-1.874000	-14.404000	-39.749000	11.355000
50093.030280	10.960000	8.338000	1.018000	1.016000	1.381000	-2.021000	-14.404000	-39.749000	11.035000
50093.038910	10.079000	7.905000	0.503000	1.157000	1.607000	-2.236000	-14.404000	-39.749000	11.035000
50093.050390	8.684000	7.268000	0.177000	1.202000	1.782000	-2.558000	-13.777000	-39.749000	11.035000
