50113.280980	-0.450000	9.805000	-0.875000	0.637000	-0.405000	0.010000	8.268000	-36.689000	13.362000
50113.293220	-0.992000	9.667000	-1.337000	0.711000	-0.331000	-0.050000	8.268000	-36.689000	13.362000
50113.299320	-1.205000	9.608000	-1.489000	0.702000	-0.244000	-0.086000	7.951000	-36.689000	13.362000
50113.309240	-0.800000	9.883000	-1.309000	0.620000	-0.162000	-0.063000	7.951000	-36.689000	13.362000
50113.320380	-0.156000	10.494000	-0.983000	0.491000	-0.090000	0.037000	7.951000	-36.689000	13.362000
50113.328770	0.590000	10.898000	-0.775000	0.347000	-0.054000	0.170000	7.951000	-36.689000	13.362000
50113.338690	1.291000	11.122000	-0.655000	0.230000	-0.060000	0.269000	7.615000	-36.689000	13.362000
50113.348640	2.155000	11.314000	-0.831000	0.198000	-0.080000	0.298000	7.615000	-36.689000	13.362000
50113.358890	3.012000	11.586000	-0.980000	0.234000	-0.139000	0.268000	7.615000	-36.689000	13.674000
50113.368530	3.723000	11.897000	-0.975000	0.249000	-0.195000	0.198000	7.615000	-36.689000	13.674000
50113.378540	4.208000	12.059000	-0.897000	0.233000	-0.163000	0.161000	7.615000	-36.689000	13.674000
50113.389440	4.459000	12.024000	-0.757000	0.146000	-0.118000	0.074000	7.615000	-36.689000	13.989000
50113.399230	4.670000	12.006000	-0.724000	0.022000	0.012000	-0.077000	7.305000	-36.689000	13.989000
50113.411440	4.928000	12.078000	-0.599000	-0.079000	0.188000	-0.266000	7.305000	-36.689000	13.989000
50113.421390	5.189000	11.870000	-0.530000	-0.150000	0.359000	-0.445000	7.305000	-36.689000	13.989000
50113.429720	5.550000	11.720000	-0.731000	-0.208000	0.525000	-0.606000	7.305000	-36.689000	14.305000
50113.441320	5.859000	11.882000	-1.014000	-0.250000	0.703000	-0.764000	7.305000	-36.335000	14.305000
50113.450260	6.009000	11.985000	-1.406000	-0.293000	0.868000	-0.937000	7.305000	-36.335000	14.305000
50113.461310	6.305000	11.953000	-1.838000	-0.328000	1.037000	-1.133000	7.305000	-36.335000	14.611000
50113.473090	6.149000	11.690000	-1.910000	-0.365000	1.235000	-1.364000	7.305000	-36.335000	14.611000
50113.480170	5.296000	10.925000	-1.557000	-0.437000	1.473000	-1.639000	7.305000	-36.335000	14.611000
50113.488830	3.935000	9.847000	-1.472000	-0.550000	1.731000	-1.990000	7.305000	-36.335000	14.611000
50113.500090	2.113000	8.948000	-1.680000	-0.611000	1.980000	-2.192000	7.305000	-36.335000	14.611000
50113.509740	0.344000	8.311000	-2.020000	-0.691000	2.105000	-2.597000	7.682000	-35.997000	14.611000
50113.520510	-1.480000	7.447000	-2.606000	-0.655000	2.353000	-2.962000	7.682000	-35.997000	14.959000
50113.530250	-3.574000	6.529000	-3.488000	-0.490000	2.508000	-3.270000	8.000000	-35.997000	14.959000
50113.542480	-5.512000	5.851000	-4.339000	-0.229000	2.455000	-3.540000	9.010000	-35.997000	14.959000
50113.549990	-6.698000	5.392000	-4.866000	0.052000	2.195000	-3.767000	10.295000	-35.537000	14.959000
50113.560920	-7.464000	4.967000	-4.900000	0.245000	1.828000	-3.896000	11.712000	-35.537000	14.959000
50113.570040	-7.943000	4.544000	-4.700000	0.293000	1.429000	-3.890000	12.962000	-34.002000	14.959000
50113.579200	-8.238000	4.293000	-4.190000	0.201000	1.006000	-3.788000	13.600000	-32.800000	15.261000
50113.588720	-8.984000	4.004000	-3.352000	-0.022000	0.658000	-3.618000	14.909000	-31.936000	15.261000
50113.599640	-10.508000	3.420000	-2.610000	-0.382000	0.538000	-3.384000	14.909000	-31.184000	15.261000
50113.608710	-12.322000	2.596000	-2.220000	-0.801000	0.666000	-3.154000	15.925000	-30.827000	15.261000
50113.619570	-13.440000	2.127000	-1.727000	-0.985000	0.966000	-3.054000	15.925000	-30.235000	15.562000
50113.629580	-13.807000	2.158000	-1.252000	-1.235000	1.142000	-2.855000	16.342000	-29.826000	15.562000
50113.638920	-13.826000	2.409000	-0.828000	-1.296000	1.431000	-2.584000	17.149000	-29.826000	15.562000
50113.651800	-13.436000	2.625000	-0.263000	-1.182000	1.483000	-2.224000	17.149000	-29.826000	15.562000
50113.661440	-12.962000	2.968000	0.382000	-0.984000	1.287000	-1.858000	18.093000	-29.400000	15.562000
50113.669440	-12.494000	3.178000	0.973000	-0.818000	0.995000	-1.508000	18.093000	-29.400000	15.950000
50113.679630	-12.133000	3.224000	1.352000	-0.746000	0.721000	-1.179000	18.093000	-29.400000	15.950000
50113.689490	-11.780000	3.380000	1.526000	-0.724000	0.571000	-0.885000	18.093000	-29.400000	15.950000
50113.699950	-11.116000	3.713000	1.088000	-0.658000	0.568000	-0.629000	18.093000	-29.400000	15.950000
50113.712470	-10.379000	4.247000	0.360000	-0.500000	0.597000	-0.408000	18.093000	-29.400000	15.950000
50113.719420	-9.949000	4.563000	-0.330000	-0.274000	0.583000	-0.226000	17.791000	-29.400000	16.275000
50113.731540	-9.904000	4.472000	-0.833000	-0.013000	0.507000	-0.102000	17.791000	-29.400000	16.275000
50113.741430	-9.966000	4.326000	-0.757000	0.109000	0.325000	-0.069000	17.791000	-29.400000	16.275000
50113.750890	-9.742000	4.384000	-0.221000	0.276000	0.206000	-0.048000	17.791000	-29.400000	16.275000
50113.761360	-9.288000	4.601000	0.276000	0.306000	-0.020000	-0.016000	17.791000	-29.400000	16.275000
50113.770940	-8.687000	4.949000	0.380000	0.250000	-0.193000	0.092000	17.791000	-29.029000	16.275000
50113.782290	-8.071000	5.392000	0.249000	0.217000	-0.309000	0.254000	17.791000	-29.029000	16.275000
50113.789520	-7.511000	5.814000	-0.180000	0.271000	-0.369000	0.444000	17.791000	-29.029000	16.275000
50113.800600	-6.844000	6.235000	-0.916000	0.377000	-0.389000	0.629000	18.167000	-29.029000	16.584000
50113.811710	-6.164000	6.802000	-1.938000	0.490000	-0.366000	0.792000	18.167000	-29.029000	16.584000
50113.819640	-5.735000	7.345000	-2.783000	0.583000	-0.300000	0.938000	18.167000	-29.029000	16.584000
50113.831450	-5.355000	7.776000	-3.258000	0.639000	-0.203000	1.061000	18.167000	-29.029000	16.584000
50113.839140	-4.974000	8.206000	-3.391000	0.626000	-0.116000	1.157000	18.167000	-29.029000	16.584000
50113.849250	-4.530000	8.559000	-2.983000	0.521000	-0.074000	1.223000	18.167000	-29.029000	16.584000
50113.859230	-4.178000	8.692000	-2.239000	0.436000	-0.049000	1.247000	18.167000	-29.029000	16.584000
50113.869230	-3.782000	8.826000	-1.560000	0.210000	-0.027000	1.272000	17.813000	-29.029000	16.584000
50113.879400	-3.418000	9.065000	-1.271000	-0.038000	0.039000	1.283000	17.410000	-29.029000	16.584000
50113.889440	-3.106000	9.333000	-1.243000	-0.232000	0.088000	1.282000	16.606000	-29.029000	16.902000
50113.899420	-2.936000	9.438000	-1.289000	-0.347000	0.140000	1.270000	15.946000	-29.029000	16.902000
50113.910010	-2.971000	9.346000	-1.600000	-0.384000	0.235000	1.241000	15.327000	-29.029000	16.902000
50113.921390	-3.049000	9.340000	-1.935000	-0.365000	0.324000	1.164000	14.660000	-29.428000	16.902000
50113.930030	-3.305000	9.411000	-2.060000	-0.331000	0.371000	1.048000	14.660000	-29.428000	16.902000
50113.943330	-3.599000	9.307000	-1.996000	-0.329000	0.390000	0.932000	13.998000	-29.736000	16.902000
50113.951540	-3.828000	9.116000	-1.804000	-0.403000	0.400000	0.830000	13.462000	-29.736000	16.902000
50113.961860	-4.074000	8.953000	-1.480000	-0.541000	0.421000	0.741000	13.098000	-30.473000	16.902000
50113.972080	-4.269000	8.854000	-1.045000	-0.703000	0.479000	0.671000	12.678000	-30.957000	16.902000
50113.981260	-4.374000	8.723000	-0.570000	-0.865000	0.555000	0.616000	12.176000	-31.318000	16.902000
50113.991920	-4.456000	8.681000	-0.169000	-1.005000	0.645000	0.585000	12.176000	-31.983000	16.902000
50114.014190	-4.457000	8.567000	0.193000	-1.132000	0.758000	0.567000	11.433000	-32.991000	16.902000
50114.019320	-4.379000	8.444000	0.526000	-1.150000	0.798000	0.543000	11.433000	-32.991000	16.902000
50114.029120	-4.331000	8.476000	0.791000	-1.109000	0.826000	0.502000	10.987000	-33.540000	16.902000
50114.041230	-4.442000	8.555000	0.831000	-0.999000	0.806000	0.449000	10.987000	-33.956000	16.902000
50114.052160	-4.682000	8.486000	0.673000	-0.822000	0.722000	0.371000	10.331000	-33.956000	16.902000
50114.061950	-4.778000	8.341000	0.061000	-0.611000	0.624000	0.263000	10.331000	-33.956000	16.525000
50114.071230	-5.104000	8.226000	-0.812000	-0.432000	0.534000	0.158000	10.331000	-34.268000	16.525000
50114.081300	-5.950000	7.951000	-1.790000	-0.346000	0.466000	0.079000	10.331000	-34.268000	16.525000
50114.091250	-6.535000	7.749000	-2.274000	-0.372000	0.450000	0.042000	10.331000	-34.568000	16.525000
50114.101900	-6.655000	7.480000	-1.982000	-0.426000	0.476000	0.050000	10.331000	-34.568000	16.157000
50114.111210	-6.645000	7.251000	-1.066000	-0.595000	0.486000	0.129000	10.331000	-34.568000	16.157000
50114.120150	-6.271000	7.323000	0.060000	-0.787000	0.441000	0.255000	10.331000	-34.890000	16.157000
50114.130770	-5.713000	7.664000	0.974000	-0.934000	0.311000	0.405000	10.331000	-34.890000	15.762000
50114.142150	-5.291000	8.090000	1.321000	-0.992000	0.166000	0.582000	9.953000	-34.890000	15.762000
50114.149390	-5.228000	8.366000	1.092000	-0.941000	0.086000	0.737000	9.953000	-35.263000	15.432000
50114.161870	-5.406000	8.471000	0.508000	-0.813000	0.137000	0.849000	9.506000	-35.263000	15.432000
50114.172180	-5.379000	8.598000	-0.186000	-0.684000	0.297000	0.931000	9.506000	-35.636000	15.046000
50114.181310	-5.188000	8.702000	-0.511000	-0.604000	0.508000	0.993000	9.060000	-35.636000	15.046000
50114.192870	-4.951000	8.696000	-0.639000	-0.587000	0.697000	1.049000	9.060000	-36.013000	14.721000
50114.199830	-4.408000	8.774000	-0.883000	-0.609000	0.780000	1.096000	8.459000	-36.013000	14.721000
50114.211490	-3.987000	8.752000	-0.871000	-0.646000	0.772000	1.125000	7.901000	-36.427000	14.721000
50114.221350	-3.639000	8.790000	-0.639000	-0.669000	0.752000	1.134000	7.243000	-36.427000	14.358000
50114.230870	-3.411000	8.764000	-0.266000	-0.736000	0.735000	1.142000	6.559000	-36.871000	14.358000
50114.241370	-3.469000	8.704000	0.359000	-0.827000	0.678000	1.140000	5.932000	-37.243000	14.358000
50114.251160	-3.476000	8.593000	0.730000	-0.924000	0.649000	1.145000	5.236000	-37.243000	13.920000
50114.261110	-3.437000	8.440000	1.134000	-1.022000	0.669000	1.174000	4.745000	-37.817000	13.920000
50114.271580	-3.362000	8.257000	1.339000	-1.124000	0.721000	1.234000	3.814000	-37.817000	13.574000
50114.280430	-3.313000	8.107000	1.786000	-1.236000	0.833000	1.319000	2.911000	-38.223000	13.574000
50114.291480	-3.070000	7.927000	1.802000	-1.351000	1.023000	1.419000	2.165000	-38.569000	13.134000
50114.299990	-2.498000	7.945000	1.722000	-1.454000	1.275000	1.548000	1.123000	-38.569000	12.734000
50114.309600	-1.569000	8.321000	1.572000	-1.560000	1.543000	1.693000	0.221000	-38.972000	12.364000
50114.322120	-0.378000	8.478000	2.144000	-1.713000	1.864000	1.841000	-0.936000	-38.972000	11.447000
50114.331000	-1.699000	7.957000	2.960000	-1.916000	2.207000	1.954000	-1.843000	-39.314000	10.469000
50114.341460	-2.374000	7.524000	3.583000	-2.014000	2.499000	1.974000	-2.636000	-39.314000	9.497000
50114.350040	-2.277000	7.453000	4.177000	-2.106000	2.601000	1.996000	-3.894000	-39.314000	8.016000
50114.361730	-1.898000	7.676000	4.447000	-2.038000	2.630000	2.123000	-4.879000	-39.804000	7.066000
50114.373870	-1.403000	7.894000	4.568000	-1.880000	2.511000	2.305000	-6.396000	-39.804000	7.066000
50114.381500	-0.971000	7.889000	4.000000	-1.667000	2.498000	2.471000	-7.646000	-39.804000	5.364000
50114.391820	-0.845000	7.912000	3.368000	-1.478000	2.606000	2.608000	-9.387000	-40.150000	4.550000
50114.400270	-1.120000	7.797000	2.727000	-1.379000	2.779000	2.727000	-10.830000	-40.150000	3.675000
50114.411010	-1.514000	7.554000	2.616000	-1.416000	2.953000	2.842000	-11.984000	-40.150000	3.675000
50114.421940	-1.685000	7.234000	2.884000	-1.622000	3.113000	2.970000	-13.510000	-40.464000	2.511000
50114.431920	-1.496000	6.856000	3.524000	-1.932000	3.281000	3.138000	-15.126000	-40.464000	1.403000
50114.440040	-1.550000	6.243000	7.287000	-2.191000	3.394000	3.342000	-16.459000	-40.464000	-0.205000
50114.450350	-0.485000	6.591000	6.835000	-2.297000	3.386000	3.526000	-17.590000	-40.464000	-1.290000
50114.462040	0.126000	6.621000	5.490000	-2.259000	3.316000	3.606000	-18.600000	-40.464000	-2.273000
50114.471930	-0.214000	6.640000	5.204000	-1.907000	3.335000	3.771000	-20.075000	-40.464000	-3.787000
50114.481540	0.187000	6.504000	4.893000	-1.424000	3.516000	3.927000	-21.255000	-38.420000	-3.787000
50114.491730	0.600000	6.380000	4.424000	-1.164000	3.571000	4.108000	-22.439000	-36.708000	-5.491000
50114.501220	0.949000	6.240000	4.170000	-1.063000	3.504000	4.336000	-23.591000	-34.588000	-6.524000
50114.510200	1.481000	6.420000	4.128000	-1.086000	3.544000	4.528000	-24.679000	-33.255000	-7.858000
50114.521520	2.314000	6.788000	3.752000	-1.231000	3.664000	4.697000	-26.040000	-31.507000	-9.466000
50114.531990	3.421000	6.951000	2.993000	-1.435000	3.754000	4.871000	-26.788000	-29.405000	-10.636000
50114.540770	4.165000	6.998000	3.062000	-1.695000	3.840000	5.039000	-27.731000	-27.416000	-11.970000
50114.552650	4.449000	6.759000	4.060000	-2.019000	3.995000	5.130000	-28.364000	-24.758000	-14.025000
50114.560730	4.967000	6.693000	5.841000	-2.365000	4.108000	5.082000	-29.142000	-22.863000	-17.192000
50114.571810	5.345000	6.038000	6.312000	-2.655000	4.081000	4.930000	-29.689000	-20.616000	-19.386000
50114.580720	4.824000	5.865000	6.994000	-2.752000	4.049000	4.833000	-29.689000	-18.450000	-21.235000
50114.591830	4.250000	6.144000	7.188000	-2.816000	4.086000	4.632000	-29.689000	-16.598000	-23.463000
50114.600310	4.007000	6.041000	6.404000	-2.732000	4.213000	4.454000	-29.689000	-14.363000	-24.908000
50114.610900	3.999000	5.286000	6.299000	-2.591000	4.173000	4.248000	-29.689000	-12.832000	-26.229000
50114.621800	4.766000	5.090000	7.294000	-2.469000	3.925000	3.977000	-29.374000	-11.209000	-27.355000
50114.629920	5.761000	4.997000	7.925000	-2.364000	3.509000	3.731000	-29.374000	-9.210000	-28.356000
50114.640410	6.349000	4.802000	7.889000	-2.275000	2.877000	3.568000	-29.374000	-7.789000	-29.670000
50114.650360	6.425000	4.612000	8.027000	-2.271000	2.272000	3.400000	-28.652000	-5.474000	-30.622000
50114.661780	6.038000	4.099000	8.772000	-2.353000	2.024000	3.210000	-28.652000	-4.248000	-32.141000
50114.671080	6.066000	3.352000	10.661000	-2.450000	2.049000	3.028000	-27.803000	-2.310000	-33.003000
50114.682560	7.080000	3.543000	10.164000	-2.544000	2.098000	2.840000	-27.168000	-0.402000	-33.003000
50114.691530	6.767000	3.843000	9.993000	-2.650000	2.168000	2.706000	-27.168000	1.622000	-34.616000
50114.700530	5.433000	3.610000	10.950000	-2.666000	2.418000	2.655000	-26.712000	2.743000	-34.616000
50114.710020	5.021000	3.182000	9.883000	-2.481000	2.551000	2.493000	-26.394000	3.955000	-35.087000
50114.721560	5.040000	2.965000	9.584000	-2.078000	2.397000	2.229000	-25.588000	5.064000	-35.087000
50114.734740	4.896000	2.666000	10.214000	-1.757000	1.822000	2.015000	-24.945000	6.147000	-34.526000
50114.740450	4.648000	1.997000	10.950000	-1.649000	1.528000	1.898000	-24.554000	7.046000	-35.101000
50114.751220	4.578000	1.641000	10.922000	-1.637000	1.359000	1.810000	-23.991000	7.952000	-35.101000
50114.761840	4.703000	1.796000	10.163000	-1.591000	1.139000	1.738000	-23.991000	8.914000	-35.101000
50114.771150	4.935000	2.204000	9.371000	-1.510000	0.985000	1.710000	-23.991000	9.793000	-35.101000
50114.782380	5.279000	2.498000	9.191000	-1.433000	0.960000	1.696000	-23.660000	10.588000	-35.101000
50114.792610	5.895000	3.036000	9.406000	-1.391000	0.957000	1.605000	-23.660000	11.448000	-34.602000
50114.801150	6.118000	2.825000	9.824000	-1.348000	0.830000	1.396000	-23.660000	11.924000	-34.152000
50114.812620	5.761000	1.924000	11.557000	-1.208000	0.525000	1.073000	-24.026000	11.924000	-34.152000
50114.821600	5.340000	0.986000	12.578000	-1.106000	0.094000	0.870000	-24.449000	12.548000	-34.152000
50114.831240	4.945000	0.243000	12.932000	-0.916000	-0.131000	0.435000	-24.449000	12.548000	-34.152000
50114.841680	4.564000	-0.111000	12.523000	-0.782000	-0.472000	0.068000	-24.806000	12.548000	-34.152000
50114.851320	4.200000	-0.129000	11.778000	-0.629000	-0.535000	-0.173000	-24.806000	12.548000	-34.483000
50114.862120	4.164000	0.015000	10.934000	-0.393000	-0.498000	-0.321000	-24.806000	12.144000	-34.483000
50114.872740	4.264000	0.175000	10.393000	-0.086000	-0.586000	-0.403000	-24.311000	12.144000	-34.483000
50114.881590	4.446000	0.477000	10.182000	0.220000	-0.755000	-0.420000	-24.311000	11.708000	-34.483000
50114.892730	4.484000	0.968000	10.419000	0.462000	-0.922000	-0.381000	-25.186000	11.708000	-34.483000
50114.901250	4.606000	1.431000	10.728000	0.625000	-1.080000	-0.304000	-26.013000	11.248000	-34.483000
50114.915840	5.048000	1.721000	10.764000	0.720000	-1.235000	-0.240000	-26.745000	11.248000	-34.030000
50114.920290	5.315000	1.824000	10.662000	0.744000	-1.336000	-0.222000	-27.409000	11.248000	-34.030000
50114.931310	5.063000	1.666000	10.353000	0.743000	-1.296000	-0.254000	-28.004000	10.829000	-33.358000
50114.942020	4.608000	1.365000	9.932000	0.757000	-1.163000	-0.291000	-28.865000	11.164000	-32.733000
50114.951390	4.426000	1.499000	9.515000	0.833000	-1.105000	-0.386000	-28.865000	11.492000	-32.733000
50114.960820	4.331000	1.788000	9.188000	0.970000	-1.017000	-0.458000	-29.907000	11.175000	-32.165000
50114.970950	4.351000	1.876000	8.966000	1.139000	-0.946000	-0.453000	-30.751000	10.256000	-32.165000
50114.982580	4.559000	2.006000	8.769000	1.280000	-0.901000	-0.403000	-31.510000	9.059000	-31.777000
50114.991790	5.034000	2.309000	8.402000	1.362000	-0.879000	-0.365000	-32.368000	7.901000	-31.777000
50115.000830	5.328000	2.637000	7.929000	1.403000	-0.899000	-0.313000	-32.936000	6.997000	-31.777000
50115.011420	5.426000	3.157000	7.281000	1.409000	-0.945000	-0.248000	-33.959000	5.899000	-31.777000
50115.020820	5.381000	3.575000	6.912000	1.359000	-0.943000	-0.193000	-34.538000	5.210000	-31.372000
50115.032870	5.263000	3.698000	7.046000	1.235000	-0.843000	-0.153000	-34.915000	4.588000	-31.372000
50115.041690	4.779000	3.890000	7.344000	1.032000	-0.697000	-0.130000	-35.729000	4.167000	-31.372000
50115.051520	4.642000	3.868000	7.482000	0.774000	-0.613000	-0.132000	-35.729000	4.167000	-31.372000
50115.061740	5.286000	3.159000	7.550000	0.640000	-0.569000	-0.140000	-36.146000	3.530000	-31.031000
50115.072910	5.510000	2.676000	7.992000	0.411000	-0.538000	-0.136000	-36.146000	3.530000	-31.031000
50115.081790	5.479000	2.628000	8.360000	0.270000	-0.458000	-0.086000	-36.146000	3.530000	-31.031000
50115.096190	5.400000	2.822000	8.434000	0.216000	-0.389000	-0.097000	-36.621000	3.530000	-30.633000
50115.100340	5.410000	3.092000	8.370000	0.228000	-0.381000	-0.176000	-36.621000	3.182000	-30.633000
50115.112000	5.649000	3.464000	8.455000	0.307000	-0.396000	-0.229000	-36.621000	2.827000	-30.633000
50115.121340	5.822000	3.800000	8.519000	0.418000	-0.403000	-0.243000	-37.025000	2.827000	-30.314000
50115.133030	5.711000	3.676000	8.251000	0.524000	-0.460000	-0.244000	-37.025000	2.827000	-30.314000
50115.141910	5.603000	3.381000	7.763000	0.637000	-0.597000	-0.280000	-37.025000	2.439000	-30.314000
50115.151550	5.690000	3.367000	7.229000	0.773000	-0.786000	-0.374000	-37.362000	2.128000	-30.010000
50115.161990	5.795000	3.586000	6.837000	0.890000	-0.954000	-0.476000	-37.362000	1.788000	-30.010000
50115.172980	5.864000	3.837000	6.925000	0.929000	-1.029000	-0.528000	-37.362000	1.788000	-30.010000
50115.181520	5.906000	3.979000	7.203000	0.912000	-1.016000	-0.538000	-37.362000	1.788000	-29.637000
50115.191590	5.850000	3.956000	7.458000	0.828000	-1.006000	-0.551000	-37.362000	1.321000	-29.637000
50115.201510	5.739000	3.743000	7.681000	0.728000	-1.039000	-0.584000	-37.362000	0.901000	-29.322000
50115.213050	5.790000	3.664000	7.832000	0.668000	-1.125000	-0.636000	-37.760000	0.456000	-29.322000
50115.221930	5.946000	3.920000	7.745000	0.668000	-1.200000	-0.680000	-38.119000	-0.140000	-28.460000
50115.230620	6.106000	4.405000	7.653000	0.700000	-1.263000	-0.671000	-38.623000	-0.569000	-27.984000
50115.241980	6.156000	4.629000	7.493000	0.731000	-1.291000	-0.603000	-39.331000	-1.254000	-27.304000
50115.253270	6.178000	4.617000	7.022000	0.744000	-1.238000	-0.531000	-39.649000	-1.625000	-26.812000
50115.263000	6.218000	4.648000	6.217000	0.728000	-1.107000	-0.491000	-39.649000	-2.194000	-26.213000
50115.274260	6.246000	4.837000	5.465000	0.701000	-0.923000	-0.479000	-40.405000	-2.615000	-26.213000
50115.282660	6.247000	5.007000	5.277000	0.659000	-0.711000	-0.493000	-40.405000	-2.972000	-25.291000
50115.292640	6.345000	4.945000	5.690000	0.580000	-0.531000	-0.538000	-40.405000	-3.324000	-25.291000
50115.301610	6.428000	4.767000	6.220000	0.518000	-0.461000	-0.571000	-40.951000	-3.324000	-25.732000
50115.313140	6.224000	4.557000	6.518000	0.367000	-0.482000	-0.651000	-40.951000	-3.807000	-24.865000
50115.322020	5.805000	4.367000	6.636000	0.249000	-0.608000	-0.737000	-40.951000	-4.573000	-24.865000
50115.331480	5.476000	4.259000	6.674000	0.211000	-0.759000	-0.803000	-40.951000	-4.573000	-24.305000
50115.342040	5.379000	4.278000	6.706000	0.238000	-0.842000	-0.839000	-40.951000	-4.946000	-23.645000
50115.351780	5.381000	4.325000	6.681000	0.289000	-0.860000	-0.809000	-40.951000	-4.946000	-23.645000
50115.361640	5.443000	4.539000	6.476000	0.320000	-0.855000	-0.706000	-41.256000	-5.348000	-23.645000
50115.371770	5.426000	4.715000	6.056000	0.310000	-0.800000	-0.558000	-41.256000	-5.691000	-23.089000
50115.382080	5.379000	4.800000	5.647000	0.256000	-0.674000	-0.403000	-41.586000	-5.691000	-23.089000
50115.393160	5.524000	4.896000	5.414000	0.184000	-0.471000	-0.281000	-41.586000	-5.691000	-23.089000
50115.402100	5.665000	4.885000	5.378000	0.104000	-0.251000	-0.180000	-41.950000	-5.691000	-23.089000
50115.412720	5.668000	4.784000	5.503000	-0.002000	-0.105000	-0.077000	-41.950000	-5.691000	-23.089000
50115.422150	5.553000	4.705000	5.692000	-0.067000	-0.024000	-0.028000	-42.262000	-5.691000	-23.089000
50115.432280	5.415000	4.636000	5.735000	-0.197000	0.002000	0.051000	-42.262000	-5.691000	-23.089000
50115.442170	5.370000	4.605000	5.708000	-0.301000	0.040000	0.100000	-42.262000	-5.691000	-23.089000
50115.455390	5.434000	4.685000	5.810000	-0.369000	0.093000	0.133000	-42.599000	-5.691000	-23.089000
50115.461210	5.498000	4.764000	5.909000	-0.408000	0.149000	0.186000	-42.599000	-5.691000	-23.089000
50115.471710	5.650000	4.797000	6.132000	-0.441000	0.169000	0.255000	-42.599000	-5.691000	-22.755000
50115.482150	5.784000	4.717000	6.170000	-0.467000	0.144000	0.302000	-42.599000	-5.992000	-22.755000
50115.490760	5.997000	4.670000	5.885000	-0.480000	0.106000	0.321000	-42.997000	-5.992000	-22.755000
50115.501710	6.441000	4.758000	5.657000	-0.493000	0.070000	0.326000	-42.997000	-5.992000	-22.755000
50115.512820	6.914000	4.861000	5.687000	-0.502000	0.055000	0.334000	-42.997000	-5.992000	-22.755000
50115.522220	7.154000	4.682000	6.270000	-0.528000	0.056000	0.333000	-42.997000	-5.992000	-22.755000
50115.531680	7.233000	4.392000	6.543000	-0.572000	0.038000	0.299000	-42.997000	-5.992000	-22.755000
50115.542090	7.417000	4.331000	6.894000	-0.588000	-0.055000	0.262000	-43.365000	-5.992000	-22.755000
50115.551270	7.831000	4.481000	7.517000	-0.579000	-0.142000	0.160000	-43.365000	-5.992000	-22.755000
50115.562500	7.957000	4.483000	7.752000	-0.505000	-0.361000	0.059000	-43.365000	-5.992000	-22.755000
50115.572360	7.532000	4.332000	7.515000	-0.393000	-0.556000	-0.037000	-43.365000	-5.633000	-22.755000
50115.583990	6.902000	4.296000	7.122000	-0.271000	-0.668000	-0.142000	-43.365000	-5.633000	-22.755000
50115.592560	6.724000	4.495000	6.675000	-0.164000	-0.665000	-0.253000	-43.704000	-5.633000	-22.755000
50115.601690	7.389000	4.844000	6.407000	-0.091000	-0.535000	-0.356000	-43.704000	-5.633000	-22.755000
50115.613220	8.323000	5.094000	6.385000	-0.038000	-0.354000	-0.405000	-43.704000	-5.261000	-22.755000
50115.622130	8.769000	5.294000	6.613000	0.022000	-0.264000	-0.408000	-43.704000	-5.261000	-22.755000
50115.635230	8.785000	5.437000	6.694000	0.104000	-0.350000	-0.469000	-43.704000	-5.261000	-22.755000
50115.641420	8.515000	5.470000	6.738000	0.223000	-0.613000	-0.662000	-44.004000	-5.261000	-22.755000
50115.651430	7.766000	5.292000	6.425000	0.376000	-1.030000	-0.953000	-44.004000	-5.261000	-22.288000
50115.661440	6.670000	5.212000	5.930000	0.548000	-1.508000	-1.265000	-44.004000	-5.261000	-20.834000
50115.671570	5.720000	5.185000	5.513000	0.635000	-1.954000	-1.412000	-44.004000	-5.261000	-20.159000
50115.681400	5.389000	5.277000	5.453000	0.805000	-2.145000	-1.660000	-44.378000	-6.791000	-18.257000
50115.691410	6.107000	5.620000	5.662000	0.936000	-2.461000	-1.812000	-44.378000	-8.311000	-16.783000
50115.701630	7.524000	6.335000	6.276000	0.998000	-2.744000	-1.824000	-44.378000	-9.230000	-15.284000
50115.711610	8.353000	7.063000	5.966000	1.033000	-2.992000	-1.689000	-44.757000	-10.119000	-13.131000
50115.722110	8.140000	7.443000	4.588000	1.113000	-3.131000	-1.490000	-44.757000	-11.024000	-11.430000
50115.742460	7.533000	7.558000	3.099000	1.509000	-2.901000	-1.336000	-45.130000	-12.602000	-8.282000
50115.752600	7.172000	7.710000	1.754000	1.666000	-2.492000	-1.356000	-45.130000	-13.290000	-7.470000
50115.762150	7.420000	8.347000	0.522000	1.717000	-2.111000	-1.355000	-45.130000	-14.036000	-6.521000
50115.773500	8.053000	9.166000	-0.365000	1.679000	-1.898000	-1.316000	-45.130000	-14.587000	-5.682000
50115.783420	8.559000	9.650000	-0.952000	1.635000	-1.861000	-1.302000	-45.130000	-15.133000	-4.269000
50115.792570	8.860000	9.781000	-1.080000	1.517000	-1.912000	-1.353000	-45.130000	-15.927000	-3.074000
50115.803380	8.519000	9.591000	-0.819000	1.374000	-2.146000	-1.529000	-45.130000	-16.346000	-1.979000
50115.814640	7.729000	9.194000	-0.491000	1.218000	-2.497000	-1.779000	-45.130000	-17.320000	0.086000
50115.821570	7.647000	9.172000	-0.655000	1.045000	-2.899000	-2.009000	-45.130000	-18.099000	1.554000
50115.832460	8.385000	9.522000	-0.840000	0.855000	-3.265000	-2.122000	-45.130000	-18.777000	2.526000
50115.843630	8.905000	9.987000	-0.722000	0.696000	-3.489000	-2.102000	-43.728000	-19.746000	4.695000
50115.851440	9.227000	10.233000	-0.901000	0.566000	-3.615000	-2.095000	-42.524000	-20.504000	5.265000
50115.862090	9.612000	10.581000	-0.900000	0.450000	-3.746000	-2.187000	-40.960000	-21.261000	6.587000
50115.871890	9.813000	10.867000	-0.655000	0.357000	-3.877000	-2.334000	-39.558000	-22.155000	9.411000
50115.882910	9.356000	10.947000	-0.794000	0.312000	-4.038000	-2.566000	-37.986000	-23.577000	10.827000
50115.892280	9.045000	11.140000	-0.758000	0.325000	-4.261000	-2.894000	-36.241000	-24.555000	12.330000
50115.902770	8.587000	10.969000	-1.090000	0.345000	-4.517000	-3.074000	-33.941000	-25.604000	14.189000
50115.913210	8.291000	10.700000	-1.724000	0.411000	-4.676000	-3.435000	-31.939000	-26.748000	15.275000
50115.921730	8.065000	10.422000	-1.673000	0.526000	-5.116000	-3.752000	-29.457000	-27.795000	17.224000
50115.932350	7.235000	9.895000	-1.156000	0.628000	-5.682000	-4.002000	-26.611000	-28.906000	18.341000
50115.942510	6.248000	9.498000	-0.866000	0.672000	-6.254000	-4.190000	-23.847000	-29.743000	19.969000
50115.951420	4.897000	8.993000	-0.897000	0.671000	-6.738000	-4.272000	-21.105000	-30.368000	20.596000
50115.961400	3.885000	8.672000	-1.312000	0.622000	-7.017000	-4.213000	-18.345000	-30.368000	21.923000
50115.971530	3.021000	8.600000	-1.963000	0.498000	-6.984000	-4.011000	-15.908000	-31.239000	23.162000
50115.982240	2.735000	8.781000	-2.391000	0.311000	-6.673000	-3.700000	-13.496000	-31.549000	23.162000
50115.994880	2.881000	8.774000	-2.271000	0.113000	-6.203000	-3.394000	-11.405000	-32.341000	23.162000
50116.001250	2.872000	8.436000	-2.338000	-0.057000	-5.720000	-3.147000	-9.190000	-32.341000	23.162000
50116.011690	2.740000	8.198000	-2.466000	-0.176000	-5.369000	-2.936000	-6.988000	-32.341000	23.162000
50116.023230	2.381000	7.976000	-2.406000	-0.226000	-5.145000	-2.845000	-5.014000	-32.960000	22.306000
50116.032170	1.877000	7.583000	-1.970000	-0.346000	-5.032000	-2.691000	-3.038000	-32.960000	20.884000
50116.044160	1.314000	7.125000	-1.082000	-0.531000	-4.759000	-2.555000	-1.454000	-33.537000	20.884000
50116.051730	0.569000	6.774000	-0.269000	-0.778000	-4.420000	-2.378000	-0.065000	-33.537000	20.884000
50116.063330	-0.011000	6.537000	0.120000	-1.026000	-4.020000	-2.132000	0.917000	-33.537000	19.862000
50116.072880	-0.779000	6.525000	0.254000	-1.237000	-3.534000	-1.826000	1.589000	-34.301000	19.862000
50116.083590	-1.173000	6.750000	0.235000	-1.411000	-2.890000	-1.492000	2.049000	-34.301000	18.925000
50116.092900	-1.046000	7.147000	0.451000	-1.550000	-2.129000	-1.181000	2.917000	-34.887000	18.925000
50116.102760	-0.685000	7.329000	0.747000	-1.622000	-1.411000	-0.915000	2.917000	-34.887000	18.376000
50116.112770	-0.156000	7.398000	1.170000	-1.602000	-0.946000	-0.731000	3.468000	-34.887000	18.376000
50116.125950	0.134000	7.369000	1.627000	-1.502000	-0.808000	-0.655000	3.823000	-35.433000	17.485000
50116.132080	0.023000	7.287000	1.833000	-1.350000	-0.875000	-0.656000	4.490000	-35.433000	16.802000
50116.141570	-0.374000	7.135000	1.888000	-1.267000	-1.005000	-0.677000	4.490000	-35.742000	16.375000
50116.151830	-0.979000	6.919000	1.906000	-1.105000	-1.058000	-0.734000	4.928000	-35.742000	15.196000
50116.163910	-1.884000	6.698000	1.978000	-0.968000	-1.089000	-0.765000	5.601000	-35.742000	15.196000
50116.174170	-2.881000	6.742000	1.955000	-0.860000	-1.003000	-0.743000	5.601000	-35.742000	15.196000
50116.183660	-3.518000	6.971000	1.861000	-0.771000	-0.830000	-0.650000	5.601000	-35.742000	14.839000
50116.191930	-3.359000	7.348000	1.519000	-0.681000	-0.626000	-0.480000	5.955000	-36.149000	14.495000
50116.201450	-2.923000	7.799000	1.218000	-0.604000	-0.418000	-0.245000	5.955000	-36.149000	14.495000
50116.211460	-2.312000	8.090000	1.076000	-0.560000	-0.200000	0.006000	5.955000	-36.149000	14.117000
50116.222450	-1.728000	8.316000	1.180000	-0.523000	-0.003000	0.179000	5.955000	-36.149000	13.484000
50116.233430	-1.501000	8.387000	1.364000	-0.466000	0.049000	0.239000	5.490000	-36.149000	13.484000
50116.242430	-1.523000	8.397000	1.474000	-0.387000	-0.068000	0.199000	5.490000	-36.494000	13.945000
50116.252870	-1.689000	8.520000	1.359000	-0.287000	-0.246000	0.109000	5.490000	-36.494000	13.945000
50116.261480	-2.121000	8.519000	0.958000	-0.228000	-0.376000	0.069000	5.490000	-36.877000	13.945000
50116.273560	-2.537000	8.507000	0.430000	-0.105000	-0.412000	0.023000	5.490000	-36.877000	13.522000
50116.282470	-2.717000	8.630000	-0.025000	-0.032000	-0.407000	0.015000	5.490000	-36.877000	13.522000
50116.294860	-2.756000	8.763000	-0.233000	-0.021000	-0.276000	0.062000	5.490000	-37.298000	13.522000
50116.303410	-2.552000	8.949000	-0.245000	-0.055000	-0.076000	0.151000	5.490000	-37.298000	13.522000
50116.312720	-2.046000	9.301000	-0.092000	-0.109000	0.092000	0.243000	5.490000	-37.298000	13.522000
50116.323340	-1.578000	9.534000	0.327000	-0.158000	0.153000	0.324000	5.850000	-37.298000	13.522000
50116.332950	-1.304000	9.497000	0.758000	-0.194000	0.113000	0.351000	5.850000	-37.683000	13.522000
50116.342500	-1.322000	9.357000	0.932000	-0.196000	-0.008000	0.294000	5.850000	-37.683000	13.221000
50116.356780	-1.380000	9.336000	0.846000	-0.146000	-0.182000	0.190000	5.850000	-37.683000	13.221000
50116.361540	-1.524000	9.346000	0.628000	-0.060000	-0.309000	0.105000	5.850000	-37.683000	13.221000
50116.373870	-1.718000	9.199000	0.470000	0.020000	-0.330000	0.071000	5.850000	-38.009000	12.864000
50116.382660	-1.420000	9.276000	0.370000	0.038000	-0.247000	0.073000	5.850000	-38.009000	12.864000
50116.394900	-0.623000	9.625000	0.129000	0.024000	-0.173000	0.121000	5.850000	-38.009000	12.864000
50116.401610	0.573000	10.068000	-0.151000	0.024000	0.018000	0.219000	5.850000	-38.009000	12.864000
50116.413060	1.744000	10.391000	-0.247000	-0.058000	0.207000	0.305000	5.850000	-38.009000	12.530000
50116.422790	2.440000	10.482000	-0.142000	-0.077000	0.305000	0.288000	5.850000	-38.340000	12.530000
50116.434880	2.403000	10.263000	0.241000	-0.097000	0.261000	0.147000	5.850000	-38.340000	12.530000
50116.442690	2.002000	9.881000	0.717000	-0.142000	0.093000	-0.101000	5.850000	-38.340000	12.530000
50116.452240	1.624000	9.664000	0.962000	-0.220000	-0.069000	-0.375000	5.850000	-38.340000	12.530000
50116.462860	1.437000	9.676000	1.001000	-0.305000	-0.093000	-0.576000	5.850000	-38.340000	12.530000
50116.475340	1.398000	9.726000	0.716000	-0.348000	0.043000	-0.695000	5.850000	-38.340000	12.530000
50116.483580	1.456000	9.691000	0.362000	-0.338000	0.295000	-0.765000	5.850000	-38.340000	12.190000
50116.493780	1.310000	9.495000	0.327000	-0.297000	0.555000	-0.850000	5.850000	-38.340000	12.190000
50116.501770	0.955000	9.205000	0.253000	-0.272000	0.726000	-0.910000	5.850000	-38.642000	12.190000
50116.513130	0.554000	9.063000	0.106000	-0.216000	0.761000	-1.065000	5.850000	-38.642000	12.190000
50116.521760	0.108000	8.938000	-0.218000	-0.152000	0.722000	-1.231000	5.850000	-38.642000	12.190000
50116.536900	-0.260000	8.805000	-0.359000	-0.108000	0.626000	-1.368000	5.850000	-38.642000	12.190000
50116.541720	-0.661000	8.702000	-0.255000	-0.130000	0.602000	-1.476000	5.850000	-38.642000	12.190000
50116.553440	-1.363000	8.408000	-0.120000	-0.216000	0.704000	-1.558000	5.850000	-38.642000	12.190000
50116.562290	-2.480000	7.977000	-0.005000	-0.324000	0.879000	-1.635000	6.214000	-38.642000	12.190000
50116.573340	-3.831000	7.487000	-0.051000	-0.411000	1.053000	-1.741000	6.214000	-38.642000	12.190000
50116.582860	-4.966000	7.019000	-0.113000	-0.445000	1.199000	-1.856000	7.220000	-38.337000	12.190000
50116.593870	-5.766000	6.694000	-0.037000	-0.438000	1.321000	-1.923000	7.878000	-38.337000	11.886000
50116.602270	-6.312000	6.498000	0.162000	-0.431000	1.421000	-1.917000	8.419000	-38.337000	11.886000
50116.612890	-6.843000	6.360000	0.228000	-0.438000	1.509000	-1.839000	8.419000	-38.337000	11.886000
50116.623230	-7.306000	6.376000	0.044000	-0.442000	1.579000	-1.790000	9.040000	-37.937000	11.886000
50116.635200	-8.156000	6.500000	-0.424000	-0.443000	1.618000	-1.692000	9.040000	-37.937000	11.886000
50116.643010	-9.220000	6.382000	-0.856000	-0.433000	1.731000	-1.598000	9.661000	-37.937000	11.886000
50116.651860	-10.041000	6.221000	-0.983000	-0.416000	1.860000	-1.542000	9.661000	-37.535000	11.886000
50116.665220	-10.971000	5.951000	-0.901000	-0.399000	1.929000	-1.556000	9.661000	-37.535000	11.886000
50116.672180	-12.012000	5.584000	-0.395000	-0.367000	1.844000	-1.591000	10.392000	-37.535000	11.886000
50116.683870	-13.135000	5.142000	0.122000	-0.297000	1.556000	-1.639000	10.392000	-37.078000	11.886000
50116.693760	-14.525000	4.803000	0.366000	-0.196000	1.113000	-1.688000	11.039000	-37.078000	11.886000
50116.702400	-16.426000	4.518000	0.242000	-0.084000	0.619000	-1.693000	11.039000	-36.705000	11.886000
50116.716980	-18.551000	4.105000	-0.138000	0.030000	0.240000	-1.658000	11.651000	-36.705000	11.886000
50116.722140	-19.609000	3.666000	-0.379000	0.144000	0.019000	-1.604000	12.263000	-36.289000	11.886000
50116.732520	-19.609000	3.297000	-0.441000	0.278000	-0.157000	-1.497000	12.814000	-35.932000	11.886000
50116.742010	-19.609000	2.939000	-0.427000	0.359000	-0.412000	-1.409000	13.533000	-35.557000	11.886000
50116.753790	-19.609000	2.600000	-0.060000	0.536000	-0.596000	-1.154000	13.978000	-35.154000	11.886000
50116.764010	-19.609000	2.247000	0.476000	0.716000	-1.053000	-0.764000	14.485000	-34.692000	11.886000
50116.773070	-19.609000	1.963000	0.756000	0.885000	-1.547000	-0.235000	14.897000	-34.692000	11.886000
50116.782140	-19.456000	1.662000	0.679000	1.056000	-2.028000	0.400000	14.897000	-34.297000	11.886000
50116.794010	-17.697000	1.365000	0.089000	1.240000	-2.415000	1.094000	14.897000	-34.297000	11.886000
50116.803900	-15.630000	1.414000	-0.785000	1.401000	-2.601000	1.803000	14.897000	-34.297000	11.886000
50116.813910	-13.501000	1.769000	-1.879000	1.536000	-2.581000	2.472000	14.582000	-34.297000	11.886000
50116.825780	-11.438000	2.079000	-2.912000	1.675000	-2.435000	3.043000	14.268000	-34.297000	11.886000
50116.834320	-9.946000	2.269000	-3.300000	1.805000	-2.294000	3.482000	13.955000	-34.297000	11.886000
50116.843720	-8.872000	2.237000	-3.807000	1.877000	-2.249000	3.792000	13.597000	-34.297000	11.886000
50116.852110	-7.779000	2.195000	-4.723000	1.888000	-2.337000	4.022000	13.597000	-34.297000	11.886000
50116.865660	-6.483000	2.023000	-5.261000	1.882000	-2.500000	4.126000	13.250000	-34.297000	11.886000
50116.873450	-4.598000	1.869000	-5.417000	1.831000	-2.558000	4.359000	12.774000	-34.297000	11.886000
50116.885590	-1.987000	1.848000	-5.310000	1.686000	-2.577000	4.637000	11.550000	-34.297000	11.886000
50116.895690	1.067000	2.189000	-5.261000	1.447000	-2.557000	4.941000	10.055000	-34.979000	11.886000
50116.902160	4.338000	2.850000	-5.392000	1.151000	-2.544000	5.255000	8.535000	-35.864000	11.886000
50116.912570	7.190000	3.473000	-5.229000	0.834000	-2.492000	5.524000	6.787000	-36.511000	11.886000
50116.925390	10.098000	3.946000	-5.226000	0.546000	-2.348000	5.677000	5.538000	-37.161000	11.886000
50116.932590	13.113000	4.629000	-5.066000	0.276000	-2.115000	5.700000	3.796000	-37.536000	11.886000
50116.944160	15.840000	5.388000	-4.629000	-0.003000	-1.857000	5.617000	2.375000	-37.998000	11.886000
50116.952210	18.012000	6.451000	-4.159000	-0.252000	-1.622000	5.407000	1.069000	-38.497000	11.886000
50116.964820	18.997000	7.303000	-3.700000	-0.411000	-1.473000	5.034000	-0.173000	-38.497000	11.886000
50116.973570	18.964000	7.338000	-3.077000	-0.479000	-1.430000	4.516000	-1.338000	-38.838000	11.886000
50116.982300	18.907000	7.213000	-2.397000	-0.488000	-1.410000	4.221000	-2.082000	-38.838000	11.886000
50116.994300	19.316000	7.332000	-2.029000	-0.502000	-1.380000	3.618000	-3.129000	-38.838000	11.886000
50117.002720	19.608000	7.628000	-1.932000	-0.530000	-1.247000	3.102000	-4.124000	-38.838000	12.234000
50117.014500	19.608000	8.020000	-1.911000	-0.524000	-1.009000	2.728000	-4.124000	-38.838000	12.234000
50117.024660	19.608000	8.442000	-1.772000	-0.431000	-0.703000	2.420000	-4.975000	-38.838000	12.234000
50117.032720	19.608000	8.824000	-1.173000	-0.280000	-0.433000	2.078000	-5.451000	-38.838000	12.234000
50117.044530	19.608000	9.125000	-0.151000	-0.180000	-0.274000	1.671000	-5.880000	-38.838000	12.234000
50117.052310	19.390000	8.928000	1.113000	-0.209000	-0.195000	1.220000	-6.289000	-38.838000	12.234000
50117.065920	18.289000	8.428000	2.431000	-0.355000	-0.109000	0.739000	-6.289000	-38.838000	12.234000
50117.076720	17.169000	7.985000	3.640000	-0.546000	0.123000	0.229000	-6.289000	-38.838000	12.234000
50117.082770	15.908000	7.659000	4.094000	-0.693000	0.558000	-0.279000	-6.289000	-39.260000	12.234000
50117.094390	14.567000	7.448000	4.234000	-0.701000	1.128000	-0.739000	-6.289000	-39.260000	12.234000
50117.103920	13.173000	7.187000	3.985000	-0.634000	1.686000	-0.958000	-5.657000	-39.260000	12.234000
50117.113620	11.949000	6.915000	3.700000	-0.386000	1.919000	-1.414000	-5.290000	-39.636000	11.837000
50117.124670	10.935000	6.762000	2.916000	-0.033000	2.222000	-1.882000	-4.789000	-39.636000	11.837000
50117.134920	9.771000	6.686000	1.722000	0.362000	2.262000	-2.334000	-4.101000	-39.636000	11.837000
50117.144630	8.198000	6.665000	0.485000	0.748000	2.121000	-2.739000	-3.347000	-39.636000	11.479000
50117.152960	6.420000	6.588000	-0.727000	1.069000	1.953000	-3.093000	-3.347000	-39.636000	11.479000
50117.164980	4.694000	6.448000	-1.863000	1.264000	1.902000	-3.413000	-2.607000	-39.636000	11.479000
50117.173860	3.098000	6.135000	-2.729000	1.341000	2.004000	-3.666000	-1.464000	-39.636000	11.479000
50117.184760	2.051000	5.929000	-3.506000	1.326000	2.199000	-3.832000	-0.357000	-39.636000	11.479000
50117.193510	1.047000	5.877000	-4.076000	1.247000	2.424000	-3.912000	0.834000	-39.636000	11.479000
50117.204380	0.349000	6.052000	-4.149000	1.118000	2.572000	-3.904000	2.148000	-39.636000	11.479000
50117.213960	-0.511000	6.424000	-3.751000	0.917000	2.625000	-3.834000	3.051000	-39.636000	11.479000
50117.224700	-2.591000	6.129000	-3.564000	0.788000	2.657000	-3.798000	3.907000	-39.636000	12.577000
50117.233950	-4.614000	5.611000	-3.773000	0.517000	2.675000	-3.771000	4.602000	-39.636000	12.577000
50117.244910	-5.845000	5.420000	-3.861000	0.347000	2.701000	-3.877000	6.140000	-39.309000	13.439000
50117.255560	-6.643000	5.224000	-3.912000	0.363000	2.687000	-4.047000	6.834000	-39.309000	14.222000
50117.263860	-8.070000	4.805000	-4.689000	0.484000	2.605000	-4.092000	7.400000	-38.502000	14.222000
50117.275790	-9.343000	4.811000	-5.652000	0.580000	2.474000	-3.986000	8.358000	-37.663000	15.217000
50117.283480	-9.643000	5.528000	-6.132000	0.569000	2.384000	-3.763000	8.723000	-36.657000	15.217000
50117.292480	-9.794000	6.082000	-6.046000	0.429000	2.490000	-3.449000	9.356000	-36.062000	15.980000
50117.303840	-10.320000	6.162000	-5.574000	0.202000	2.726000	-3.099000	9.356000	-35.723000	15.980000
50117.314790	-11.120000	5.982000	-5.149000	-0.034000	2.842000	-2.853000	9.356000	-35.224000	15.980000
50117.325050	-11.753000	5.841000	-4.884000	-0.177000	2.713000	-2.814000	10.559000	-35.224000	15.980000
50117.335300	-13.263000	5.525000	-4.942000	-0.179000	2.393000	-2.905000	10.559000	-34.408000	16.506000
50117.345000	-16.520000	4.644000	-5.570000	-0.143000	1.977000	-2.962000	11.450000	-34.024000	16.052000
50117.353270	-19.334000	3.773000	-6.029000	-0.063000	1.766000	-3.075000	12.127000	-33.674000	16.467000
50117.365540	-19.609000	3.388000	-5.896000	-0.037000	1.418000	-3.169000	13.153000	-33.290000	16.101000
50117.373140	-19.609000	3.550000	-4.994000	-0.061000	1.178000	-3.137000	13.653000	-32.803000	16.101000
50117.386690	-19.609000	3.946000	-4.100000	-0.098000	0.871000	-2.838000	13.653000	-32.394000	16.101000
50117.393590	-19.609000	4.156000	-3.522000	-0.153000	0.384000	-2.310000	14.726000	-32.394000	16.101000
50117.404180	-19.609000	3.960000	-2.842000	-0.225000	-0.201000	-1.702000	15.286000	-32.394000	16.101000
50117.416780	-19.609000	3.493000	-1.984000	-0.333000	-0.665000	-1.168000	15.286000	-32.394000	16.101000
50117.423800	-19.609000	3.220000	-1.017000	-0.466000	-0.859000	-0.713000	15.971000	-32.394000	16.429000
50117.438720	-19.609000	3.215000	-0.414000	-0.564000	-0.925000	-0.265000	15.971000	-32.394000	16.429000
50117.443510	-19.453000	3.173000	-0.067000	-0.546000	-1.018000	0.245000	15.971000	-32.394000	16.429000
50117.453740	-18.356000	3.093000	-0.013000	-0.391000	-1.191000	0.820000	15.971000	-32.849000	16.429000
50117.474800	-17.053000	3.308000	-0.504000	-0.038000	-1.669000	1.660000	15.499000	-32.849000	16.429000
50117.484960	-15.814000	3.545000	-1.426000	0.243000	-1.784000	2.146000	15.499000	-32.849000	15.795000
50117.495300	-14.735000	3.628000	-3.035000	0.565000	-1.995000	2.542000	15.144000	-32.849000	15.795000
50117.504460	-13.762000	3.608000	-4.899000	0.948000	-2.242000	2.818000	15.144000	-32.849000	15.223000
50117.515290	-12.676000	3.417000	-6.437000	1.351000	-2.599000	3.015000	14.772000	-32.849000	15.223000
50117.524970	-11.304000	3.134000	-7.444000	1.641000	-3.057000	3.208000	14.772000	-32.849000	15.223000
50117.534210	-9.620000	2.698000	-7.831000	1.743000	-3.553000	3.458000	14.772000	-32.849000	14.796000
50117.544990	-7.934000	2.160000	-7.430000	1.651000	-3.995000	3.774000	15.220000	-32.849000	14.437000
50117.552860	-6.268000	1.391000	-6.318000	1.381000	-4.274000	4.146000	15.220000	-33.592000	14.437000
50117.564390	-4.454000	0.434000	-4.931000	0.979000	-4.340000	4.559000	14.527000	-34.329000	14.123000
50117.572820	-2.050000	-0.203000	-4.359000	0.554000	-4.151000	5.024000	12.666000	-35.333000	13.444000
50117.585120	1.551000	0.130000	-5.289000	0.375000	-3.720000	5.283000	10.383000	-35.879000	13.444000
50117.594180	5.789000	1.476000	-6.215000	0.142000	-3.440000	5.845000	8.020000	-36.853000	13.444000
50117.605410	9.276000	2.610000	-6.490000	0.029000	-2.828000	6.373000	5.897000	-37.438000	13.444000
50117.618010	11.894000	3.071000	-6.078000	-0.126000	-2.344000	6.642000	3.865000	-37.762000	13.444000
50117.622870	14.262000	3.454000	-4.888000	-0.419000	-2.147000	6.537000	2.182000	-38.346000	13.444000
50117.636630	15.867000	3.872000	-3.060000	-0.811000	-2.120000	6.173000	0.459000	-38.346000	12.841000
50117.644260	16.748000	3.840000	-1.544000	-1.160000	-2.147000	5.668000	-0.933000	-38.818000	12.503000
50117.652900	18.077000	3.766000	-0.597000	-1.331000	-2.213000	5.100000	-1.718000	-38.818000	12.123000
50117.662910	19.394000	4.369000	0.014000	-1.304000	-2.233000	4.590000	-3.047000	-38.818000	11.669000
50117.672950	19.608000	5.253000	0.230000	-1.110000	-2.104000	4.191000	-4.577000	-38.818000	11.083000
50117.683600	19.608000	5.821000	0.191000	-0.800000	-1.902000	3.829000	-5.606000	-38.818000	10.456000
50117.692720	19.608000	6.224000	-0.291000	-0.478000	-1.691000	3.414000	-6.515000	-38.818000	10.456000
50117.702760	19.608000	6.767000	-0.964000	-0.345000	-1.452000	3.173000	-7.025000	-38.500000	10.456000
50117.714690	19.608000	7.162000	-1.407000	-0.144000	-1.318000	2.643000	-8.187000	-38.500000	10.456000
50117.723640	19.608000	7.402000	-1.207000	-0.040000	-1.014000	2.055000	-8.187000	-38.500000	10.456000
50117.737090	19.608000	7.325000	-0.309000	-0.081000	-0.648000	1.418000	-8.187000	-38.500000	10.456000
50117.743870	19.608000	7.127000	1.043000	-0.263000	-0.210000	0.780000	-8.187000	-38.500000	10.456000
50117.752780	18.947000	6.836000	2.662000	-0.510000	0.259000	0.171000	-8.187000	-38.821000	10.456000
50117.762730	17.260000	6.330000	4.260000	-0.688000	0.699000	-0.397000	-8.187000	-38.821000	10.009000
50117.772740	15.483000	5.837000	5.215000	-0.707000	1.022000	-0.941000	-7.435000	-38.821000	10.009000
50117.782750	13.895000	5.402000	5.495000	-0.546000	1.194000	-1.440000	-6.962000	-39.193000	9.512000
50117.795080	12.754000	5.316000	5.200000	-0.253000	1.285000	-1.848000	-6.242000	-39.193000	9.512000
50117.806430	11.914000	5.668000	4.405000	0.095000	1.375000	-2.161000	-5.450000	-39.193000	9.512000
50117.813240	11.092000	6.113000	3.536000	0.444000	1.492000	-2.395000	-4.917000	-39.193000	9.097000
50117.826660	9.973000	6.173000	2.705000	0.598000	1.634000	-2.501000	-4.118000	-39.193000	9.097000
50117.833930	8.852000	6.088000	1.841000	0.838000	1.717000	-2.717000	-4.118000	-39.193000	9.097000
50117.845130	7.939000	6.120000	1.059000	1.001000	1.897000	-2.935000	-3.286000	-39.193000	8.757000
50117.856690	7.332000	6.077000	0.256000	1.113000	2.072000	-3.123000	-2.531000	-39.193000	8.757000
50117.864930	6.718000	6.055000	-0.520000	1.187000	2.217000	-3.275000	-1.403000	-39.193000	8.757000
50117.876500	5.553000	6.030000	-1.302000	1.220000	2.337000	-3.399000	-0.306000	-39.193000	8.757000
50117.883300	4.098000	6.017000	-1.812000	1.207000	2.427000	-3.524000	1.141000	-39.193000	8.757000
50117.894170	2.687000	6.057000	-1.917000	1.148000	2.521000	-3.661000	2.299000	-39.193000	8.757000
50117.903870	1.223000	6.093000	-1.975000	1.072000	2.648000	-3.768000	3.416000	-39.193000	8.757000
50117.916080	0.110000	5.973000	-2.449000	1.060000	2.731000	-3.848000	4.043000	-39.193000	9.164000
50117.925330	-0.438000	5.899000	-2.921000	1.143000	2.736000	-3.899000	5.000000	-39.193000	9.968000
50117.935730	-1.111000	5.618000	-3.531000	1.263000	2.722000	-3.870000	5.963000	-39.193000	10.585000
50117.944640	-1.844000	5.086000	-4.557000	1.298000	2.733000	-3.823000	5.963000	-39.193000	11.711000
50117.954710	-2.012000	5.504000	-5.222000	1.265000	2.766000	-3.680000	6.886000	-39.193000	12.709000
50117.963870	-2.640000	6.714000	-5.543000	1.099000	2.933000	-3.444000	6.886000	-39.193000	13.259000
50117.976780	-4.272000	6.960000	-6.066000	0.848000	3.222000	-3.158000	7.656000	-38.739000	14.236000
50117.983130	-5.997000	6.445000	-6.514000	0.611000	3.544000	-3.048000	7.656000	-37.956000	14.236000
50117.996250	-7.139000	6.044000	-6.483000	0.512000	3.760000	-3.185000	8.305000	-37.223000	14.669000
50118.003180	-7.801000	5.876000	-5.930000	0.555000	3.679000	-3.378000	9.004000	-36.592000	15.429000
50118.014560	-9.301000	5.218000	-5.552000	0.625000	3.257000	-3.506000	9.320000	-35.856000	15.429000
50118.023170	-11.395000	4.280000	-5.689000	0.640000	2.699000	-3.544000	9.909000	-35.531000	16.510000
50118.037080	-12.582000	4.210000	-5.623000	0.560000	2.237000	-3.459000	9.909000	-34.805000	16.510000
50118.043220	-13.141000	4.983000	-5.004000	0.375000	2.015000	-3.177000	10.212000	-34.805000	16.821000
50118.055390	-13.873000	5.571000	-4.556000	0.125000	1.997000	-2.724000	10.212000	-34.339000	16.821000
50118.063270	-14.725000	5.778000	-4.712000	0.005000	2.045000	-2.496000	10.212000	-33.935000	17.160000
50118.074130	-15.448000	5.920000	-5.085000	-0.143000	2.073000	-2.149000	10.212000	-33.935000	17.501000
50118.085330	-16.269000	6.182000	-5.524000	-0.143000	2.099000	-1.936000	10.212000	-33.425000	17.501000
50118.095430	-17.277000	6.212000	-6.139000	-0.075000	2.000000	-1.794000	10.212000	-33.425000	17.501000
50118.104310	-18.525000	5.782000	-6.430000	-0.030000	1.749000	-1.709000	10.789000	-33.425000	17.501000
50118.117370	-19.531000	5.125000	-5.767000	-0.048000	1.385000	-1.665000	10.789000	-32.991000	17.501000
50118.123290	-19.609000	4.849000	-4.639000	-0.135000	0.918000	-1.602000	11.502000	-32.991000	17.501000
50118.137420	-19.609000	4.894000	-3.439000	-0.233000	0.265000	-1.435000	11.987000	-32.991000	17.051000
50118.143590	-19.609000	4.758000	-2.304000	-0.290000	-0.513000	-1.132000	12.306000	-32.991000	17.051000
50118.158390	-19.609000	4.311000	-1.288000	-0.306000	-1.203000	-0.743000	12.779000	-32.991000	17.051000
50118.163300	-19.609000	3.970000	-0.474000	-0.277000	-1.687000	-0.299000	12.779000	-32.991000	17.051000
50118.174990	-19.609000	3.901000	-0.396000	-0.204000	-1.967000	0.241000	13.421000	-32.991000	17.051000
50118.183500	-18.456000	4.048000	-1.222000	-0.141000	-2.069000	0.549000	12.960000	-32.991000	17.051000
50118.196470	-16.048000	4.292000	-2.132000	0.055000	-2.068000	1.210000	12.960000	-32.991000	17.051000
50118.203400	-13.518000	4.431000	-2.863000	0.309000	-2.005000	1.877000	12.960000	-32.991000	17.051000
50118.215150	-11.318000	4.517000	-3.621000	0.553000	-1.964000	2.458000	12.960000	-32.991000	17.051000
50118.224980	-9.654000	4.793000	-4.468000	0.752000	-2.087000	2.878000	12.646000	-32.681000	16.600000
50118.236270	-8.856000	5.154000	-5.347000	0.904000	-2.365000	3.117000	12.646000	-32.681000	16.600000
50118.245000	-8.817000	5.161000	-5.886000	1.020000	-2.691000	3.220000	12.646000	-32.681000	16.000000
50118.256080	-9.024000	4.692000	-5.869000	1.083000	-3.039000	3.219000	12.646000	-32.681000	15.664000
50118.264860	-8.938000	4.007000	-5.801000	1.071000	-3.371000	3.191000	12.646000	-32.681000	15.234000
50118.275730	-8.167000	3.423000	-5.951000	1.009000	-3.653000	3.266000	12.646000	-32.681000	15.234000
50118.286590	-6.946000	2.874000	-6.384000	0.934000	-3.837000	3.518000	12.646000	-33.126000	15.234000
50118.295930	-5.232000	2.436000	-6.596000	0.837000	-3.849000	3.905000	12.646000	-33.500000	15.234000
50118.303470	-3.291000	2.071000	-6.375000	0.778000	-3.687000	4.120000	11.048000	-34.315000	15.234000
50118.317480	-1.387000	1.632000	-5.574000	0.620000	-3.571000	4.550000	9.367000	-35.070000	15.234000
50118.323520	0.617000	1.089000	-4.394000	0.388000	-3.330000	4.941000	7.922000	-35.638000	14.903000
50118.338630	3.008000	0.658000	-3.196000	0.132000	-3.155000	5.244000	6.327000	-36.219000	14.903000
50118.343480	5.496000	0.583000	-2.883000	-0.036000	-3.051000	5.450000	4.348000	-36.219000	14.491000
50118.355470	7.776000	0.985000	-3.871000	0.002000	-3.027000	5.598000	2.935000	-36.915000	14.491000
50118.365330	9.513000	1.666000	-4.854000	0.243000	-3.082000	5.694000	1.258000	-36.915000	14.176000
50118.375490	11.097000	2.304000	-5.465000	0.496000	-3.041000	5.742000	-0.236000	-36.915000	14.176000
50118.384800	12.450000	2.642000	-5.253000	0.528000	-2.770000	5.758000	-1.901000	-36.915000	14.176000
50118.395690	13.633000	2.632000	-4.472000	0.260000	-2.370000	5.694000	-3.550000	-36.915000	14.176000
50118.404510	15.493000	2.624000	-3.318000	-0.168000	-1.954000	5.532000	-5.104000	-36.915000	13.858000
50118.417060	18.401000	3.282000	-2.509000	-0.565000	-1.623000	5.318000	-6.808000	-36.915000	13.858000
50118.424040	19.608000	4.629000	-2.576000	-0.705000	-1.441000	5.211000	-8.338000	-36.915000	13.858000
50118.437230	19.608000	6.107000	-3.053000	-0.806000	-1.407000	4.994000	-9.536000	-36.915000	13.858000
50118.444920	19.608000	6.859000	-3.487000	-0.702000	-1.414000	4.675000	-10.746000	-36.915000	13.858000
50118.455140	19.608000	6.950000	-3.147000	-0.573000	-1.401000	4.160000	-11.396000	-36.915000	13.858000
50118.467100	19.608000	6.671000	-1.733000	-0.618000	-1.240000	3.468000	-12.081000	-36.915000	13.858000
50118.473700	19.608000	6.275000	0.232000	-0.872000	-0.925000	2.686000	-12.728000	-36.915000	13.858000
50118.487550	19.608000	6.094000	1.556000	-1.179000	-0.553000	1.860000	-12.728000	-36.915000	13.858000
50118.493840	19.608000	6.076000	1.994000	-1.330000	-0.199000	1.040000	-12.393000	-36.915000	13.858000
50118.506960	19.608000	5.944000	1.966000	-1.227000	0.113000	0.291000	-12.393000	-36.915000	13.508000
50118.518250	19.334000	5.799000	1.792000	-0.942000	0.395000	-0.397000	-12.393000	-36.915000	13.508000
50118.524330	17.699000	5.483000	1.841000	-0.648000	0.655000	-1.039000	-11.682000	-36.915000	13.508000
50118.535160	16.200000	5.096000	2.248000	-0.448000	0.904000	-1.592000	-11.148000	-36.915000	13.032000
50118.546630	15.002000	4.849000	2.634000	-0.391000	1.137000	-1.832000	-10.484000	-36.915000	12.649000
50118.553870	14.018000	4.903000	2.686000	-0.314000	1.235000	-2.254000	-9.596000	-36.915000	11.837000
50118.568640	13.173000	5.209000	2.411000	-0.186000	1.362000	-2.614000	-8.592000	-36.915000	11.010000
50118.573730	12.398000	5.390000	1.972000	0.043000	1.407000	-2.917000	-7.704000	-36.915000	10.516000
50118.583770	11.595000	5.388000	1.319000	0.310000	1.452000	-3.177000	-6.988000	-37.260000	10.194000
50118.593780	10.834000	5.428000	0.348000	0.523000	1.560000	-3.422000	-6.552000	-37.260000	10.194000
50118.606330	9.814000	5.499000	-0.885000	0.654000	1.775000	-3.642000	-5.415000	-37.260000	10.194000
50118.613860	8.628000	5.312000	-1.915000	0.744000	2.086000	-3.829000	-4.469000	-37.260000	10.194000
50118.625700	7.399000	4.957000	-2.478000	0.796000	2.423000	-3.999000	-2.960000	-37.599000	10.194000
50118.636110	6.083000	4.524000	-2.586000	0.777000	2.715000	-4.173000	-1.698000	-37.599000	10.607000
50118.646730	4.705000	4.408000	-2.421000	0.690000	2.913000	-4.324000	-0.407000	-37.954000	10.607000
50118.653960	3.099000	4.544000	-2.169000	0.607000	2.941000	-4.441000	1.167000	-37.954000	10.607000
50118.667670	1.517000	4.739000	-2.117000	0.587000	2.813000	-4.493000	2.342000	-37.954000	10.607000
50118.673830	-0.262000	4.643000	-2.604000	0.600000	2.729000	-4.576000	3.497000	-38.314000	10.607000
50118.686250	-1.656000	4.621000	-3.516000	0.685000	2.578000	-4.642000	5.050000	-38.314000	10.240000
50118.697730	-2.669000	4.736000	-4.773000	0.828000	2.496000	-4.691000	5.908000	-38.314000	10.240000
50118.703860	-4.338000	4.851000	-5.874000	0.962000	2.503000	-4.671000	6.762000	-38.314000	10.240000
50118.715850	-6.523000	4.670000	-6.288000	1.006000	2.557000	-4.568000	7.798000	-38.314000	10.240000
50118.724800	-7.842000	4.414000	-5.787000	0.896000	2.636000	-4.434000	8.842000	-38.314000	10.240000
50118.737400	-8.152000	4.639000	-4.895000	0.659000	2.711000	-4.295000	9.770000	-38.314000	11.077000
50118.745330	-8.146000	5.100000	-4.099000	0.385000	2.711000	-4.070000	10.298000	-38.314000	11.602000
50118.755590	-8.456000	5.205000	-3.576000	0.158000	2.596000	-3.741000	11.000000	-38.314000	11.602000
50118.766880	-9.012000	5.361000	-3.256000	0.025000	2.442000	-3.436000	11.000000	-37.625000	12.390000
50118.775550	-9.516000	5.498000	-2.832000	-0.043000	2.346000	-3.210000	11.764000	-36.917000	12.707000
50118.785430	-9.722000	5.384000	-2.632000	-0.062000	2.315000	-3.122000	12.080000	-36.254000	12.707000
50118.795020	-9.728000	5.294000	-2.562000	-0.076000	2.313000	-3.000000	12.403000	-35.652000	13.253000
50118.803990	-9.872000	5.088000	-2.789000	-0.048000	2.300000	-2.919000	12.403000	-35.325000	13.253000
50118.814000	-11.023000	4.701000	-3.312000	0.023000	2.222000	-2.858000	12.911000	-34.689000	13.635000
50118.826270	-12.661000	4.454000	-3.487000	0.085000	2.107000	-2.807000	13.504000	-34.129000	14.141000
50118.835640	-13.888000	4.360000	-3.615000	0.098000	1.993000	-2.754000	13.504000	-33.654000	14.141000
50118.844940	-14.823000	4.438000	-3.461000	0.065000	1.868000	-2.688000	13.504000	-33.290000	14.141000
50118.854010	-15.581000	4.673000	-3.291000	0.024000	1.673000	-2.552000	14.050000	-32.867000	14.631000
50118.866240	-16.288000	4.789000	-3.157000	-0.002000	1.378000	-2.332000	14.468000	-32.867000	14.631000
50118.878540	-16.820000	4.706000	-2.990000	-0.033000	1.006000	-2.101000	14.468000	-32.464000	14.631000
50118.884070	-17.263000	4.508000	-2.831000	-0.076000	0.644000	-1.904000	14.826000	-32.464000	14.631000
50118.898410	-18.156000	4.260000	-2.491000	-0.153000	0.344000	-1.715000	14.826000	-31.953000	14.631000
50118.904240	-19.352000	3.785000	-2.036000	-0.205000	0.075000	-1.621000	15.715000	-31.953000	14.631000
50118.917300	-19.609000	3.159000	-1.481000	-0.328000	-0.045000	-1.444000	15.715000	-31.953000	14.631000
50118.925270	-19.609000	2.784000	-1.016000	-0.446000	-0.260000	-1.267000	16.371000	-31.953000	14.631000
50118.936770	-19.609000	2.717000	-0.695000	-0.513000	-0.509000	-1.023000	16.853000	-31.953000	14.631000
50118.945650	-19.609000	2.677000	-0.132000	-0.492000	-0.834000	-0.641000	17.294000	-31.953000	14.631000
50118.954130	-19.609000	2.508000	0.497000	-0.380000	-1.215000	-0.126000	17.294000	-31.953000	14.631000
50118.966980	-19.609000	2.121000	0.579000	-0.208000	-1.628000	0.438000	17.633000	-31.953000	14.631000
50118.975560	-18.758000	1.658000	0.305000	0.005000	-2.054000	0.991000	17.633000	-31.953000	14.631000
50118.985870	-17.176000	1.302000	-0.036000	0.280000	-2.438000	1.528000	17.979000	-31.953000	13.578000
50118.994200	-15.680000	1.085000	-0.574000	0.601000	-2.723000	2.055000	17.662000	-31.953000	12.458000
50119.007390	-14.168000	0.907000	-1.307000	0.907000	-2.934000	2.548000	17.662000	-31.953000	11.486000
50119.014800	-12.501000	0.924000	-2.117000	1.177000	-3.103000	2.996000	17.147000	-31.953000	11.486000
50119.026220	-10.836000	0.871000	-2.957000	1.307000	-3.206000	3.216000	17.147000	-31.953000	10.935000
50119.035590	-8.885000	0.835000	-4.101000	1.566000	-3.247000	3.659000	16.664000	-31.953000	10.935000
50119.044220	-7.013000	0.927000	-5.414000	1.805000	-3.349000	4.075000	16.664000	-32.566000	11.483000
50119.057130	-5.578000	0.977000	-7.032000	1.980000	-3.452000	4.458000	16.664000	-33.616000	11.483000
50119.066590	-4.205000	1.056000	-8.560000	2.084000	-3.515000	4.794000	15.216000	-34.303000	11.483000
50119.076940	-2.224000	1.278000	-9.992000	2.137000	-3.543000	5.058000	13.493000	-35.379000	11.483000
50119.086000	0.579000	1.832000	-10.716000	2.095000	-3.543000	5.275000	12.055000	-35.820000	11.483000
50119.097080	3.569000	2.349000	-10.290000	1.907000	-3.502000	5.519000	10.247000	-36.567000	11.483000
50119.106050	6.376000	2.476000	-8.808000	1.535000	-3.457000	5.818000	8.389000	-37.474000	11.483000
50119.114810	9.228000	2.765000	-7.095000	0.958000	-3.408000	6.081000	6.401000	-37.973000	11.483000
50119.127140	11.961000	3.391000	-5.863000	0.283000	-3.332000	6.213000	4.716000	-38.854000	11.181000
50119.136420	14.161000	4.180000	-5.144000	-0.261000	-3.212000	6.217000	2.818000	-38.854000	11.181000
50119.147740	15.742000	4.844000	-5.118000	-0.521000	-3.056000	6.082000	0.927000	-39.463000	10.791000
50119.155280	16.971000	5.447000	-5.545000	-0.555000	-2.833000	5.780000	-0.729000	-39.463000	10.791000
50119.167880	18.050000	5.792000	-5.844000	-0.505000	-2.713000	5.569000	-1.795000	-39.859000	10.791000
50119.176550	19.133000	5.952000	-5.386000	-0.396000	-2.501000	5.084000	-3.120000	-39.859000	10.447000
50119.187900	19.608000	6.317000	-4.163000	-0.351000	-2.308000	4.611000	-4.351000	-39.859000	10.447000
50119.196690	19.608000	6.786000	-2.463000	-0.455000	-2.146000	4.179000	-5.358000	-39.859000	10.447000
50119.215030	19.608000	7.280000	-1.070000	-0.893000	-1.818000	3.386000	-6.719000	-39.859000	10.447000
50119.226870	19.608000	7.545000	-0.324000	-0.968000	-1.542000	2.903000	-7.820000	-39.859000	10.133000
50119.239260	19.608000	7.606000	0.005000	-0.877000	-1.178000	2.317000	-7.820000	-39.859000	10.133000
50119.244450	19.608000	7.641000	0.299000	-0.734000	-0.708000	1.654000	-8.245000	-39.859000	10.133000
50119.254430	19.608000	7.473000	0.772000	-0.634000	-0.158000	0.972000	-8.744000	-39.859000	9.831000
50119.267280	19.571000	7.015000	1.408000	-0.613000	0.381000	0.641000	-8.744000	-39.859000	9.831000
50119.275760	18.541000	6.489000	2.243000	-0.611000	0.624000	0.006000	-8.744000	-39.859000	9.474000
50119.286750	17.146000	5.978000	3.089000	-0.623000	1.035000	-0.569000	-8.222000	-40.214000	9.123000
50119.297270	15.884000	5.501000	3.825000	-0.600000	1.356000	-1.057000	-8.222000	-40.214000	8.612000
50119.305970	14.849000	5.292000	4.212000	-0.513000	1.622000	-1.469000	-7.395000	-40.562000	7.756000
50119.314490	13.813000	5.292000	4.143000	-0.340000	1.848000	-1.823000	-6.922000	-40.562000	7.756000
50119.327330	12.742000	5.450000	3.788000	-0.067000	2.040000	-2.138000	-6.158000	-40.562000	7.756000
50119.335090	11.588000	5.583000	3.117000	0.257000	2.237000	-2.427000	-5.485000	-40.919000	7.756000
50119.347380	10.296000	5.477000	2.195000	0.560000	2.434000	-2.701000	-5.053000	-40.919000	7.423000
50119.354620	8.939000	5.271000	1.100000	0.817000	2.626000	-2.959000	-4.716000	-40.919000	7.423000
50119.368260	7.692000	5.136000	0.061000	1.017000	2.850000	-3.182000	-4.280000	-40.919000	7.423000
50119.374730	6.898000	5.090000	-0.764000	1.150000	3.074000	-3.358000	-3.297000	-41.226000	7.423000
50119.386870	6.771000	5.199000	-1.341000	1.199000	3.212000	-3.428000	-2.369000	-41.226000	7.423000
50119.394530	6.885000	5.859000	-1.757000	1.276000	3.234000	-3.539000	-1.257000	-41.226000	7.423000
50119.407050	6.314000	6.604000	-2.279000	1.331000	3.199000	-3.633000	0.389000	-41.226000	7.423000
50119.419280	4.706000	6.625000	-2.912000	1.369000	3.121000	-3.786000	1.301000	-41.226000	7.423000
50119.426330	2.464000	5.950000	-3.625000	1.375000	3.131000	-4.066000	2.720000	-41.226000	8.149000
50119.437230	0.486000	5.194000	-4.329000	1.356000	3.290000	-4.410000	3.741000	-41.226000	9.089000
50119.446110	-1.161000	4.562000	-5.003000	1.347000	3.460000	-4.705000	5.146000	-41.226000	9.907000
50119.455970	-2.735000	4.049000	-5.487000	1.357000	3.509000	-4.856000	6.422000	-41.226000	11.286000
50119.467440	-2.728000	4.453000	-5.612000	1.367000	3.406000	-4.861000	7.313000	-39.706000	12.074000
50119.476110	-1.970000	5.822000	-5.214000	1.365000	3.180000	-4.720000	8.074000	-38.627000	12.748000
50119.487490	-2.580000	6.407000	-5.267000	1.291000	2.892000	-4.523000	8.938000	-37.667000	13.717000
50119.495120	-4.676000	5.220000	-6.088000	1.162000	2.750000	-4.585000	9.599000	-36.463000	13.717000
50119.507020	-5.950000	3.680000	-7.031000	1.121000	2.919000	-4.764000	10.853000	-35.261000	14.886000
50119.514650	-6.638000	2.605000	-7.572000	1.130000	3.075000	-5.272000	11.532000	-33.914000	15.698000
50119.527470	-9.203000	1.265000	-7.892000	1.196000	3.312000	-5.719000	12.887000	-32.284000	16.195000
50119.536140	-15.620000	-0.567000	-9.436000	1.254000	3.336000	-6.066000	13.763000	-30.958000	17.269000
50119.548500	-19.609000	-1.496000	-11.186000	1.307000	3.239000	-6.356000	14.451000	-29.476000	18.359000
50119.554750	-19.609000	-0.603000	-12.240000	1.331000	3.107000	-6.337000	15.815000	-27.890000	19.508000
50119.567570	-19.609000	0.864000	-12.450000	1.229000	2.818000	-5.629000	16.265000	-27.093000	19.960000
50119.574830	-19.609000	1.754000	-11.487000	0.874000	2.183000	-4.278000	16.596000	-26.515000	19.960000
50119.587560	-19.449000	2.025000	-9.331000	0.231000	1.324000	-2.813000	17.070000	-26.515000	19.458000
50119.597050	-18.010000	2.017000	-7.039000	-0.571000	0.491000	-1.676000	17.070000	-27.037000	18.933000
50119.605070	-17.690000	2.012000	-5.329000	-1.314000	-0.143000	-0.958000	17.510000	-27.439000	18.257000
50119.616890	-18.634000	1.864000	-4.198000	-1.830000	-0.414000	-0.581000	17.510000	-27.803000	18.257000
50119.626770	-19.452000	1.672000	-3.307000	-1.983000	-0.346000	-0.481000	17.173000	-28.234000	17.077000
50119.634770	-19.459000	1.595000	-2.562000	-2.130000	-0.263000	-0.339000	17.173000	-29.028000	16.444000
50119.647620	-18.296000	1.832000	-1.566000	-2.140000	-0.139000	-0.127000	17.173000	-29.634000	16.133000
50119.655060	-16.478000	2.276000	-0.411000	-2.028000	-0.204000	0.175000	17.494000	-30.024000	15.303000
50119.666900	-15.067000	2.767000	0.370000	-1.782000	-0.529000	0.519000	17.494000	-30.024000	15.303000
50119.676180	-14.529000	3.046000	0.797000	-1.427000	-1.103000	0.804000	17.997000	-30.868000	14.068000
50119.687870	-14.533000	3.108000	0.853000	-1.002000	-1.766000	0.941000	17.997000	-30.868000	14.068000
50119.695320	-14.454000	3.181000	0.651000	-0.511000	-2.328000	0.974000	18.385000	-30.868000	12.977000
50119.707090	-14.177000	3.252000	0.436000	0.028000	-2.818000	0.995000	18.824000	-30.868000	12.095000
50119.714880	-13.740000	3.330000	0.220000	0.548000	-3.291000	1.059000	18.824000	-30.499000	10.708000
50119.728670	-13.294000	3.235000	-0.106000	0.978000	-3.734000	1.161000	18.824000	-30.499000	10.708000
50119.735200	-12.569000	3.078000	-0.678000	1.295000	-4.077000	1.328000	18.824000	-30.885000	9.754000
50119.747230	-11.809000	3.029000	-1.137000	1.402000	-4.235000	1.448000	18.824000	-30.885000	9.020000
50119.754850	-11.027000	3.098000	-1.264000	1.485000	-4.230000	1.759000	18.824000	-31.687000	8.567000
50119.767790	-10.175000	3.100000	-1.284000	1.422000	-4.055000	2.115000	18.824000	-31.687000	8.235000
50119.779270	-9.102000	3.285000	-1.418000	1.306000	-3.766000	2.455000	18.824000	-32.518000	7.643000
50119.786650	-8.121000	3.628000	-1.935000	1.254000	-3.509000	2.771000	18.824000	-32.943000	7.643000
50119.797270	-7.366000	3.761000	-2.899000	1.298000	-3.349000	3.060000	18.824000	-32.943000	6.648000
50119.805360	-6.123000	3.983000	-3.906000	1.400000	-3.299000	3.305000	18.824000	-34.259000	6.648000
50119.817350	-4.514000	4.237000	-4.342000	1.478000	-3.333000	3.523000	18.824000	-34.259000	6.210000
50119.824980	-3.103000	4.122000	-4.172000	1.436000	-3.419000	3.761000	18.824000	-35.078000	6.210000
50119.834990	-2.079000	3.700000	-3.473000	1.226000	-3.514000	4.004000	17.637000	-36.090000	6.210000
50119.845280	-0.946000	3.433000	-2.592000	0.859000	-3.524000	4.216000	16.026000	-36.773000	5.416000
50119.854920	0.713000	3.545000	-1.733000	0.447000	-3.353000	4.437000	14.457000	-38.049000	5.111000
50119.864930	2.695000	3.662000	-1.397000	0.284000	-3.041000	4.565000	12.539000	-38.774000	5.111000
50119.875220	5.356000	3.846000	-1.683000	0.149000	-2.892000	4.837000	10.833000	-39.730000	5.111000
50119.884770	8.477000	4.593000	-2.585000	0.280000	-2.726000	5.063000	9.205000	-40.673000	5.471000
50119.894810	10.391000	5.523000	-3.850000	0.549000	-2.750000	5.205000	7.267000	-40.673000	5.471000
50119.905760	11.299000	5.701000	-4.936000	0.787000	-2.893000	5.209000	5.346000	-41.693000	5.471000
50119.914890	12.324000	5.389000	-4.993000	0.854000	-2.987000	5.021000	3.775000	-41.693000	5.471000
50119.929690	13.380000	5.244000	-3.816000	0.666000	-2.836000	4.743000	2.384000	-42.016000	5.471000
50119.937290	14.278000	5.185000	-2.880000	0.304000	-2.503000	4.500000	1.329000	-42.016000	5.471000
50119.947120	15.813000	5.361000	-2.835000	0.032000	-2.192000	4.301000	0.013000	-42.016000	5.471000
50119.962800	17.332000	5.935000	-3.058000	0.054000	-2.017000	4.125000	-1.318000	-42.436000	5.471000
50119.966650	18.633000	6.560000	-3.051000	0.281000	-1.997000	3.950000	-2.011000	-41.868000	5.471000
50119.981390	19.525000	6.750000	-2.671000	0.511000	-2.065000	3.724000	-3.411000	-41.868000	5.471000
50119.986450	19.608000	6.677000	-2.112000	0.575000	-2.056000	3.589000	-4.904000	-41.868000	5.471000
50119.997070	19.608000	6.947000	-1.368000	0.555000	-1.957000	3.312000	-5.798000	-41.868000	5.471000
50120.005130	19.608000	7.202000	-0.417000	0.351000	-1.492000	3.053000	-7.093000	-41.868000	5.471000
50120.016050	19.608000	7.201000	0.861000	0.020000	-0.615000	2.811000	-7.899000	-41.479000	5.471000
50120.026220	19.606000	6.970000	2.291000	-0.369000	0.578000	2.528000	-9.295000	-41.479000	5.471000
50120.037780	19.005000	6.801000	3.627000	-0.703000	1.831000	2.151000	-10.406000	-41.479000	5.471000
50120.047920	18.028000	6.680000	4.457000	-0.885000	2.882000	1.679000	-10.733000	-41.793000	5.471000
50120.059760	17.293000	6.661000	4.742000	-0.881000	3.564000	1.131000	-11.346000	-41.793000	5.471000
50120.067350	16.557000	6.452000	4.950000	-0.704000	3.873000	0.538000	-11.346000	-41.793000	5.111000
50120.079560	15.461000	6.071000	5.120000	-0.396000	3.858000	-0.114000	-11.346000	-41.793000	5.111000
50120.091560	14.043000	5.799000	5.080000	0.041000	3.519000	-0.841000	-10.310000	-42.111000	4.730000
50120.095520	12.482000	5.556000	4.807000	0.592000	2.875000	-1.589000	-9.532000	-42.111000	4.730000
50120.109740	10.973000	5.473000	4.322000	0.881000	2.090000	-1.946000	-8.489000	-42.111000	4.730000
50120.115240	9.765000	5.592000	3.470000	1.401000	1.728000	-2.555000	-7.640000	-42.111000	4.730000
50120.126710	8.991000	5.696000	2.069000	1.793000	1.202000	-2.972000	-6.028000	-42.111000	4.730000
50120.138920	8.382000	5.714000	0.251000	2.086000	1.007000	-3.207000	-5.482000	-42.111000	5.114000
50120.145790	7.809000	5.880000	-1.516000	2.285000	1.124000	-3.297000	-4.858000	-42.111000	5.657000
50120.157560	7.333000	6.351000	-2.589000	2.338000	1.462000	-3.319000	-3.993000	-42.111000	6.094000
50120.167610	6.715000	6.842000	-3.175000	2.221000	1.918000	-3.315000	-3.216000	-42.111000	6.790000
50120.176360	5.595000	7.299000	-3.715000	1.990000	2.359000	-3.330000	-2.041000	-42.111000	7.296000
50120.189150	4.039000	7.290000	-3.973000	1.756000	2.649000	-3.433000	-1.031000	-41.749000	7.858000
50120.197300	2.399000	6.828000	-3.986000	1.624000	2.747000	-3.670000	-0.091000	-41.749000	8.503000
50120.208100	0.952000	6.272000	-4.063000	1.612000	2.658000	-4.012000	2.079000	-41.749000	9.432000
50120.216560	-0.388000	5.519000	-4.602000	1.685000	2.345000	-4.344000	3.231000	-41.426000	10.662000
50120.228980	-1.794000	4.969000	-5.404000	1.727000	1.918000	-4.465000	4.719000	-41.426000	11.247000
50120.235350	-3.165000	5.192000	-5.901000	1.739000	1.749000	-4.571000	5.598000	-40.959000	11.723000
50120.247590	-4.597000	5.850000	-6.524000	1.578000	1.637000	-4.476000	6.762000	-39.828000	12.046000
50120.255800	-6.758000	6.413000	-7.395000	1.262000	1.851000	-4.215000	7.415000	-39.053000	12.547000
50120.268740	-9.227000	6.535000	-8.192000	0.896000	2.267000	-3.935000	7.415000	-37.983000	13.359000
50120.276830	-10.991000	6.321000	-8.713000	0.597000	2.761000	-3.774000	8.325000	-37.376000	13.832000
50120.286840	-11.484000	6.252000	-8.535000	0.435000	3.123000	-3.722000	9.138000	-36.868000	13.832000
50120.298070	-11.505000	6.127000	-7.369000	0.348000	3.083000	-3.672000	9.953000	-36.242000	14.247000
50120.305420	-11.984000	5.572000	-5.859000	0.236000	2.638000	-3.549000	10.653000	-35.890000	14.247000
50120.320470	-12.394000	5.092000	-4.614000	0.030000	1.990000	-3.365000	11.071000	-35.246000	13.937000
50120.325260	-12.907000	5.356000	-3.512000	-0.249000	1.409000	-3.118000	11.665000	-34.941000	13.565000
50120.337470	-14.159000	5.578000	-2.681000	-0.396000	1.111000	-2.948000	12.071000	-34.941000	13.948000
50120.347230	-15.817000	5.534000	-2.507000	-0.689000	1.088000	-2.522000	12.071000	-34.542000	13.948000
50120.357090	-17.269000	5.613000	-2.732000	-0.947000	1.274000	-2.120000	12.438000	-34.956000	13.618000
50120.365630	-18.323000	5.962000	-2.838000	-1.088000	1.636000	-1.816000	12.438000	-34.956000	13.618000
50120.378270	-18.953000	6.185000	-3.148000	-1.084000	1.935000	-1.549000	12.438000	-34.956000	13.618000
50120.387120	-18.648000	6.354000	-2.993000	-0.970000	1.996000	-1.297000	12.115000	-34.956000	13.618000
50120.398380	-17.709000	6.488000	-1.997000	-0.790000	1.706000	-1.078000	12.115000	-34.956000	13.618000
50120.405550	-17.046000	6.344000	-0.835000	-0.626000	1.094000	-0.851000	12.554000	-34.956000	13.618000
50120.416930	-16.765000	5.876000	0.274000	-0.551000	0.298000	-0.610000	12.554000	-34.956000	13.618000
50120.425540	-16.654000	5.473000	1.144000	-0.540000	-0.483000	-0.377000	12.857000	-34.956000	13.618000
50120.436430	-16.692000	5.455000	1.499000	-0.523000	-1.014000	-0.111000	12.857000	-34.956000	13.618000
50120.448090	-16.535000	5.491000	1.292000	-0.488000	-1.245000	0.236000	12.857000	-34.956000	13.618000
50120.456700	-15.840000	5.494000	0.707000	-0.389000	-1.238000	0.623000	12.857000	-34.956000	13.618000
50120.467960	-14.687000	5.567000	0.134000	-0.300000	-1.124000	0.819000	12.857000	-34.956000	13.618000
50120.477630	-13.227000	5.676000	-0.628000	-0.072000	-1.088000	1.203000	12.506000	-34.956000	13.618000
50120.487000	-11.788000	5.824000	-1.472000	0.170000	-1.122000	1.554000	12.506000	-34.956000	13.301000
50120.499850	-10.712000	5.899000	-2.072000	0.373000	-1.311000	1.844000	12.506000	-34.956000	13.301000
50120.505620	-9.780000	5.846000	-2.467000	0.495000	-1.586000	2.051000	12.837000	-34.956000	12.951000
50120.518440	-8.800000	5.879000	-2.417000	0.552000	-1.879000	2.158000	12.837000	-34.956000	12.951000
50120.525610	-7.776000	5.941000	-2.078000	0.584000	-2.204000	2.197000	12.837000	-34.956000	12.619000
50120.537360	-6.834000	5.872000	-1.714000	0.602000	-2.572000	2.227000	12.837000	-35.353000	12.619000
50120.547000	-6.164000	5.799000	-1.598000	0.612000	-2.942000	2.282000	12.837000	-35.353000	12.243000
50120.556730	-5.693000	5.738000	-1.914000	0.602000	-3.222000	2.371000	12.837000	-35.710000	12.243000
50120.568090	-5.046000	5.649000	-2.826000	0.584000	-3.315000	2.481000	12.837000	-35.710000	11.869000
50120.578040	-3.840000	5.695000	-3.476000	0.580000	-3.238000	2.621000	12.464000	-36.216000	11.869000
50120.587130	-2.169000	5.968000	-3.698000	0.575000	-3.047000	2.703000	12.464000	-36.720000	11.473000
50120.598510	-0.364000	6.293000	-3.831000	0.538000	-2.936000	2.879000	10.841000	-36.720000	11.473000
50120.605810	1.251000	6.527000	-3.753000	0.482000	-2.804000	3.021000	9.992000	-37.464000	11.077000
50120.616030	2.443000	6.366000	-3.124000	0.445000	-2.901000	3.093000	9.518000	-37.464000	11.077000
50120.627810	3.321000	5.853000	-2.088000	0.377000	-3.130000	3.107000	8.485000	-37.988000	10.752000
50120.637150	4.314000	5.501000	-1.112000	0.189000	-3.301000	3.079000	7.629000	-38.354000	10.752000
50120.646980	5.709000	5.669000	-0.845000	-0.079000	-3.295000	3.059000	6.690000	-38.810000	10.354000
50120.658210	7.053000	6.178000	-1.356000	-0.287000	-3.096000	3.110000	6.037000	-39.402000	10.354000
50120.666840	8.137000	6.485000	-2.255000	-0.315000	-2.731000	3.210000	4.818000	-39.402000	9.967000
50120.681550	9.499000	6.724000	-3.109000	-0.132000	-2.301000	3.286000	3.720000	-39.402000	9.967000
50120.685820	11.193000	7.183000	-3.584000	0.133000	-1.970000	3.289000	2.734000	-39.799000	9.620000
50120.695800	12.543000	7.427000	-3.600000	0.307000	-1.800000	3.235000	1.742000	-39.799000	9.620000
50120.706270	13.449000	7.411000	-3.459000	0.336000	-1.710000	3.202000	0.700000	-39.799000	9.313000
50120.718110	14.231000	7.580000	-3.447000	0.285000	-1.666000	3.100000	-0.061000	-39.799000	9.313000
50120.726690	14.667000	8.045000	-3.358000	0.135000	-1.541000	2.931000	-1.008000	-39.799000	9.313000
50120.737670	14.849000	8.466000	-3.389000	-0.077000	-1.295000	2.750000	-1.681000	-40.112000	8.924000
50120.748140	14.842000	8.693000	-2.974000	-0.284000	-0.892000	2.541000	-2.745000	-40.112000	8.924000
50120.757820	14.581000	8.747000	-2.095000	-0.403000	-0.471000	2.257000	-3.312000	-40.112000	8.924000
50120.768160	14.111000	8.796000	-1.211000	-0.435000	-0.219000	1.902000	-3.649000	-40.112000	8.593000
50120.777800	13.482000	8.610000	-0.327000	-0.423000	-0.210000	1.506000	-3.649000	-40.541000	8.593000
50120.788270	12.861000	8.185000	0.837000	-0.409000	-0.382000	1.139000	-4.202000	-40.541000	8.593000
50120.797950	12.323000	7.766000	1.971000	-0.465000	-0.542000	0.826000	-4.524000	-40.541000	8.264000
50120.809210	12.142000	7.587000	2.600000	-0.609000	-0.509000	0.581000	-4.524000	-40.914000	8.264000
50120.818390	12.467000	7.779000	3.223000	-0.779000	-0.259000	0.430000	-4.524000	-40.914000	8.264000
50120.827120	13.036000	8.161000	4.004000	-0.850000	0.155000	0.339000	-5.151000	-40.914000	7.806000
50120.837500	13.541000	8.529000	4.614000	-0.933000	0.652000	0.301000	-5.151000	-41.246000	7.806000
50120.847480	13.452000	8.802000	5.009000	-0.918000	0.879000	0.192000	-5.151000	-41.246000	7.806000
50120.860290	13.015000	8.764000	4.949000	-0.783000	1.195000	-0.013000	-5.151000	-41.246000	7.385000
50120.867280	12.361000	8.451000	4.526000	-0.532000	1.327000	-0.325000	-5.151000	-41.246000	7.385000
50120.877990	11.602000	8.115000	3.876000	-0.242000	1.373000	-0.716000	-4.672000	-41.246000	7.081000
50120.889280	10.636000	7.724000	3.054000	0.024000	1.465000	-1.128000	-4.315000	-41.552000	7.081000
50120.898870	9.603000	7.180000	2.527000	0.268000	1.633000	-1.513000	-3.985000	-41.552000	7.081000
50120.907350	8.746000	6.931000	2.270000	0.486000	1.779000	-1.871000	-3.985000	-41.552000	6.756000
50120.926060	8.140000	7.131000	2.123000	0.756000	1.995000	-2.437000	-4.306000	-41.552000	6.756000
50120.936620	7.624000	7.384000	1.827000	0.861000	2.061000	-2.614000	-3.552000	-41.552000	6.433000
50120.947050	7.056000	7.514000	1.358000	0.918000	2.115000	-2.695000	-2.232000	-41.552000	6.433000
50120.956420	5.848000	7.368000	0.660000	1.025000	2.139000	-2.884000	-0.968000	-41.552000	6.433000
50120.969580	4.181000	6.862000	-0.259000	1.115000	2.200000	-3.118000	0.370000	-41.552000	6.433000
50120.978060	2.552000	6.414000	-1.267000	1.186000	2.294000	-3.373000	1.562000	-41.552000	6.433000
50120.989200	1.061000	6.028000	-2.288000	1.245000	2.395000	-3.574000	3.039000	-41.552000	6.433000
50120.996920	-0.169000	5.638000	-3.006000	1.290000	2.440000	-3.654000	3.956000	-41.552000	6.433000
50121.009590	-0.885000	5.723000	-3.274000	1.269000	2.385000	-3.610000	5.284000	-41.552000	7.690000
50121.016050	-1.264000	6.538000	-2.896000	1.124000	2.263000	-3.455000	6.103000	-41.552000	8.067000
50121.028720	-1.908000	7.198000	-2.504000	0.886000	2.153000	-3.241000	6.806000	-41.056000	8.668000
50121.040070	-3.339000	7.074000	-2.555000	0.657000	2.107000	-3.101000	7.495000	-40.235000	9.906000
50121.048800	-5.105000	6.631000	-2.985000	0.526000	2.162000	-3.096000	8.323000	-39.675000	9.906000
50121.057710	-6.346000	6.383000	-3.491000	0.493000	2.281000	-3.146000	8.966000	-39.044000	9.906000
50121.067510	-6.778000	6.331000	-3.654000	0.503000	2.338000	-3.151000	9.332000	-38.406000	10.688000
50121.076210	-7.111000	6.141000	-3.496000	0.533000	2.312000	-3.067000	9.768000	-37.857000	11.125000
50121.086250	-7.365000	5.956000	-3.306000	0.498000	2.153000	-2.864000	10.098000	-37.498000	11.785000
50121.098540	-7.224000	6.475000	-2.986000	0.344000	1.954000	-2.579000	10.098000	-37.017000	11.785000
50121.107150	-7.958000	7.120000	-2.774000	0.098000	1.894000	-2.249000	10.433000	-37.017000	12.240000
50121.118290	-9.332000	7.274000	-3.174000	-0.144000	2.022000	-1.978000	10.433000	-37.017000	12.240000
50121.127930	-10.722000	7.128000	-4.110000	-0.273000	2.277000	-1.883000	10.090000	-36.457000	12.240000
50121.136720	-11.668000	7.075000	-4.596000	-0.239000	2.488000	-1.896000	10.739000	-36.457000	13.214000
50121.148410	-12.388000	6.959000	-4.490000	-0.140000	2.426000	-1.914000	10.739000	-36.054000	12.899000
50121.156680	-13.064000	6.540000	-3.797000	-0.101000	2.067000	-1.887000	10.739000	-36.054000	12.899000
50121.170080	-13.149000	6.111000	-2.768000	-0.146000	1.541000	-1.797000	11.064000	-36.054000	12.591000
50121.176270	-12.709000	5.912000	-1.680000	-0.255000	1.000000	-1.616000	11.064000	-35.684000	12.591000
50121.189210	-12.033000	5.740000	-0.466000	-0.327000	0.589000	-1.472000	11.064000	-35.684000	12.591000
50121.197600	-11.182000	5.659000	0.658000	-0.479000	0.460000	-1.077000	10.675000	-35.684000	12.591000
50121.206790	-10.098000	5.799000	1.373000	-0.619000	0.376000	-0.592000	10.675000	-36.065000	12.591000
50121.220400	-8.911000	6.016000	1.677000	-0.739000	0.530000	-0.054000	10.675000	-36.065000	12.591000
50121.237890	-6.810000	6.680000	1.370000	-0.804000	1.398000	0.995000	10.675000	-35.758000	12.974000
50121.248600	-5.911000	7.137000	0.964000	-0.757000	1.881000	1.382000	10.359000	-35.758000	12.974000
50121.256350	-5.160000	7.448000	0.510000	-0.651000	2.260000	1.635000	8.596000	-35.758000	13.351000
50121.270660	-4.590000	7.564000	-0.087000	-0.463000	2.432000	1.757000	6.901000	-35.758000	13.351000
50121.276950	-4.274000	7.444000	-0.514000	-0.241000	2.370000	1.774000	5.262000	-35.758000	13.351000
50121.288670	-3.836000	7.516000	-0.735000	-0.049000	2.176000	1.733000	4.579000	-35.758000	13.688000
50121.296850	-3.319000	7.874000	-0.880000	0.098000	1.897000	1.680000	3.691000	-35.758000	13.688000
50121.308750	-3.100000	8.156000	-0.909000	0.158000	1.547000	1.663000	2.668000	-35.758000	13.688000
50121.317870	-3.074000	8.111000	-0.691000	0.244000	1.370000	1.646000	1.565000	-35.758000	13.688000
50121.328740	-3.078000	7.906000	-0.252000	0.261000	1.070000	1.627000	0.524000	-36.102000	14.076000
50121.336890	-2.913000	7.748000	0.177000	0.205000	0.895000	1.629000	-0.257000	-36.102000	14.076000
50121.349280	-2.382000	7.777000	0.324000	0.090000	0.878000	1.699000	-1.496000	-36.102000	14.076000
50121.356780	-1.747000	7.964000	0.315000	-0.011000	1.001000	1.845000	-2.450000	-36.468000	14.076000
50121.369230	-1.109000	8.112000	0.299000	-0.046000	1.194000	2.025000	-3.570000	-36.468000	14.433000
50121.377900	-0.553000	8.237000	0.225000	-0.040000	1.373000	2.180000	-4.948000	-36.468000	14.433000
50121.388800	-0.075000	8.568000	0.101000	-0.017000	1.510000	2.301000	-6.243000	-36.909000	14.433000
50121.400090	0.240000	9.083000	-0.048000	0.018000	1.592000	2.394000	-7.727000	-36.909000	14.891000
50121.407600	0.442000	9.215000	-0.439000	0.084000	1.637000	2.441000	-8.634000	-36.909000	14.891000
