50077.125430	-2.526000	3.745000	-4.770000	1.104000	-1.633000	4.205000	15.101000	-33.090000	15.040000
50077.135960	-0.976000	4.217000	-4.840000	0.874000	-1.560000	4.370000	14.205000	-34.066000	15.040000
50077.144440	0.737000	4.796000	-4.568000	0.638000	-1.492000	4.504000	12.818000	-34.631000	14.715000
50077.153600	2.664000	5.313000	-3.833000	0.403000	-1.492000	4.580000	11.625000	-35.693000	14.715000
50077.165840	4.418000	5.735000	-2.919000	0.177000	-1.538000	4.587000	10.479000	-36.404000	14.715000
50077.173530	5.774000	6.199000	-1.997000	-0.016000	-1.637000	4.520000	9.281000	-36.404000	14.299000
50077.185340	6.650000	6.750000	-1.249000	-0.109000	-1.818000	4.395000	8.662000	-37.277000	14.299000
50077.194890	7.287000	7.104000	-1.009000	-0.090000	-2.043000	4.230000	7.220000	-37.277000	14.299000
50077.206790	8.226000	7.284000	-1.371000	-0.016000	-2.183000	4.031000	6.536000	-38.214000	13.928000
50077.213660	9.060000	7.688000	-1.585000	0.013000	-2.159000	3.814000	5.311000	-38.214000	13.928000
50077.226510	9.779000	8.110000	-1.554000	-0.057000	-1.937000	3.612000	4.666000	-38.565000	13.928000
50077.233620	10.595000	8.540000	-1.377000	-0.116000	-1.585000	3.423000	3.643000	-38.565000	13.562000
50077.246460	10.942000	8.781000	-1.025000	-0.238000	-1.256000	3.319000	2.917000	-38.565000	13.562000
50077.258520	11.183000	8.781000	-0.608000	-0.300000	-1.126000	3.078000	2.197000	-39.070000	13.562000
50077.263650	11.516000	8.851000	-0.474000	-0.242000	-0.984000	2.786000	1.399000	-39.070000	13.562000
50077.274020	11.781000	9.043000	-0.493000	-0.118000	-1.030000	2.479000	1.091000	-39.070000	13.163000
50077.285620	12.239000	9.417000	-0.593000	-0.010000	-1.118000	2.196000	0.312000	-39.070000	13.163000
50077.295810	12.753000	9.892000	-0.680000	0.060000	-1.088000	1.952000	0.001000	-39.070000	13.163000
50077.305180	13.009000	10.385000	-0.833000	0.111000	-0.946000	1.737000	-0.495000	-39.070000	13.163000
50077.317110	12.810000	10.599000	-0.813000	0.163000	-0.766000	1.510000	-0.877000	-39.070000	13.163000
50077.324770	12.379000	10.467000	-0.506000	0.211000	-0.602000	1.225000	-1.350000	-39.070000	13.163000
50077.337280	11.827000	10.278000	0.028000	0.210000	-0.447000	0.893000	-1.350000	-39.070000	12.800000
50077.344610	11.343000	10.229000	0.518000	0.130000	-0.306000	0.553000	-1.350000	-39.070000	12.800000
50077.355010	10.921000	10.415000	1.132000	0.064000	-0.152000	0.257000	-1.350000	-39.070000	12.800000
50077.366000	10.386000	10.588000	1.820000	-0.078000	0.043000	0.126000	-1.350000	-39.070000	12.800000
50077.373750	9.919000	10.367000	2.291000	-0.182000	0.146000	-0.122000	-1.350000	-39.396000	12.800000
50077.386690	9.522000	10.092000	2.339000	-0.214000	0.321000	-0.368000	-0.895000	-39.396000	12.800000
50077.394080	9.269000	10.069000	2.052000	-0.165000	0.421000	-0.631000	-0.895000	-39.396000	12.800000
50077.406250	8.961000	10.100000	1.619000	-0.029000	0.453000	-0.895000	-0.431000	-39.396000	12.800000
50077.415320	8.513000	9.973000	1.164000	0.142000	0.456000	-1.115000	-0.431000	-39.396000	12.800000
50077.426640	8.147000	9.919000	0.837000	0.274000	0.500000	-1.289000	-0.431000	-39.709000	12.457000
50077.438240	7.709000	10.131000	0.642000	0.308000	0.671000	-1.430000	-0.431000	-39.709000	12.457000
50077.445290	7.327000	10.234000	0.207000	0.260000	0.957000	-1.544000	-0.431000	-39.709000	12.457000
50077.455330	7.196000	10.357000	-0.481000	0.215000	1.264000	-1.649000	-0.431000	-39.709000	12.457000
50077.466650	6.533000	10.379000	-0.989000	0.226000	1.505000	-1.791000	-0.431000	-39.709000	12.457000
50077.473970	5.372000	9.725000	-1.329000	0.248000	1.652000	-1.988000	-0.431000	-39.709000	12.457000
50077.485200	4.290000	8.906000	-1.573000	0.290000	1.715000	-2.115000	0.479000	-39.709000	12.457000
50077.494480	3.654000	8.725000	-1.483000	0.320000	1.719000	-2.407000	1.458000	-39.709000	12.457000
50077.506080	3.033000	8.793000	-1.482000	0.328000	1.672000	-2.657000	2.780000	-39.709000	12.457000
50077.516240	1.867000	8.622000	-1.371000	0.316000	1.559000	-2.792000	3.547000	-39.709000	12.457000
50077.526250	0.740000	8.323000	-1.213000	0.304000	1.421000	-2.833000	4.603000	-39.372000	12.457000
50077.535190	-0.435000	8.042000	-1.264000	0.264000	1.317000	-2.856000	5.375000	-39.372000	12.457000
50077.546820	-1.293000	7.743000	-1.376000	0.192000	1.304000	-2.871000	6.388000	-39.372000	12.811000
50077.554140	-1.718000	7.454000	-1.742000	0.123000	1.348000	-2.868000	6.922000	-39.044000	12.811000
50077.569160	-1.698000	7.424000	-2.206000	0.065000	1.434000	-2.839000	7.604000	-39.044000	12.811000
50077.573980	-1.394000	7.973000	-2.319000	0.046000	1.561000	-2.757000	8.096000	-39.044000	12.811000
50077.585420	-1.467000	8.498000	-2.349000	0.057000	1.658000	-2.615000	8.818000	-38.584000	13.127000
50077.595430	-2.261000	8.456000	-2.436000	0.049000	1.694000	-2.486000	8.818000	-38.584000	13.127000
50077.605630	-3.601000	7.891000	-2.722000	-0.011000	1.722000	-2.455000	9.634000	-38.150000	13.127000
50077.618410	-5.007000	7.125000	-3.001000	-0.088000	1.742000	-2.488000	10.067000	-37.634000	13.488000
50077.624030	-6.159000	6.406000	-3.181000	-0.131000	1.776000	-2.634000	10.426000	-37.062000	13.488000
50077.634040	-6.685000	6.038000	-3.221000	-0.110000	1.780000	-2.783000	11.189000	-36.595000	13.830000
50077.644050	-6.837000	6.089000	-2.678000	-0.049000	1.696000	-2.816000	11.189000	-36.122000	13.830000
50077.654000	-6.746000	6.507000	-1.963000	-0.021000	1.502000	-2.697000	11.819000	-36.122000	14.183000
50077.665470	-7.049000	6.899000	-1.581000	-0.108000	1.292000	-2.461000	12.306000	-35.423000	14.183000
50077.673860	-7.601000	6.853000	-1.775000	-0.315000	1.175000	-2.199000	12.306000	-35.104000	14.183000
50077.683870	-8.258000	6.575000	-2.337000	-0.514000	1.224000	-2.042000	12.678000	-35.104000	14.579000
50077.693880	-8.726000	6.411000	-2.805000	-0.542000	1.417000	-2.020000	12.678000	-34.567000	14.579000
50077.704040	-9.231000	6.185000	-3.050000	-0.378000	1.513000	-2.073000	13.211000	-34.567000	14.579000
50077.714080	-10.048000	5.628000	-3.021000	-0.153000	1.355000	-2.125000	13.211000	-33.908000	14.944000
50077.724090	-10.540000	4.899000	-2.562000	-0.064000	1.029000	-2.138000	13.656000	-33.494000	14.944000
50077.734260	-10.384000	4.605000	-1.750000	-0.009000	0.858000	-2.123000	14.160000	-33.494000	14.944000
50077.745210	-9.851000	5.071000	-0.532000	-0.143000	0.601000	-1.988000	14.160000	-33.135000	15.261000
50077.754790	-9.592000	5.762000	0.451000	-0.411000	0.505000	-1.671000	14.462000	-33.135000	15.261000
50077.765080	-9.723000	6.068000	0.734000	-0.710000	0.561000	-1.244000	14.462000	-33.135000	15.261000
50077.775490	-10.107000	5.957000	0.309000	-0.927000	0.765000	-0.875000	14.082000	-33.135000	15.579000
50077.785590	-10.189000	5.913000	-0.303000	-0.940000	1.052000	-0.648000	14.082000	-33.135000	15.579000
50077.798070	-9.895000	6.081000	-0.742000	-0.750000	1.287000	-0.518000	14.082000	-33.135000	15.579000
50077.805820	-9.562000	6.176000	-0.897000	-0.505000	1.382000	-0.407000	14.082000	-33.135000	15.579000
50077.815800	-9.240000	6.046000	-0.933000	-0.298000	1.346000	-0.282000	14.082000	-33.135000	15.940000
50077.825990	-8.760000	6.071000	-0.738000	-0.164000	1.202000	-0.153000	14.082000	-32.788000	15.940000
50077.836000	-8.339000	6.475000	-0.414000	-0.137000	1.031000	-0.016000	14.082000	-32.788000	15.940000
50077.854710	-8.131000	7.022000	-0.281000	-0.271000	0.930000	0.233000	14.082000	-32.788000	15.940000
50077.864260	-8.069000	7.268000	-0.401000	-0.361000	0.961000	0.360000	14.082000	-32.461000	15.940000
50077.875610	-7.997000	7.229000	-0.462000	-0.333000	1.042000	0.402000	14.082000	-32.461000	16.334000
50077.889620	-7.694000	7.274000	-0.598000	-0.206000	1.061000	0.376000	14.082000	-32.461000	16.334000
50077.895540	-7.266000	7.473000	-0.645000	-0.043000	0.941000	0.322000	14.082000	-32.461000	16.334000
50077.908510	-6.961000	7.551000	-0.792000	0.117000	0.731000	0.276000	14.082000	-32.461000	16.334000
50077.917120	-6.642000	7.520000	-1.006000	0.255000	0.499000	0.228000	13.356000	-32.461000	16.690000
50077.925780	-6.464000	7.602000	-1.116000	0.360000	0.273000	0.176000	13.356000	-32.461000	16.690000
50077.939120	-6.523000	7.691000	-1.293000	0.406000	0.068000	0.137000	13.034000	-32.461000	16.690000
50077.945010	-6.770000	7.563000	-1.387000	0.393000	-0.081000	0.120000	13.034000	-32.461000	16.690000
50077.958010	-6.768000	7.596000	-1.220000	0.374000	-0.155000	0.126000	13.034000	-32.461000	17.094000
50077.966040	-6.447000	7.721000	-1.020000	0.317000	-0.176000	0.175000	13.034000	-32.461000	17.094000
50077.978150	-5.915000	7.946000	-0.751000	0.246000	-0.220000	0.259000	12.707000	-32.461000	17.094000
50077.988010	-5.469000	8.242000	-0.536000	0.203000	-0.258000	0.356000	12.707000	-32.461000	17.094000
50077.994790	-5.220000	8.420000	-0.230000	0.209000	-0.297000	0.432000	12.390000	-32.769000	17.485000
50078.006780	-5.051000	8.414000	0.057000	0.249000	-0.350000	0.437000	12.390000	-32.769000	17.485000
50078.016480	-4.611000	8.491000	-0.153000	0.309000	-0.384000	0.389000	12.390000	-32.769000	17.485000
50078.025790	-4.062000	8.820000	-0.828000	0.404000	-0.412000	0.345000	12.013000	-32.769000	17.485000
50078.037660	-3.671000	9.105000	-1.500000	0.527000	-0.428000	0.307000	12.013000	-32.769000	17.797000
50078.045990	-3.711000	9.070000	-2.233000	0.633000	-0.392000	0.239000	12.013000	-32.769000	17.797000
50078.056610	-4.095000	8.841000	-2.665000	0.686000	-0.351000	0.131000	12.013000	-32.769000	17.797000
50078.067230	-4.373000	8.632000	-2.635000	0.643000	-0.336000	0.013000	12.013000	-32.769000	17.797000
50078.076180	-4.591000	8.565000	-2.247000	0.583000	-0.325000	-0.053000	12.013000	-32.769000	18.141000
50078.088200	-4.866000	8.696000	-1.751000	0.412000	-0.324000	-0.065000	12.013000	-32.769000	18.141000
50078.096440	-5.210000	8.800000	-1.316000	0.231000	-0.324000	-0.086000	12.013000	-32.400000	18.141000
50078.108860	-5.440000	8.822000	-1.181000	0.130000	-0.322000	-0.137000	12.013000	-32.400000	18.141000
50078.114480	-5.565000	8.639000	-1.213000	0.164000	-0.324000	-0.213000	12.013000	-32.400000	18.141000
50078.127380	-5.472000	8.410000	-1.460000	0.294000	-0.355000	-0.279000	12.469000	-32.078000	18.141000
50078.135410	-5.113000	8.309000	-1.662000	0.451000	-0.421000	-0.310000	12.469000	-32.078000	18.141000
50078.144810	-5.213000	8.327000	-2.487000	0.586000	-0.498000	-0.299000	12.947000	-32.078000	18.141000
50078.157720	-5.358000	8.112000	-3.287000	0.672000	-0.537000	-0.294000	13.565000	-31.684000	18.141000
50078.164520	-5.183000	8.073000	-3.537000	0.690000	-0.443000	-0.287000	13.900000	-31.684000	18.466000
50078.176360	-5.148000	8.444000	-3.105000	0.555000	-0.259000	-0.196000	14.245000	-31.375000	18.466000
50078.187020	-5.561000	8.204000	-2.529000	0.259000	-0.082000	-0.094000	14.692000	-31.375000	18.466000
50078.195010	-6.177000	7.529000	-2.271000	0.098000	0.092000	-0.072000	14.692000	-31.048000	18.466000
50078.206910	-6.240000	7.256000	-1.948000	-0.146000	0.206000	-0.068000	15.162000	-31.048000	18.466000
50078.214690	-5.856000	7.329000	-1.575000	-0.226000	0.221000	-0.001000	15.162000	-31.048000	18.466000
50078.227390	-5.260000	7.551000	-1.574000	-0.176000	0.167000	0.161000	15.162000	-30.607000	18.821000
50078.236060	-4.724000	7.920000	-1.650000	-0.070000	0.039000	0.354000	15.162000	-30.607000	18.821000
50078.245060	-4.104000	8.415000	-1.584000	0.019000	-0.074000	0.522000	15.162000	-30.607000	18.821000
50078.255890	-3.646000	8.431000	-1.463000	0.031000	-0.079000	0.643000	15.162000	-30.607000	18.821000
50078.266450	-3.405000	8.331000	-1.012000	-0.039000	0.020000	0.689000	15.162000	-30.247000	18.821000
50078.276250	-3.339000	8.222000	-0.714000	-0.166000	0.176000	0.687000	15.162000	-30.247000	18.821000
50078.288240	-3.414000	8.116000	-0.576000	-0.302000	0.347000	0.688000	15.466000	-30.247000	18.821000
50078.294680	-3.423000	8.179000	-0.417000	-0.403000	0.547000	0.709000	15.466000	-30.247000	18.821000
50078.307500	-3.494000	8.169000	-0.250000	-0.480000	0.775000	0.737000	15.466000	-30.247000	18.821000
50078.316380	-3.680000	8.064000	-0.300000	-0.513000	0.997000	0.750000	15.466000	-30.247000	18.821000
50078.327460	-3.713000	8.175000	-0.405000	-0.557000	1.177000	0.755000	15.466000	-30.247000	18.821000
50078.339270	-3.559000	8.441000	-0.577000	-0.581000	1.241000	0.774000	14.518000	-30.247000	18.821000
50078.345160	-3.437000	8.587000	-0.762000	-0.597000	1.325000	0.802000	13.719000	-30.247000	18.821000
50078.354980	-3.284000	8.717000	-0.871000	-0.605000	1.375000	0.817000	12.745000	-30.598000	18.821000
50078.367620	-3.017000	8.896000	-0.964000	-0.591000	1.407000	0.813000	11.880000	-30.598000	18.821000
50078.376070	-2.849000	9.057000	-1.030000	-0.555000	1.379000	0.806000	11.236000	-30.918000	18.821000
50078.387490	-2.757000	9.094000	-1.010000	-0.513000	1.273000	0.778000	10.760000	-31.297000	18.821000
50078.396430	-2.846000	9.082000	-0.938000	-0.473000	1.137000	0.708000	10.075000	-31.683000	18.821000
50078.405190	-2.958000	9.203000	-0.916000	-0.425000	0.970000	0.597000	10.075000	-31.683000	18.821000
50078.417090	-3.093000	9.165000	-0.989000	-0.353000	0.776000	0.456000	9.768000	-32.192000	18.821000
50078.426880	-3.314000	9.030000	-1.091000	-0.242000	0.598000	0.316000	9.768000	-32.192000	18.521000
50078.436770	-3.594000	9.055000	-1.043000	-0.177000	0.414000	0.209000	9.393000	-32.192000	18.521000
50078.446660	-3.768000	9.073000	-1.219000	-0.052000	0.201000	0.165000	9.393000	-32.582000	18.521000
50078.454810	-3.846000	9.080000	-1.302000	0.043000	0.099000	0.094000	9.393000	-32.582000	18.521000
50078.468540	-3.922000	8.987000	-1.204000	0.107000	-0.058000	0.042000	9.393000	-32.582000	18.521000
50078.474830	-3.971000	8.993000	-1.079000	0.136000	-0.129000	0.015000	9.057000	-32.582000	18.521000
50078.487640	-3.985000	8.957000	-0.992000	0.138000	-0.161000	0.024000	9.057000	-33.012000	18.521000
50078.494880	-4.007000	8.879000	-0.925000	0.133000	-0.198000	0.054000	9.057000	-33.012000	18.521000
50078.507760	-4.035000	8.816000	-0.919000	0.130000	-0.203000	0.086000	9.057000	-33.012000	18.521000
50078.519230	-3.962000	8.829000	-1.153000	0.143000	-0.168000	0.134000	9.057000	-33.383000	18.521000
50078.526190	-3.915000	9.045000	-1.491000	0.164000	-0.122000	0.199000	9.057000	-33.383000	18.521000
50078.537140	-3.762000	9.115000	-1.735000	0.176000	-0.063000	0.247000	9.057000	-33.383000	18.521000
50078.547120	-3.607000	8.951000	-1.699000	0.181000	0.022000	0.257000	8.705000	-33.383000	18.521000
50078.555090	-3.432000	8.873000	-1.671000	0.178000	0.116000	0.250000	8.705000	-33.383000	18.521000
50078.567780	-3.345000	8.997000	-1.822000	0.154000	0.160000	0.247000	8.337000	-33.731000	18.521000
50078.575350	-3.397000	9.017000	-2.090000	0.136000	0.161000	0.250000	8.337000	-33.731000	18.521000
50078.587800	-3.448000	8.955000	-2.240000	0.154000	0.141000	0.260000	8.024000	-33.731000	18.521000
50078.595220	-3.515000	8.948000	-2.380000	0.180000	0.122000	0.258000	8.024000	-33.731000	18.521000
50078.607970	-3.382000	9.069000	-2.292000	0.158000	0.110000	0.232000	8.024000	-33.731000	18.521000
50078.616280	-3.270000	9.124000	-2.112000	0.096000	0.116000	0.202000	7.627000	-33.731000	18.858000
50078.627840	-3.293000	9.043000	-1.932000	0.038000	0.126000	0.191000	7.627000	-33.731000	18.858000
50078.636260	-3.257000	9.064000	-1.881000	0.005000	0.097000	0.183000	7.627000	-33.731000	18.858000
50078.648900	-3.131000	9.224000	-1.865000	-0.028000	0.041000	0.172000	7.235000	-33.731000	18.858000
50078.655160	-3.066000	9.315000	-1.817000	-0.072000	0.020000	0.155000	7.235000	-33.731000	19.186000
50078.665100	-3.084000	9.310000	-1.759000	-0.111000	0.041000	0.151000	7.235000	-33.731000	19.186000
50078.676730	-3.200000	9.233000	-1.672000	-0.126000	0.053000	0.142000	6.866000	-33.731000	19.186000
50078.687050	-3.217000	9.218000	-1.617000	-0.141000	0.056000	0.133000	6.866000	-33.731000	19.186000
50078.699310	-3.205000	9.309000	-1.634000	-0.145000	0.061000	0.112000	6.866000	-33.731000	19.186000
50078.706360	-3.212000	9.300000	-1.632000	-0.148000	0.058000	0.089000	6.489000	-33.731000	19.186000
50078.715550	-3.316000	9.278000	-1.577000	-0.143000	0.059000	0.067000	6.489000	-33.731000	19.508000
50078.727940	-3.259000	9.185000	-1.394000	-0.129000	0.066000	0.061000	6.489000	-33.731000	19.508000
50078.736970	-3.125000	9.206000	-1.343000	-0.131000	0.050000	0.052000	6.489000	-33.731000	19.508000
50078.746590	-3.094000	9.302000	-1.433000	-0.143000	0.030000	0.042000	6.161000	-33.731000	19.508000
50078.755100	-3.044000	9.289000	-1.496000	-0.132000	0.010000	0.046000	6.161000	-33.731000	19.508000
50078.765110	-3.108000	9.206000	-1.474000	-0.110000	-0.020000	0.039000	6.161000	-33.731000	19.508000
50078.775000	-3.206000	9.158000	-1.544000	-0.106000	-0.037000	0.020000	6.161000	-33.731000	19.508000
50078.788730	-3.323000	9.143000	-1.598000	-0.112000	-0.046000	-0.004000	6.161000	-34.062000	19.508000
50078.796330	-3.326000	9.142000	-1.445000	-0.113000	-0.049000	-0.033000	6.161000	-34.062000	19.508000
50078.808990	-3.273000	9.128000	-1.255000	-0.111000	-0.047000	-0.045000	5.839000	-34.062000	19.508000
50078.816560	-3.203000	9.155000	-1.130000	-0.112000	-0.060000	-0.062000	5.839000	-34.062000	19.508000
50078.829720	-3.130000	9.276000	-1.100000	-0.098000	-0.107000	-0.070000	5.839000	-34.062000	19.508000
50078.836520	-3.060000	9.306000	-1.174000	-0.060000	-0.166000	-0.077000	5.839000	-34.062000	19.508000
50078.848700	-2.984000	9.244000	-1.268000	-0.007000	-0.209000	-0.092000	5.839000	-34.062000	19.508000
50078.855840	-2.962000	9.161000	-1.286000	0.055000	-0.259000	-0.125000	5.839000	-34.062000	19.508000
50078.868750	-2.987000	9.094000	-1.291000	0.123000	-0.342000	-0.169000	5.839000	-34.062000	19.508000
50078.879700	-3.015000	8.992000	-1.320000	0.176000	-0.443000	-0.218000	5.839000	-34.062000	19.508000
50078.886720	-2.993000	8.938000	-1.252000	0.188000	-0.530000	-0.248000	5.839000	-34.062000	19.508000
50078.896520	-3.048000	8.913000	-1.043000	0.154000	-0.573000	-0.268000	5.839000	-34.062000	19.508000
50078.907720	-3.190000	8.811000	-0.789000	0.093000	-0.557000	-0.280000	5.839000	-34.062000	19.508000
50078.916660	-3.351000	8.730000	-0.551000	0.058000	-0.493000	-0.282000	5.839000	-34.062000	19.197000
50078.925420	-3.511000	8.659000	-0.409000	-0.011000	-0.452000	-0.280000	6.188000	-34.062000	19.197000
50078.938210	-3.610000	8.642000	-0.344000	-0.053000	-0.367000	-0.266000	6.188000	-34.062000	19.197000
50078.946200	-3.715000	8.602000	-0.332000	-0.062000	-0.273000	-0.246000	6.188000	-34.062000	19.197000
50078.955260	-3.800000	8.569000	-0.329000	-0.043000	-0.174000	-0.217000	6.188000	-34.062000	19.197000
50078.968110	-3.831000	8.568000	-0.404000	-0.009000	-0.073000	-0.173000	6.562000	-34.062000	19.197000
50078.976750	-3.748000	8.638000	-0.582000	0.038000	0.013000	-0.129000	6.562000	-34.062000	19.197000
50078.987670	-3.600000	8.714000	-0.844000	0.098000	0.056000	-0.088000	6.562000	-34.062000	19.197000
50078.996650	-3.488000	8.782000	-1.085000	0.161000	0.071000	-0.049000	6.880000	-34.062000	19.197000
50079.008520	-3.460000	8.809000	-1.386000	0.213000	0.088000	-0.019000	6.880000	-34.062000	19.197000
50079.015690	-3.500000	8.801000	-1.622000	0.252000	0.094000	-0.011000	6.880000	-34.062000	19.197000
50079.028140	-3.561000	8.823000	-1.744000	0.265000	0.082000	-0.020000	6.880000	-34.062000	19.197000
50079.036690	-3.682000	8.841000	-1.790000	0.261000	0.076000	-0.033000	7.206000	-34.062000	19.197000
50079.048160	-3.823000	8.798000	-1.727000	0.236000	0.078000	-0.038000	7.206000	-34.062000	19.197000
50079.058110	-3.709000	8.887000	-1.613000	0.195000	0.087000	-0.046000	7.206000	-34.062000	19.197000
50079.067910	-3.522000	9.002000	-1.491000	0.155000	0.092000	-0.054000	7.206000	-34.062000	19.197000
50079.076880	-3.403000	9.104000	-1.470000	0.126000	0.070000	-0.054000	7.206000	-34.062000	19.197000
50079.087650	-3.359000	9.158000	-1.592000	0.137000	0.018000	-0.057000	7.206000	-34.062000	19.197000
50079.096870	-3.357000	9.154000	-1.726000	0.187000	-0.060000	-0.071000	7.522000	-34.062000	19.197000
50079.108010	-3.414000	9.106000	-1.837000	0.244000	-0.140000	-0.091000	7.522000	-34.062000	19.197000
50079.116920	-3.548000	9.032000	-1.976000	0.272000	-0.181000	-0.115000	7.522000	-33.720000	19.197000
50079.128270	-3.709000	8.953000	-2.076000	0.267000	-0.190000	-0.131000	7.522000	-33.720000	19.544000
50079.136910	-3.772000	8.911000	-2.067000	0.237000	-0.198000	-0.134000	7.522000	-33.720000	19.544000
50079.148260	-3.875000	8.915000	-1.944000	0.175000	-0.191000	-0.128000	7.522000	-33.720000	19.544000
50079.155490	-3.873000	8.883000	-1.795000	0.137000	-0.151000	-0.110000	7.522000	-33.720000	19.544000
50079.168520	-3.808000	8.949000	-1.694000	0.058000	-0.125000	-0.099000	7.522000	-33.720000	19.544000
50079.175450	-3.779000	9.035000	-1.695000	-0.001000	-0.072000	-0.076000	7.522000	-33.720000	19.883000
50079.186920	-3.726000	9.056000	-1.792000	-0.034000	-0.042000	-0.055000	7.522000	-33.390000	19.883000
50079.197570	-3.698000	9.094000	-1.841000	-0.036000	-0.031000	-0.044000	7.522000	-33.390000	19.883000
50079.207070	-3.686000	8.988000	-1.755000	-0.016000	-0.027000	-0.055000	7.522000	-33.390000	19.883000
50079.217410	-3.787000	8.863000	-1.548000	0.004000	-0.053000	-0.090000	7.882000	-33.390000	19.883000
50079.227790	-3.938000	8.745000	-1.349000	0.022000	-0.108000	-0.128000	7.882000	-33.390000	19.883000
50079.240970	-3.983000	8.589000	-1.170000	0.035000	-0.199000	-0.160000	7.882000	-33.390000	19.883000
50079.245550	-3.920000	8.588000	-1.092000	0.043000	-0.304000	-0.193000	7.882000	-33.390000	19.883000
50079.257660	-3.864000	8.608000	-0.879000	0.035000	-0.372000	-0.212000	7.882000	-33.390000	19.883000
50079.267920	-3.936000	8.578000	-0.699000	0.017000	-0.396000	-0.222000	8.183000	-33.390000	19.883000
50079.275580	-4.066000	8.494000	-0.485000	0.011000	-0.398000	-0.238000	8.183000	-33.087000	19.883000
50079.286900	-4.158000	8.448000	-0.339000	0.022000	-0.403000	-0.249000	8.183000	-33.087000	19.883000
50079.297950	-4.311000	8.426000	-0.352000	0.073000	-0.436000	-0.274000	8.488000	-33.087000	19.883000
50079.306920	-4.445000	8.375000	-0.547000	0.157000	-0.490000	-0.284000	8.488000	-33.087000	19.883000
50079.316720	-4.559000	8.320000	-0.750000	0.241000	-0.543000	-0.275000	8.488000	-33.087000	19.883000
50079.328460	-4.730000	8.234000	-0.903000	0.302000	-0.549000	-0.260000	8.795000	-33.087000	19.883000
50079.335670	-4.882000	8.182000	-0.998000	0.331000	-0.483000	-0.226000	8.795000	-33.087000	19.883000
50079.348450	-4.958000	8.150000	-1.025000	0.323000	-0.372000	-0.172000	8.795000	-33.087000	19.883000
50079.355660	-4.769000	8.253000	-1.252000	0.281000	-0.240000	-0.094000	8.795000	-33.087000	19.883000
50079.369270	-4.426000	8.555000	-1.677000	0.230000	-0.087000	0.007000	9.188000	-32.746000	19.883000
50079.376160	-4.129000	8.790000	-1.981000	0.215000	0.057000	0.105000	9.188000	-32.746000	19.883000
50079.387180	-3.902000	8.855000	-2.069000	0.236000	0.157000	0.189000	9.188000	-32.746000	19.883000
50079.397100	-3.677000	8.940000	-2.105000	0.255000	0.197000	0.228000	9.188000	-32.746000	19.883000
50079.407990	-3.541000	9.030000	-2.081000	0.305000	0.185000	0.226000	9.188000	-32.746000	19.883000
50079.421480	-3.564000	9.109000	-2.047000	0.360000	0.092000	0.192000	9.552000	-32.746000	19.883000
50079.426400	-3.688000	9.132000	-1.955000	0.395000	-0.038000	0.141000	9.552000	-32.429000	19.883000
50079.437720	-3.646000	9.111000	-1.930000	0.414000	-0.142000	0.088000	9.552000	-32.429000	20.243000
50079.447120	-3.482000	9.244000	-1.977000	0.414000	-0.208000	0.041000	9.552000	-32.429000	20.243000
50079.457520	-3.442000	9.388000	-2.108000	0.400000	-0.232000	0.006000	9.552000	-32.429000	20.243000
50079.468540	-3.488000	9.461000	-2.270000	0.393000	-0.219000	-0.006000	9.552000	-32.124000	20.243000
50079.476170	-3.353000	9.528000	-2.456000	0.393000	-0.190000	-0.017000	9.552000	-32.124000	20.243000
50079.487090	-3.197000	9.400000	-2.318000	0.387000	-0.172000	-0.046000	9.552000	-32.124000	20.597000
50079.497260	-3.080000	9.317000	-2.080000	0.342000	-0.168000	-0.091000	9.552000	-32.124000	20.597000
50079.508370	-3.108000	9.324000	-2.044000	0.261000	-0.132000	-0.137000	9.552000	-32.124000	20.597000
50079.517670	-3.208000	9.339000	-2.070000	0.198000	-0.110000	-0.187000	9.552000	-31.753000	20.597000
50079.528900	-3.391000	9.222000	-2.113000	0.188000	-0.131000	-0.235000	9.552000	-31.753000	20.922000
50079.537940	-3.631000	9.039000	-2.082000	0.199000	-0.126000	-0.255000	9.552000	-31.753000	20.922000
50079.549290	-4.010000	8.816000	-2.117000	0.215000	-0.111000	-0.288000	9.552000	-31.753000	20.922000
50079.556860	-4.345000	8.557000	-2.232000	0.216000	-0.084000	-0.324000	9.552000	-31.449000	21.241000
50079.569220	-4.320000	8.421000	-2.304000	0.211000	-0.064000	-0.360000	9.552000	-31.449000	21.241000
50079.587590	-4.143000	8.448000	-2.158000	0.144000	0.020000	-0.368000	9.552000	-31.449000	21.569000
50079.598820	-4.009000	8.507000	-2.181000	0.092000	0.080000	-0.330000	9.552000	-31.138000	21.569000
50079.606540	-4.185000	8.505000	-2.316000	0.079000	0.101000	-0.295000	9.552000	-31.138000	21.569000
50079.618170	-4.274000	8.335000	-2.339000	0.089000	0.068000	-0.302000	9.552000	-31.138000	21.569000
50079.627840	-4.268000	8.198000	-2.168000	0.070000	0.052000	-0.331000	9.552000	-31.138000	21.569000
50079.640020	-4.357000	8.137000	-2.116000	0.049000	0.072000	-0.339000	9.552000	-30.828000	21.891000
50079.648290	-4.490000	8.093000	-2.212000	0.016000	0.082000	-0.334000	9.552000	-30.828000	21.891000
50079.656010	-4.626000	8.064000	-2.270000	0.011000	0.083000	-0.323000	9.552000	-30.828000	21.891000
50079.667300	-4.687000	7.988000	-2.209000	-0.007000	0.077000	-0.314000	9.552000	-30.828000	21.891000
50079.678350	-4.717000	7.925000	-2.039000	-0.044000	0.088000	-0.305000	9.867000	-30.828000	21.891000
50079.686890	-4.788000	8.000000	-1.957000	-0.078000	0.082000	-0.292000	9.867000	-30.828000	21.891000
50079.695990	-4.836000	7.999000	-1.978000	-0.080000	0.031000	-0.269000	9.867000	-30.506000	21.891000
50079.706030	-4.788000	7.998000	-1.992000	-0.064000	-0.038000	-0.254000	9.867000	-30.506000	21.891000
50079.716250	-4.740000	8.113000	-1.976000	-0.041000	-0.091000	-0.249000	9.867000	-30.506000	21.891000
50079.727020	-4.867000	8.185000	-1.984000	-0.016000	-0.148000	-0.240000	9.867000	-30.506000	21.891000
50079.735870	-4.996000	8.144000	-1.992000	0.002000	-0.215000	-0.235000	10.235000	-30.506000	21.891000
50079.745880	-5.045000	7.997000	-1.898000	0.015000	-0.264000	-0.234000	10.235000	-30.506000	21.891000
50079.755890	-4.994000	7.958000	-1.666000	0.013000	-0.285000	-0.225000	10.235000	-30.506000	21.891000
50079.766330	-4.924000	8.063000	-1.563000	-0.013000	-0.287000	-0.215000	10.235000	-30.506000	21.891000
50079.778170	-4.882000	8.153000	-1.512000	-0.050000	-0.285000	-0.181000	10.559000	-30.506000	21.891000
50079.785890	-4.970000	8.150000	-1.508000	-0.070000	-0.257000	-0.140000	10.559000	-30.187000	21.891000
50079.795900	-5.024000	8.101000	-1.583000	-0.079000	-0.198000	-0.118000	10.559000	-30.187000	21.891000
50079.805940	-5.054000	8.115000	-1.705000	-0.086000	-0.140000	-0.101000	10.559000	-30.187000	21.891000
50079.815920	-5.040000	8.177000	-1.840000	-0.086000	-0.090000	-0.086000	10.917000	-30.187000	21.891000
50079.825930	-4.967000	8.219000	-2.021000	-0.079000	-0.054000	-0.077000	10.917000	-30.187000	21.891000
50079.838110	-4.856000	8.331000	-2.002000	-0.066000	-0.053000	-0.075000	10.917000	-30.187000	21.891000
50079.850530	-4.716000	8.398000	-1.855000	-0.064000	-0.075000	-0.082000	10.917000	-30.187000	21.891000
50079.858040	-4.676000	8.401000	-1.686000	-0.076000	-0.116000	-0.080000	11.227000	-30.187000	21.891000
50079.867770	-4.719000	8.309000	-1.505000	-0.081000	-0.173000	-0.082000	11.227000	-30.187000	21.891000
50079.881080	-4.726000	8.202000	-1.343000	-0.077000	-0.219000	-0.097000	11.227000	-30.187000	21.891000
50079.888190	-4.660000	8.184000	-1.198000	-0.067000	-0.232000	-0.104000	11.227000	-30.187000	21.891000
50079.901340	-4.560000	8.198000	-1.162000	-0.066000	-0.228000	-0.104000	11.569000	-30.187000	21.891000
50079.909060	-4.496000	8.244000	-1.238000	-0.071000	-0.193000	-0.096000	11.569000	-30.187000	21.891000
50079.916780	-4.459000	8.301000	-1.353000	-0.060000	-0.146000	-0.093000	11.569000	-30.187000	21.891000
50079.928530	-4.526000	8.379000	-1.437000	-0.029000	-0.107000	-0.105000	11.569000	-30.187000	21.891000
50079.938390	-4.694000	8.384000	-1.720000	0.012000	-0.085000	-0.134000	11.920000	-30.187000	21.575000
50079.947640	-4.864000	8.321000	-1.986000	0.063000	-0.088000	-0.177000	11.920000	-30.187000	21.575000
50079.960090	-4.914000	8.228000	-2.003000	0.097000	-0.117000	-0.209000	11.920000	-30.187000	21.575000
50079.967290	-4.818000	8.248000	-1.810000	0.087000	-0.140000	-0.217000	11.920000	-30.187000	21.575000
50079.979250	-4.754000	8.188000	-1.495000	0.037000	-0.155000	-0.203000	12.275000	-30.187000	21.575000
50079.988680	-4.829000	8.018000	-1.165000	-0.022000	-0.170000	-0.188000	12.275000	-30.187000	21.575000
50079.999420	-5.012000	7.937000	-0.897000	-0.050000	-0.170000	-0.187000	12.275000	-30.187000	21.575000
50080.006170	-5.243000	7.925000	-0.843000	-0.095000	-0.162000	-0.187000	12.275000	-30.187000	21.575000
50080.019840	-5.391000	7.831000	-1.016000	-0.099000	-0.133000	-0.174000	12.275000	-30.187000	21.263000
50080.027960	-5.370000	7.857000	-1.290000	-0.053000	-0.080000	-0.157000	12.652000	-30.187000	21.263000
50080.038910	-5.221000	7.961000	-1.510000	0.027000	-0.034000	-0.134000	12.652000	-30.187000	21.263000
50080.046790	-5.115000	8.017000	-1.753000	0.091000	-0.010000	-0.100000	12.652000	-30.187000	21.263000
50080.058600	-4.987000	8.048000	-2.062000	0.123000	0.001000	-0.070000	12.652000	-30.187000	21.263000
50080.067330	-4.898000	8.079000	-2.181000	0.132000	0.008000	-0.048000	12.652000	-30.187000	21.263000
50080.078490	-4.909000	8.132000	-2.142000	0.108000	0.008000	-0.038000	13.002000	-30.187000	21.263000
50080.090030	-4.952000	8.147000	-1.997000	0.042000	0.006000	-0.039000	13.002000	-30.187000	21.263000
50080.097930	-4.985000	8.140000	-1.779000	-0.037000	0.018000	-0.045000	13.002000	-30.187000	21.263000
50080.106880	-5.082000	8.107000	-1.601000	-0.098000	0.034000	-0.054000	13.002000	-30.187000	21.263000
50080.118110	-5.162000	8.011000	-1.445000	-0.113000	0.041000	-0.062000	13.002000	-30.187000	21.263000
50080.127630	-5.181000	7.935000	-1.356000	-0.118000	0.039000	-0.064000	13.002000	-29.869000	21.263000
50080.139990	-5.174000	7.962000	-1.346000	-0.100000	0.021000	-0.067000	13.002000	-29.869000	21.263000
50080.147070	-5.179000	7.944000	-1.373000	-0.070000	-0.002000	-0.065000	13.002000	-29.869000	21.263000
50080.158270	-5.101000	7.990000	-1.404000	-0.032000	-0.013000	-0.053000	13.002000	-29.869000	21.263000
50080.168610	-4.992000	8.086000	-1.505000	0.007000	-0.029000	-0.044000	13.002000	-29.869000	21.263000
50080.176980	-4.904000	8.175000	-1.665000	0.042000	-0.059000	-0.043000	13.002000	-29.869000	21.263000
50080.186500	-4.912000	8.203000	-1.900000	0.077000	-0.083000	-0.043000	13.002000	-29.869000	21.263000
50080.196510	-4.987000	8.167000	-2.069000	0.107000	-0.115000	-0.058000	13.002000	-29.869000	21.263000
50080.208870	-5.138000	8.064000	-2.005000	0.104000	-0.144000	-0.075000	13.002000	-29.869000	21.263000
50080.216950	-5.252000	8.021000	-1.799000	0.054000	-0.144000	-0.085000	13.002000	-29.869000	21.263000
50080.228820	-5.305000	7.978000	-1.619000	-0.024000	-0.118000	-0.081000	13.002000	-29.869000	21.263000
50080.238070	-5.256000	8.003000	-1.435000	-0.064000	-0.089000	-0.062000	13.002000	-29.869000	21.263000
50080.248940	-5.204000	8.022000	-1.213000	-0.133000	-0.075000	-0.049000	13.319000	-29.869000	21.263000
50080.256530	-5.137000	8.028000	-1.107000	-0.173000	-0.039000	-0.049000	13.319000	-29.869000	21.263000
50080.267550	-5.155000	8.028000	-1.134000	-0.177000	-0.017000	-0.027000	13.319000	-29.869000	21.263000
50080.276650	-5.180000	8.053000	-1.207000	-0.133000	-0.029000	-0.028000	13.319000	-29.869000	21.263000
50080.286620	-5.222000	8.073000	-1.305000	-0.062000	-0.060000	-0.041000	13.319000	-29.869000	20.925000
50080.296600	-5.295000	8.085000	-1.535000	-0.003000	-0.089000	-0.054000	13.319000	-29.869000	20.925000
50080.306400	-5.290000	8.090000	-1.794000	0.040000	-0.117000	-0.066000	13.319000	-29.869000	20.925000
50080.320290	-5.248000	8.135000	-1.931000	0.072000	-0.148000	-0.071000	13.319000	-29.869000	20.925000
50080.326910	-5.253000	8.133000	-1.884000	0.067000	-0.174000	-0.072000	13.319000	-29.869000	20.925000
50080.339510	-5.272000	8.092000	-1.663000	0.015000	-0.165000	-0.068000	13.319000	-29.869000	20.925000
50080.348540	-5.199000	7.973000	-1.304000	-0.064000	-0.143000	-0.061000	13.633000	-29.869000	20.925000
50080.362310	-5.169000	7.974000	-1.000000	-0.101000	-0.141000	-0.060000	13.633000	-29.869000	20.925000
50080.368530	-5.155000	8.091000	-0.940000	-0.153000	-0.146000	-0.055000	13.633000	-29.869000	20.925000
50080.378420	-5.140000	8.172000	-0.933000	-0.159000	-0.160000	-0.054000	13.633000	-29.869000	20.617000
50080.391330	-5.179000	8.182000	-1.001000	-0.104000	-0.174000	-0.055000	13.633000	-29.869000	20.617000
50080.396670	-5.269000	8.136000	-1.163000	-0.022000	-0.194000	-0.062000	13.633000	-29.869000	20.617000
50080.406680	-5.397000	8.062000	-1.317000	0.055000	-0.210000	-0.080000	13.946000	-29.869000	20.617000
50080.417760	-5.564000	7.977000	-1.443000	0.115000	-0.227000	-0.097000	13.946000	-29.869000	20.317000
50080.428070	-5.641000	7.910000	-1.505000	0.138000	-0.241000	-0.100000	13.946000	-29.869000	20.317000
50080.441530	-5.550000	7.930000	-1.458000	0.114000	-0.227000	-0.078000	13.946000	-29.869000	20.317000
50080.449130	-5.385000	8.003000	-1.222000	0.035000	-0.173000	-0.029000	13.946000	-29.869000	20.317000
50080.458410	-5.289000	7.981000	-0.959000	-0.066000	-0.072000	0.031000	13.946000	-29.869000	20.317000
50080.471440	-5.249000	7.989000	-0.827000	-0.147000	0.024000	0.075000	14.254000	-29.869000	20.317000
50080.479010	-5.168000	8.037000	-0.728000	-0.168000	0.079000	0.086000	14.254000	-29.869000	20.317000
50080.491000	-5.148000	8.051000	-0.776000	-0.165000	0.096000	0.086000	14.254000	-29.869000	20.317000
50080.500640	-5.229000	7.999000	-0.890000	-0.114000	0.106000	0.072000	14.254000	-29.869000	20.317000
50080.508000	-5.438000	7.896000	-1.020000	-0.033000	0.071000	0.050000	14.254000	-29.869000	20.317000
50080.521580	-5.646000	7.795000	-1.038000	0.047000	0.012000	0.015000	14.254000	-29.869000	19.976000
50080.528780	-5.731000	7.761000	-1.039000	0.094000	-0.044000	-0.019000	14.254000	-29.869000	19.976000
50080.538490	-5.743000	7.742000	-1.017000	0.110000	-0.085000	-0.032000	14.575000	-29.869000	19.976000
50080.547280	-5.709000	7.774000	-0.940000	0.115000	-0.113000	-0.023000	14.575000	-29.869000	19.976000
50080.559180	-5.627000	7.778000	-0.875000	0.114000	-0.117000	0.007000	14.575000	-29.869000	19.976000
50080.567870	-5.475000	7.822000	-0.998000	0.111000	-0.090000	0.048000	14.575000	-29.869000	19.976000
50080.577920	-5.282000	7.945000	-1.194000	0.107000	-0.048000	0.085000	14.575000	-29.869000	19.976000
50080.589210	-5.210000	8.014000	-1.371000	0.104000	0.006000	0.122000	14.575000	-29.869000	19.976000
50080.598700	-5.215000	8.007000	-1.529000	0.100000	0.071000	0.138000	14.575000	-29.869000	19.976000
50080.609200	-5.207000	7.994000	-1.536000	0.095000	0.100000	0.153000	14.575000	-29.869000	19.976000
50080.619020	-5.013000	8.063000	-1.314000	0.098000	0.139000	0.150000	14.575000	-29.869000	19.976000
50080.631020	-4.699000	8.130000	-0.961000	0.099000	0.142000	0.147000	14.575000	-29.869000	19.976000
50080.639100	-4.158000	8.243000	-0.712000	0.086000	0.121000	0.156000	14.575000	-29.869000	19.976000
50080.649200	-3.481000	8.549000	-0.590000	0.083000	0.086000	0.173000	14.575000	-29.869000	19.976000
50080.658760	-2.768000	8.921000	-0.647000	0.092000	0.056000	0.203000	14.575000	-29.869000	19.976000
50080.669190	-2.222000	9.218000	-0.735000	0.101000	0.053000	0.234000	14.575000	-29.869000	19.976000
50080.680420	-1.873000	9.382000	-0.880000	0.119000	0.094000	0.226000	14.575000	-29.869000	19.976000
50080.689270	-1.652000	9.449000	-1.097000	0.169000	0.161000	0.155000	14.575000	-29.869000	19.976000
50080.697390	-1.420000	9.551000	-1.474000	0.242000	0.197000	0.030000	14.575000	-29.869000	19.976000
50080.707950	-1.237000	9.606000	-1.975000	0.335000	0.178000	-0.122000	14.253000	-29.869000	19.976000
50080.717410	-1.185000	9.576000	-2.453000	0.380000	0.132000	-0.203000	14.253000	-29.869000	19.976000
50080.729250	-1.213000	9.533000	-2.723000	0.444000	0.107000	-0.374000	14.253000	-29.869000	20.355000
50080.738010	-1.363000	9.445000	-2.765000	0.446000	0.070000	-0.549000	14.253000	-29.869000	20.355000
50080.748290	-1.595000	9.397000	-2.437000	0.358000	0.072000	-0.712000	14.253000	-29.869000	20.355000
50080.757510	-1.730000	9.274000	-2.059000	0.184000	0.126000	-0.865000	14.253000	-29.869000	20.355000
50080.769260	-1.724000	9.238000	-1.911000	-0.014000	0.239000	-1.006000	14.253000	-29.869000	20.744000
50080.777500	-2.007000	9.002000	-2.185000	-0.138000	0.385000	-1.150000	14.253000	-29.495000	20.744000
50080.788820	-2.986000	8.480000	-2.774000	-0.141000	0.483000	-1.298000	14.253000	-29.495000	20.744000
50080.797060	-3.862000	7.948000	-3.378000	-0.064000	0.542000	-1.475000	14.253000	-29.495000	21.105000
50080.810280	-4.349000	7.714000	-3.855000	0.015000	0.592000	-1.666000	14.253000	-29.101000	21.105000
50080.817110	-4.724000	7.596000	-4.107000	0.078000	0.603000	-1.790000	14.253000	-29.101000	21.105000
50080.828100	-5.178000	7.348000	-4.041000	0.100000	0.509000	-1.838000	14.253000	-28.631000	21.527000
50080.837100	-5.628000	7.047000	-3.737000	0.082000	0.364000	-1.854000	14.865000	-28.201000	21.527000
50080.847630	-6.201000	6.695000	-3.284000	-0.020000	0.302000	-1.891000	15.705000	-27.693000	21.527000
50080.861880	-6.801000	6.262000	-2.730000	-0.180000	0.235000	-1.936000	16.241000	-27.212000	21.929000
50080.867560	-7.229000	5.953000	-2.282000	-0.340000	0.233000	-1.984000	16.705000	-26.708000	21.929000
50080.879250	-8.004000	5.456000	-2.126000	-0.467000	0.289000	-2.027000	17.115000	-26.394000	21.929000
50080.888370	-9.038000	4.804000	-2.246000	-0.559000	0.381000	-2.034000	17.533000	-25.897000	21.929000
50080.899270	-9.782000	4.381000	-2.407000	-0.615000	0.505000	-2.023000	17.994000	-25.520000	22.236000
50080.908180	-10.065000	4.175000	-2.515000	-0.611000	0.651000	-2.000000	17.994000	-25.144000	22.236000
50080.920050	-10.285000	4.008000	-2.559000	-0.541000	0.731000	-1.934000	18.725000	-24.800000	22.236000
50080.929290	-10.540000	3.749000	-2.529000	-0.431000	0.673000	-1.833000	18.725000	-24.800000	22.236000
50080.938510	-10.892000	3.370000	-2.513000	-0.337000	0.502000	-1.736000	19.171000	-24.205000	22.236000
50080.949340	-11.829000	2.858000	-2.467000	-0.310000	0.312000	-1.669000	19.171000	-24.205000	22.236000
50080.957220	-13.339000	2.199000	-2.382000	-0.320000	0.175000	-1.642000	19.648000	-23.773000	22.236000
50080.970070	-14.935000	1.207000	-1.982000	-0.363000	0.128000	-1.598000	20.056000	-23.773000	22.236000
50080.977700	-16.130000	0.150000	-1.106000	-0.421000	0.051000	-1.570000	20.056000	-23.396000	22.236000
50080.990480	-17.043000	-0.664000	-0.172000	-0.473000	-0.042000	-1.516000	20.870000	-23.396000	22.236000
50080.997750	-17.930000	-1.101000	0.521000	-0.483000	-0.204000	-1.388000	21.241000	-23.014000	22.236000
50081.007270	-18.626000	-1.477000	0.794000	-0.405000	-0.447000	-1.184000	21.241000	-23.014000	22.236000
50081.019320	-19.267000	-1.880000	0.690000	-0.204000	-0.714000	-0.935000	22.206000	-23.014000	21.931000
50081.028510	-19.597000	-2.237000	0.497000	0.098000	-0.954000	-0.655000	22.206000	-22.616000	21.931000
50081.039580	-19.609000	-2.610000	0.386000	0.428000	-1.151000	-0.334000	22.773000	-22.616000	21.931000
50081.047310	-19.311000	-2.890000	0.333000	0.731000	-1.312000	0.046000	22.773000	-22.616000	21.498000
50081.057190	-18.291000	-2.964000	0.001000	0.986000	-1.447000	0.491000	23.469000	-22.616000	21.498000
50081.069250	-17.200000	-2.903000	-0.564000	1.222000	-1.581000	0.985000	23.875000	-22.273000	21.145000
50081.079560	-16.082000	-2.706000	-1.198000	1.340000	-1.714000	1.240000	23.875000	-22.273000	21.145000
50081.087830	-14.979000	-2.581000	-1.917000	1.547000	-1.771000	1.742000	23.875000	-22.273000	20.649000
50081.099160	-13.899000	-2.464000	-2.656000	1.677000	-1.836000	2.211000	23.875000	-21.934000	20.649000
50081.109350	-13.168000	-2.069000	-3.458000	1.731000	-1.821000	2.644000	23.875000	-21.934000	20.649000
50081.119690	-12.519000	-1.674000	-4.107000	1.701000	-1.732000	3.040000	23.875000	-21.934000	20.649000
50081.127510	-11.835000	-1.546000	-4.651000	1.615000	-1.584000	3.424000	23.875000	-21.934000	20.199000
50081.139160	-10.870000	-1.578000	-4.886000	1.526000	-1.431000	3.814000	23.492000	-21.934000	20.199000
50081.148230	-9.249000	-1.463000	-4.850000	1.418000	-1.350000	4.202000	23.492000	-21.934000	20.199000
50081.160040	-7.163000	-1.162000	-4.977000	1.266000	-1.322000	4.594000	23.492000	-23.446000	19.757000
50081.171450	-4.691000	-0.639000	-5.009000	1.092000	-1.321000	5.016000	23.492000	-25.108000	19.757000
50081.179080	-2.342000	0.196000	-4.840000	0.892000	-1.325000	5.439000	22.193000	-26.887000	19.757000
50081.189030	0.314000	1.303000	-4.868000	0.721000	-1.272000	5.799000	20.661000	-28.363000	19.409000
50081.198830	3.065000	2.711000	-5.390000	0.673000	-1.255000	6.078000	18.991000	-29.644000	19.409000
50081.208740	5.791000	4.427000	-6.157000	0.745000	-1.387000	6.275000	16.941000	-30.393000	19.409000
50081.222230	8.192000	5.794000	-7.228000	0.783000	-1.588000	6.343000	15.325000	-31.452000	19.053000
50081.228340	9.926000	6.755000	-7.631000	0.754000	-1.647000	6.425000	13.426000	-32.217000	19.053000
50081.241490	11.114000	7.144000	-6.971000	0.491000	-1.579000	6.381000	12.045000	-32.929000	19.053000
50081.248940	12.209000	7.202000	-5.296000	0.023000	-1.261000	6.170000	10.206000	-33.816000	19.053000
50081.268440	12.913000	6.978000	-2.722000	-0.989000	-0.727000	5.448000	7.685000	-35.038000	18.717000
50081.279060	13.750000	6.756000	0.110000	-1.234000	-0.809000	5.028000	6.817000	-35.493000	18.717000
50081.288490	15.216000	7.077000	2.076000	-1.112000	-1.134000	4.675000	5.856000	-35.833000	18.304000
50081.299320	17.493000	7.973000	2.105000	-0.626000	-1.557000	4.432000	5.026000	-36.180000	18.304000
50081.307560	19.522000	9.591000	0.124000	0.102000	-1.881000	4.257000	3.968000	-35.510000	18.304000
50081.319130	19.608000	11.698000	-2.418000	0.493000	-1.996000	4.161000	2.780000	-35.510000	17.979000
50081.328040	19.608000	12.874000	-4.732000	1.128000	-1.961000	3.866000	1.728000	-34.619000	17.979000
50081.339850	19.608000	13.050000	-5.645000	1.309000	-1.680000	3.361000	1.011000	-34.619000	17.979000
50081.349460	19.608000	12.743000	-4.297000	0.879000	-1.066000	2.676000	0.390000	-35.081000	17.979000
50081.358890	19.608000	11.884000	-1.781000	0.002000	-0.183000	1.915000	-0.216000	-35.081000	17.979000
50081.369970	19.556000	10.967000	1.416000	-0.872000	0.663000	1.140000	-0.216000	-35.650000	17.979000
50081.380370	18.988000	10.143000	4.585000	-1.353000	1.165000	0.391000	-0.216000	-35.650000	17.547000
50081.389040	18.244000	9.440000	6.907000	-1.362000	1.218000	-0.322000	0.355000	-35.650000	17.547000
50081.399750	16.899000	8.775000	7.809000	-1.008000	0.971000	-0.998000	0.836000	-35.650000	17.547000
50081.408700	15.732000	8.321000	6.905000	-0.447000	0.721000	-1.604000	0.836000	-35.650000	17.160000
50081.419250	14.779000	7.974000	4.840000	0.180000	0.689000	-2.112000	1.490000	-35.650000	17.160000
50081.430000	14.005000	7.720000	2.356000	0.729000	0.948000	-2.521000	1.490000	-35.650000	17.160000
50081.440070	13.004000	7.611000	-0.166000	0.942000	1.406000	-2.707000	2.119000	-35.650000	16.848000
50081.449160	11.319000	7.302000	-2.501000	1.231000	1.662000	-3.073000	2.119000	-35.990000	16.848000
50081.458160	9.255000	6.597000	-4.168000	1.362000	2.144000	-3.456000	2.949000	-35.990000	16.848000
50081.470040	7.050000	5.891000	-4.894000	1.337000	2.506000	-3.863000	3.309000	-35.990000	16.848000
50081.479590	5.273000	5.297000	-4.880000	1.168000	2.713000	-4.230000	3.814000	-35.990000	16.848000
50081.488770	3.248000	4.741000	-4.573000	0.946000	2.735000	-4.501000	4.466000	-35.990000	17.256000
50081.499580	1.293000	4.125000	-4.548000	0.785000	2.569000	-4.680000	5.770000	-35.990000	17.256000
50081.508240	0.019000	3.978000	-4.782000	0.751000	2.312000	-4.774000	6.796000	-35.678000	18.057000
50081.519990	-0.688000	4.017000	-5.043000	0.798000	2.065000	-4.751000	7.850000	-35.678000	18.698000
50081.531010	-1.034000	3.888000	-5.302000	0.834000	1.917000	-4.630000	8.580000	-35.282000	19.209000
50081.540040	-1.009000	3.797000	-6.093000	0.794000	1.915000	-4.466000	9.330000	-34.147000	19.891000
50081.548800	-0.804000	4.526000	-7.304000	0.644000	2.078000	-4.285000	9.942000	-33.193000	20.310000
50081.560060	-2.275000	4.605000	-8.541000	0.522000	2.407000	-4.203000	9.942000	-32.376000	20.683000
50081.567840	-4.296000	3.615000	-9.768000	0.198000	2.626000	-4.146000	10.693000	-31.813000	21.075000
50081.581640	-6.815000	2.468000	-10.428000	-0.105000	3.103000	-4.331000	11.145000	-31.088000	21.424000
50081.588110	-9.133000	1.425000	-10.072000	-0.243000	3.410000	-4.651000	12.362000	-30.201000	22.354000
50081.599670	-11.126000	0.596000	-9.202000	-0.205000	3.285000	-4.953000	13.273000	-29.823000	22.354000
50081.608310	-12.526000	0.001000	-8.079000	-0.042000	2.655000	-5.130000	14.495000	-28.793000	22.914000
50081.621070	-12.608000	0.065000	-6.582000	0.075000	1.714000	-5.078000	15.795000	-28.169000	22.483000
50081.628330	-12.878000	0.466000	-5.332000	-0.028000	0.869000	-4.778000	16.542000	-27.220000	22.483000
50081.640140	-14.033000	0.506000	-4.837000	-0.333000	0.404000	-4.363000	17.451000	-27.220000	22.483000
50081.649270	-15.944000	0.106000	-5.198000	-0.630000	0.398000	-4.031000	17.820000	-26.197000	22.483000
50081.660160	-17.852000	-0.345000	-5.848000	-0.750000	0.728000	-3.817000	18.347000	-25.640000	22.483000
50081.669250	-19.477000	-0.796000	-6.663000	-0.710000	1.105000	-3.636000	18.347000	-25.303000	22.483000
50081.680210	-19.609000	-1.341000	-7.392000	-0.665000	1.299000	-3.530000	18.905000	-24.780000	22.483000
50081.688910	-19.609000	-1.630000	-6.710000	-0.570000	1.307000	-3.273000	19.560000	-24.212000	23.674000
50081.698430	-19.609000	-1.285000	-5.151000	-0.503000	1.138000	-2.930000	20.213000	-24.212000	22.853000
50081.711460	-19.609000	-0.657000	-3.843000	-0.496000	0.714000	-2.456000	20.518000	-24.212000	22.853000
50081.719210	-19.609000	-0.506000	-2.550000	-0.488000	0.081000	-1.896000	20.831000	-23.733000	22.853000
50081.728920	-19.609000	-0.657000	-1.362000	-0.453000	-0.545000	-1.381000	21.606000	-23.733000	22.853000
50081.740180	-19.609000	-0.815000	-0.761000	-0.435000	-0.942000	-0.956000	21.606000	-23.733000	22.853000
50081.749270	-19.609000	-0.851000	-0.782000	-0.353000	-1.129000	-0.558000	22.180000	-23.733000	22.853000
50081.760290	-19.609000	-0.720000	-0.900000	-0.165000	-1.226000	-0.125000	22.180000	-23.733000	22.853000
50081.768250	-19.609000	-0.588000	-1.206000	0.054000	-1.297000	0.378000	22.512000	-24.052000	22.853000
50081.779270	-19.149000	-0.415000	-1.714000	0.264000	-1.370000	0.919000	22.512000	-24.052000	22.108000
50081.789250	-17.549000	-0.083000	-2.273000	0.467000	-1.476000	1.454000	22.512000	-24.400000	21.333000
50081.799010	-16.058000	0.179000	-2.671000	0.560000	-1.611000	1.708000	22.512000	-24.400000	21.333000
50081.808480	-14.823000	0.351000	-3.206000	0.720000	-1.686000	2.164000	22.077000	-24.400000	20.797000
50081.819550	-13.603000	0.484000	-3.730000	0.863000	-1.866000	2.516000	22.077000	-24.400000	20.458000
50081.828070	-12.336000	0.730000	-4.199000	1.025000	-2.084000	2.792000	22.077000	-24.400000	20.458000
50081.840400	-11.162000	1.188000	-4.747000	1.217000	-2.332000	3.047000	22.077000	-24.400000	19.805000
50081.848090	-10.141000	1.557000	-5.373000	1.409000	-2.607000	3.300000	22.077000	-24.400000	19.407000
50081.858130	-9.093000	1.697000	-5.912000	1.526000	-2.850000	3.555000	22.077000	-24.937000	18.916000
50081.868080	-8.261000	1.684000	-6.299000	1.516000	-2.988000	3.806000	22.077000	-25.994000	18.505000
50081.878060	-7.245000	1.536000	-6.249000	1.369000	-3.006000	4.047000	22.077000	-27.134000	18.505000
50081.889130	-5.756000	1.463000	-5.777000	1.110000	-2.933000	4.253000	22.077000	-28.288000	18.061000
50081.897950	-4.158000	1.708000	-5.073000	0.832000	-2.831000	4.425000	22.077000	-29.487000	17.594000
50081.907930	-2.534000	2.283000	-4.654000	0.644000	-2.802000	4.575000	22.077000	-30.406000	17.132000
50081.917940	-0.987000	2.829000	-4.615000	0.607000	-2.907000	4.647000	20.755000	-31.550000	17.132000
50081.927950	0.649000	3.269000	-4.534000	0.622000	-2.990000	4.793000	18.817000	-32.206000	15.672000
50081.940650	1.996000	3.597000	-4.348000	0.670000	-3.122000	4.934000	17.456000	-33.013000	15.330000
50081.950110	3.308000	3.777000	-4.698000	0.673000	-3.151000	5.061000	16.104000	-33.892000	14.686000
50081.961310	4.866000	4.155000	-5.072000	0.574000	-3.074000	5.143000	14.581000	-34.501000	14.686000
50081.970130	6.426000	4.581000	-4.632000	0.389000	-2.867000	5.186000	13.265000	-35.649000	14.686000
50081.981330	8.082000	5.152000	-3.864000	0.134000	-2.575000	5.189000	12.101000	-36.224000	14.207000
50081.989510	9.761000	5.717000	-2.351000	-0.154000	-2.303000	5.114000	10.571000	-37.080000	13.618000
50082.002140	11.302000	6.104000	-0.585000	-0.372000	-2.160000	4.962000	9.255000	-37.644000	13.029000
50082.008880	12.493000	6.525000	0.689000	-0.470000	-2.175000	4.753000	7.986000	-37.644000	13.029000
50082.020600	13.748000	6.983000	1.179000	-0.441000	-2.257000	4.512000	6.993000	-38.465000	12.504000
50082.028780	15.391000	7.763000	1.044000	-0.296000	-2.258000	4.284000	5.274000	-38.465000	12.504000
50082.040470	16.934000	8.705000	0.518000	-0.210000	-2.048000	4.177000	4.229000	-38.465000	12.504000
50082.048800	18.484000	9.611000	-0.104000	-0.083000	-1.841000	3.935000	3.096000	-38.867000	12.504000
50082.060490	19.485000	10.311000	-0.731000	-0.015000	-1.315000	3.585000	2.180000	-38.867000	12.504000
50082.071750	19.608000	10.772000	-1.229000	0.041000	-0.830000	3.092000	1.559000	-38.867000	12.849000
50082.079230	19.608000	10.849000	-0.980000	0.085000	-0.491000	2.479000	1.150000	-38.867000	12.849000
50082.088320	19.608000	10.680000	0.067000	0.117000	-0.307000	1.797000	1.150000	-38.867000	12.849000
50082.100160	19.336000	10.263000	1.383000	0.098000	-0.277000	1.101000	1.150000	-38.867000	12.849000
50082.108310	18.278000	9.659000	2.498000	-0.003000	-0.298000	0.432000	1.150000	-38.867000	12.849000
50082.122710	16.924000	9.206000	3.179000	-0.105000	-0.230000	-0.177000	1.646000	-38.867000	12.510000
50082.128480	15.627000	8.983000	3.669000	-0.133000	-0.006000	-0.715000	1.646000	-38.867000	12.510000
50082.141450	14.682000	8.863000	3.828000	-0.075000	0.376000	-1.172000	2.018000	-38.867000	12.510000
50082.148780	13.710000	8.504000	3.262000	0.055000	0.820000	-1.567000	2.363000	-38.867000	12.168000
50082.159270	12.486000	8.068000	2.297000	0.142000	1.234000	-1.758000	2.775000	-38.867000	12.168000
50082.168950	11.394000	7.520000	1.319000	0.350000	1.427000	-2.144000	3.622000	-38.867000	12.168000
50082.180640	10.354000	7.047000	0.430000	0.570000	1.783000	-2.521000	4.058000	-38.867000	12.168000
50082.188970	9.295000	6.851000	-0.453000	0.747000	2.073000	-2.863000	4.524000	-38.867000	12.168000
50082.199650	8.341000	6.861000	-1.311000	0.870000	2.298000	-3.146000	5.000000	-38.867000	12.168000
50082.208440	6.920000	6.791000	-2.233000	0.977000	2.443000	-3.384000	5.302000	-38.867000	12.168000
50082.221530	5.045000	6.563000	-3.282000	1.088000	2.492000	-3.625000	6.347000	-38.867000	12.168000
50082.229010	3.261000	6.102000	-4.447000	1.213000	2.467000	-3.887000	7.147000	-38.867000	12.509000
50082.241550	1.989000	5.440000	-5.197000	1.339000	2.373000	-4.129000	8.453000	-38.867000	12.509000
50082.250490	1.120000	5.006000	-5.355000	1.381000	2.254000	-4.318000	9.663000	-38.175000	13.912000
50082.261630	0.535000	5.072000	-5.477000	1.275000	2.178000	-4.392000	10.920000	-36.936000	14.620000
50082.269050	-0.101000	5.646000	-5.602000	1.024000	2.145000	-4.309000	11.965000	-35.824000	15.452000
50082.281440	-1.103000	6.029000	-5.814000	0.856000	2.231000	-4.223000	11.965000	-34.898000	16.273000
50082.289070	-2.734000	5.671000	-6.419000	0.486000	2.359000	-4.029000	12.504000	-34.213000	16.273000
50082.302460	-4.687000	4.897000	-7.344000	0.158000	2.761000	-3.938000	13.356000	-33.454000	17.166000
50082.308720	-6.095000	4.090000	-8.211000	-0.003000	3.189000	-4.049000	13.821000	-32.736000	17.747000
50082.320100	-7.266000	3.598000	-8.644000	0.073000	3.444000	-4.284000	14.585000	-31.781000	18.815000
50082.329990	-8.787000	3.112000	-9.079000	0.286000	3.377000	-4.469000	15.039000	-30.897000	19.123000
50082.339880	-9.272000	3.079000	-8.886000	0.424000	2.992000	-4.515000	16.064000	-30.024000	20.161000
50082.349190	-9.106000	3.596000	-8.122000	0.350000	2.478000	-4.411000	16.497000	-29.359000	20.161000
50082.360420	-9.152000	4.164000	-7.487000	0.082000	2.077000	-4.117000	16.824000	-28.883000	20.739000
50082.370030	-9.692000	4.408000	-7.323000	-0.307000	1.857000	-3.743000	17.126000	-28.883000	20.739000
50082.380340	-10.543000	4.147000	-7.232000	-0.680000	1.825000	-3.502000	17.126000	-27.929000	21.197000
50082.389960	-10.907000	3.713000	-6.931000	-0.916000	1.953000	-3.451000	17.463000	-27.929000	21.197000
50082.399910	-12.804000	2.875000	-7.005000	-0.975000	2.101000	-3.473000	18.025000	-27.262000	21.197000
50082.420380	-17.265000	0.289000	-6.995000	-1.055000	2.072000	-3.670000	18.936000	-26.943000	21.197000
50082.431490	-18.152000	-0.016000	-6.048000	-1.071000	1.873000	-3.727000	18.936000	-26.322000	21.197000
50082.440070	-18.595000	0.202000	-5.003000	-1.078000	1.572000	-3.585000	19.628000	-25.930000	21.197000
50082.449590	-19.125000	0.138000	-3.836000	-1.071000	1.106000	-3.228000	20.155000	-25.930000	20.556000
50082.460450	-19.609000	-0.218000	-2.498000	-1.055000	0.506000	-2.812000	20.626000	-25.930000	20.556000
50082.471870	-19.609000	-0.817000	-1.202000	-1.066000	-0.033000	-2.456000	21.313000	-25.312000	20.556000
50082.482090	-19.609000	-1.501000	-0.251000	-1.122000	-0.378000	-2.133000	21.618000	-25.312000	20.556000
50082.488800	-19.609000	-2.227000	0.508000	-1.161000	-0.544000	-1.805000	21.618000	-25.312000	20.556000
50082.499970	-19.609000	-2.800000	1.182000	-1.124000	-0.597000	-1.458000	22.358000	-25.312000	20.556000
50082.510990	-19.609000	-2.964000	1.949000	-0.969000	-0.640000	-1.047000	22.358000	-25.312000	20.556000
50082.522040	-19.609000	-2.768000	2.489000	-0.835000	-0.806000	-0.802000	23.010000	-25.755000	20.027000
50082.529240	-19.609000	-2.476000	2.787000	-0.454000	-0.962000	-0.221000	23.010000	-25.755000	18.989000
50082.541450	-19.609000	-2.442000	2.713000	0.027000	-1.403000	0.424000	23.432000	-25.755000	18.362000
50082.549260	-19.479000	-2.646000	2.055000	0.527000	-1.898000	1.032000	23.986000	-25.755000	17.991000
50082.560550	-18.912000	-2.853000	0.663000	1.007000	-2.299000	1.529000	23.986000	-25.755000	17.228000
50082.570960	-17.961000	-2.941000	-0.982000	1.490000	-2.557000	1.928000	23.986000	-25.755000	16.921000
50082.579810	-16.780000	-2.963000	-2.154000	1.975000	-2.715000	2.298000	23.986000	-25.755000	16.921000
50082.591400	-15.374000	-2.839000	-3.263000	2.408000	-2.830000	2.692000	23.568000	-25.454000	16.175000
50082.599770	-13.856000	-2.608000	-4.339000	2.697000	-2.957000	3.147000	23.568000	-25.454000	16.175000
50082.611180	-12.233000	-2.363000	-5.095000	2.793000	-3.074000	3.657000	23.214000	-25.454000	16.175000
50082.621460	-10.695000	-2.194000	-5.584000	2.705000	-3.068000	4.180000	23.214000	-25.454000	16.175000
50082.629250	-8.954000	-1.900000	-6.228000	2.465000	-2.886000	4.660000	23.214000	-25.782000	16.175000
50082.641510	-7.074000	-1.578000	-6.633000	2.314000	-2.580000	4.876000	23.214000	-27.117000	16.535000
50082.649300	-5.076000	-1.230000	-6.798000	2.020000	-2.419000	5.260000	22.384000	-28.991000	16.535000
50082.662910	-2.857000	-0.601000	-7.100000	1.771000	-2.127000	5.591000	21.133000	-30.058000	16.867000
50082.668830	-0.254000	0.198000	-7.015000	1.566000	-1.921000	5.898000	19.371000	-31.332000	16.867000
50082.681520	2.431000	0.792000	-7.077000	1.401000	-1.855000	6.194000	17.074000	-32.403000	16.490000
50082.689240	5.874000	1.741000	-8.064000	1.244000	-1.869000	6.428000	15.197000	-33.326000	16.490000
50082.700200	9.431000	3.771000	-9.974000	1.120000	-1.900000	6.532000	13.729000	-34.107000	16.178000
50082.710000	11.587000	5.737000	-10.925000	1.120000	-1.996000	6.498000	11.874000	-34.107000	16.178000
50082.719390	12.689000	6.290000	-10.468000	1.180000	-2.169000	6.324000	10.736000	-35.009000	16.178000
50082.729620	13.555000	5.935000	-8.653000	1.072000	-2.377000	5.981000	9.239000	-35.417000	16.178000
50082.740450	14.630000	5.760000	-5.963000	0.611000	-2.510000	5.541000	8.245000	-35.787000	16.178000
50082.749850	16.175000	5.942000	-3.195000	-0.184000	-2.395000	5.175000	7.052000	-36.601000	16.178000
50082.760810	18.069000	6.393000	-0.953000	-0.626000	-1.957000	5.052000	5.412000	-36.601000	15.846000
50082.768960	19.560000	7.414000	0.186000	-1.371000	-1.659000	4.874000	4.461000	-37.237000	15.846000
50082.781470	19.608000	9.020000	-0.618000	-1.699000	-1.058000	4.673000	3.125000	-37.582000	15.846000
50082.791510	19.608000	10.610000	-2.180000	-1.533000	-0.648000	4.378000	1.995000	-37.582000	15.519000
50082.799960	19.608000	11.567000	-3.441000	-1.002000	-0.528000	3.943000	1.193000	-37.582000	15.519000
50082.809970	19.608000	11.644000	-3.581000	-0.432000	-0.555000	3.332000	0.108000	-37.582000	15.519000
50082.820620	19.608000	10.873000	-2.396000	-0.140000	-0.509000	2.589000	0.108000	-37.582000	15.101000
50082.831730	19.608000	9.780000	-0.269000	-0.222000	-0.305000	1.796000	0.108000	-37.582000	14.784000
50082.842410	18.936000	9.115000	2.007000	-0.564000	-0.022000	1.026000	-0.442000	-37.582000	14.344000
50082.851870	18.055000	9.020000	3.759000	-0.932000	0.218000	0.352000	-0.442000	-37.582000	13.412000
50082.860420	17.231000	9.173000	5.074000	-1.122000	0.368000	-0.184000	-0.016000	-37.582000	13.098000
50082.869910	16.434000	9.111000	5.787000	-1.078000	0.421000	-0.621000	-0.016000	-37.902000	12.777000
50082.881840	15.529000	8.690000	5.572000	-0.871000	0.447000	-1.035000	0.723000	-37.902000	12.402000
50082.890990	14.720000	8.551000	4.791000	-0.738000	0.495000	-1.472000	0.723000	-37.902000	11.866000
50082.901460	13.867000	8.374000	3.637000	-0.462000	0.556000	-1.695000	1.440000	-37.902000	11.866000
50082.911840	12.987000	8.192000	2.136000	-0.208000	0.853000	-2.099000	1.954000	-37.902000	11.421000
50082.920410	11.683000	8.106000	0.430000	0.026000	1.356000	-2.421000	2.490000	-37.902000	11.949000
50082.931800	9.884000	7.788000	-0.921000	0.215000	1.893000	-2.697000	2.906000	-38.302000	11.561000
50082.940590	8.048000	7.134000	-1.572000	0.312000	2.391000	-2.977000	2.906000	-38.302000	11.962000
50082.950050	6.009000	6.394000	-1.771000	0.348000	2.801000	-3.301000	3.640000	-38.302000	11.962000
50082.960540	4.286000	5.593000	-1.563000	0.385000	3.010000	-3.653000	4.467000	-38.621000	11.962000
50082.981540	3.035000	5.264000	-1.229000	0.581000	2.664000	-4.162000	6.887000	-38.621000	11.962000
50082.989230	2.102000	5.435000	-1.378000	0.653000	2.323000	-4.191000	8.129000	-38.621000	11.962000
50083.000680	0.877000	5.754000	-2.078000	0.656000	2.125000	-4.156000	9.115000	-38.621000	11.962000
50083.011660	-0.732000	5.309000	-3.089000	0.595000	2.127000	-4.060000	9.857000	-38.621000	11.962000
50083.022430	-2.300000	4.686000	-4.245000	0.494000	2.338000	-4.010000	10.946000	-38.621000	11.962000
50083.029210	-3.719000	4.362000	-5.091000	0.434000	2.700000	-4.015000	11.740000	-38.621000	11.962000
50083.041660	-4.624000	4.130000	-5.540000	0.447000	2.993000	-3.987000	12.239000	-38.621000	11.962000
50083.049260	-5.028000	4.073000	-5.485000	0.476000	3.068000	-3.884000	12.802000	-37.805000	12.968000
50083.061530	-4.799000	4.257000	-4.728000	0.387000	2.965000	-3.698000	13.452000	-36.836000	13.768000
50083.071690	-5.523000	4.779000	-4.025000	0.099000	2.888000	-3.457000	14.082000	-36.161000	14.518000
50083.080750	-7.468000	4.450000	-4.131000	-0.274000	2.930000	-3.255000	14.082000	-35.449000	14.518000
50083.090000	-9.233000	3.688000	-4.826000	-0.476000	3.092000	-3.225000	14.082000	-34.854000	14.933000
50083.101110	-10.564000	3.478000	-5.304000	-0.330000	3.235000	-3.322000	15.342000	-34.379000	15.310000
50083.111550	-11.390000	3.539000	-5.936000	0.072000	3.063000	-3.393000	15.780000	-33.638000	16.142000
50083.120300	-12.089000	3.415000	-6.147000	0.289000	2.494000	-3.398000	16.563000	-33.129000	16.670000
50083.129340	-12.549000	3.127000	-6.084000	0.607000	2.142000	-3.324000	16.992000	-32.153000	17.156000
50083.141730	-12.842000	3.355000	-5.909000	0.602000	1.532000	-3.107000	17.390000	-31.658000	17.926000
50083.151550	-13.445000	3.810000	-5.754000	0.227000	1.265000	-2.746000	17.390000	-31.658000	17.926000
50083.160830	-14.381000	3.849000	-5.771000	-0.317000	1.448000	-2.323000	17.037000	-31.150000	17.926000
50083.171850	-15.566000	3.858000	-5.819000	-0.752000	1.921000	-1.980000	17.037000	-31.150000	18.348000
50083.180850	-16.578000	4.032000	-6.051000	-0.959000	2.344000	-1.768000	17.037000	-31.539000	18.348000
50083.191440	-17.681000	4.062000	-6.239000	-0.975000	2.470000	-1.640000	17.037000	-31.210000	18.348000
50083.201970	-18.769000	3.620000	-6.230000	-0.847000	2.264000	-1.585000	17.037000	-31.210000	18.348000
50083.209900	-19.535000	3.196000	-5.890000	-0.612000	1.744000	-1.579000	17.457000	-31.210000	18.348000
50083.219490	-19.609000	2.843000	-5.149000	-0.371000	0.929000	-1.531000	18.064000	-31.210000	18.348000
50083.231450	-19.609000	2.317000	-3.927000	-0.225000	-0.016000	-1.374000	18.064000	-30.876000	17.961000
50083.240940	-19.609000	1.977000	-2.547000	-0.196000	-0.854000	-1.250000	18.064000	-30.876000	17.961000
50083.250460	-19.609000	1.996000	-1.527000	-0.197000	-1.177000	-0.891000	18.786000	-30.876000	17.961000
50083.261810	-19.609000	1.952000	-1.225000	-0.246000	-1.597000	-0.361000	18.786000	-30.876000	17.961000
50083.271430	-19.609000	1.929000	-1.990000	-0.319000	-1.691000	0.288000	18.786000	-30.876000	17.961000
50083.279880	-19.609000	2.186000	-3.274000	-0.352000	-1.507000	0.963000	18.786000	-30.876000	17.961000
50083.289490	-18.589000	2.348000	-4.189000	-0.315000	-1.211000	1.592000	18.786000	-30.876000	17.961000
50083.299440	-16.133000	2.422000	-4.594000	-0.188000	-1.014000	2.115000	18.786000	-30.876000	17.961000
50083.309700	-13.594000	2.527000	-4.536000	0.035000	-1.176000	2.490000	18.786000	-30.876000	17.961000
50083.319580	-11.457000	2.599000	-4.087000	0.279000	-1.737000	2.741000	18.786000	-30.876000	17.205000
50083.330720	-10.050000	2.571000	-3.376000	0.447000	-2.480000	2.901000	18.786000	-30.876000	16.191000
50083.339390	-9.085000	2.096000	-2.654000	0.501000	-3.144000	3.016000	18.786000	-31.626000	15.013000
50083.350250	-8.212000	1.550000	-1.994000	0.443000	-3.547000	3.135000	18.786000	-32.617000	14.701000
50083.361480	-7.201000	1.429000	-1.669000	0.386000	-3.660000	3.213000	18.786000	-33.399000	13.964000
50083.371460	-5.900000	1.550000	-1.838000	0.273000	-3.627000	3.423000	18.075000	-34.481000	13.964000
50083.383760	-4.013000	1.935000	-2.257000	0.230000	-3.454000	3.695000	17.213000	-35.256000	13.165000
50083.390290	-1.834000	2.677000	-2.595000	0.236000	-3.219000	3.997000	15.885000	-35.966000	12.605000
50083.399390	0.317000	3.516000	-2.907000	0.208000	-2.967000	4.279000	14.787000	-36.889000	12.605000
50083.412170	2.069000	4.226000	-2.801000	0.129000	-2.757000	4.474000	12.881000	-37.300000	11.727000
50083.421450	3.344000	4.600000	-1.929000	-0.010000	-2.613000	4.531000	11.293000	-38.354000	11.727000
50083.430480	4.293000	4.439000	-0.675000	-0.250000	-2.497000	4.450000	10.159000	-38.957000	11.727000
50083.441590	5.325000	4.450000	0.392000	-0.577000	-2.402000	4.272000	8.709000	-39.279000	10.707000
50083.451300	6.110000	4.688000	1.485000	-0.840000	-2.276000	4.062000	7.781000	-39.279000	10.267000
50083.461610	7.165000	5.084000	2.258000	-0.865000	-2.122000	3.878000	6.602000	-39.820000	10.267000
50083.471930	8.476000	5.874000	2.208000	-0.625000	-2.068000	3.745000	5.238000	-40.354000	10.267000
50083.481480	9.601000	6.666000	1.438000	-0.444000	-2.121000	3.690000	4.292000	-40.354000	9.890000
50083.489600	11.065000	7.111000	-0.029000	-0.051000	-2.138000	3.577000	3.071000	-40.354000	9.890000
50083.499640	12.530000	7.974000	-1.477000	0.282000	-2.078000	3.441000	2.223000	-40.354000	9.890000
50083.510620	13.656000	8.583000	-1.904000	0.433000	-1.870000	3.290000	0.924000	-40.354000	10.394000
50083.519660	14.584000	8.536000	-1.201000	0.337000	-1.530000	3.111000	-0.080000	-40.013000	10.394000
50083.529610	15.227000	8.477000	-0.184000	0.061000	-1.155000	2.846000	-0.619000	-40.013000	10.394000
50083.539650	15.952000	8.555000	0.914000	-0.229000	-0.885000	2.504000	-1.335000	-40.013000	10.394000
50083.549750	16.579000	8.859000	1.831000	-0.378000	-0.786000	2.149000	-1.335000	-40.013000	10.394000
50083.562660	17.213000	9.264000	2.303000	-0.341000	-0.769000	1.808000	-2.230000	-40.013000	10.394000
50083.573150	17.801000	9.695000	1.732000	-0.167000	-0.751000	1.484000	-2.833000	-40.013000	9.919000
50083.581330	18.146000	10.385000	0.561000	0.075000	-0.670000	1.164000	-2.833000	-40.013000	9.919000
50083.592690	17.952000	10.953000	-0.183000	0.306000	-0.456000	0.819000	-2.833000	-40.013000	9.919000
50083.600470	17.182000	10.946000	-0.212000	0.393000	-0.162000	0.623000	-2.833000	-40.350000	9.919000
50083.609740	15.921000	10.475000	0.822000	0.461000	-0.028000	0.178000	-2.833000	-40.350000	9.570000
50083.620270	14.583000	9.852000	2.307000	0.376000	0.147000	-0.319000	-1.911000	-40.350000	9.570000
50083.631110	13.403000	9.484000	3.561000	0.200000	0.216000	-0.812000	-1.911000	-40.350000	9.570000
50083.640350	12.462000	9.197000	4.348000	0.042000	0.264000	-1.222000	-1.103000	-40.350000	9.570000
50083.651250	12.009000	9.214000	4.463000	-0.002000	0.369000	-1.525000	-0.735000	-40.350000	9.570000
50083.662080	11.945000	9.451000	3.537000	0.094000	0.565000	-1.749000	-0.350000	-40.350000	9.570000
50083.671700	11.775000	9.656000	1.838000	0.329000	0.831000	-1.934000	-0.350000	-40.350000	9.570000
50083.682040	11.102000	9.698000	0.378000	0.670000	1.104000	-2.135000	-0.350000	-40.350000	9.570000
50083.691590	9.946000	9.271000	-0.851000	0.981000	1.326000	-2.414000	0.090000	-40.350000	9.570000
50083.700750	8.567000	8.992000	-1.558000	1.138000	1.465000	-2.776000	0.825000	-40.350000	9.570000
50083.711730	6.907000	8.866000	-1.970000	1.125000	1.527000	-3.152000	2.116000	-40.350000	9.570000
50083.720520	4.969000	8.417000	-2.905000	1.071000	1.584000	-3.321000	3.442000	-40.350000	9.971000
50083.732120	2.574000	7.652000	-3.770000	0.919000	1.623000	-3.623000	4.899000	-40.350000	9.971000
50083.750740	-0.585000	6.330000	-3.950000	0.694000	1.791000	-4.075000	7.858000	-40.350000	10.443000
50083.760590	-0.731000	6.441000	-3.502000	0.599000	1.715000	-4.150000	8.547000	-39.984000	10.443000
50083.772010	-0.042000	7.150000	-2.689000	0.509000	1.454000	-4.057000	9.994000	-39.984000	10.952000
50083.780700	0.184000	8.081000	-1.823000	0.374000	1.118000	-3.831000	11.169000	-39.984000	11.273000
50083.791900	-1.107000	7.840000	-1.816000	0.114000	0.918000	-3.613000	11.985000	-39.527000	11.738000
50083.800540	-3.209000	6.393000	-2.748000	-0.234000	0.976000	-3.569000	12.617000	-39.155000	11.738000
50083.812230	-5.608000	4.882000	-3.590000	-0.508000	1.305000	-3.776000	13.644000	-38.412000	11.738000
50083.821630	-7.596000	3.743000	-3.868000	-0.603000	1.803000	-4.054000	14.587000	-37.690000	11.738000
50083.832550	-8.684000	3.055000	-3.600000	-0.561000	2.131000	-4.213000	16.101000	-37.043000	11.738000
50083.841460	-9.051000	2.926000	-2.878000	-0.508000	2.031000	-4.229000	16.673000	-35.968000	11.738000
50083.850350	-9.025000	3.314000	-1.895000	-0.396000	1.838000	-4.118000	17.898000	-35.310000	12.107000
50083.861450	-9.309000	3.694000	-1.252000	-0.392000	1.350000	-3.843000	18.638000	-34.635000	12.107000
50083.872140	-10.546000	3.478000	-0.854000	-0.576000	0.987000	-3.509000	19.554000	-34.082000	12.500000
50083.882660	-12.328000	2.894000	-1.130000	-0.876000	0.953000	-3.260000	20.167000	-34.082000	12.500000
50083.891150	-14.095000	2.287000	-1.748000	-1.097000	1.246000	-3.188000	20.588000	-33.171000	12.846000
50083.901650	-15.217000	1.839000	-2.184000	-1.063000	1.600000	-3.230000	21.495000	-32.608000	12.846000
50083.911660	-16.658000	1.517000	-2.447000	-0.787000	1.717000	-3.255000	21.937000	-31.643000	12.846000
50083.925850	-18.250000	0.983000	-2.600000	-0.463000	1.488000	-3.216000	22.460000	-31.002000	12.846000
50083.930120	-19.178000	0.707000	-2.109000	-0.259000	1.006000	-3.101000	23.153000	-30.699000	13.230000
50083.942690	-19.574000	0.857000	-0.967000	-0.259000	0.485000	-2.871000	23.744000	-30.244000	13.230000
50083.951210	-19.609000	0.816000	0.121000	-0.459000	0.100000	-2.494000	24.345000	-29.618000	13.230000
50083.960300	-19.609000	0.594000	0.801000	-0.586000	-0.121000	-2.268000	24.345000	-29.618000	13.230000
50083.970280	-19.609000	0.602000	1.347000	-0.779000	-0.184000	-1.809000	25.019000	-29.618000	13.230000
50083.980230	-19.609000	0.594000	1.557000	-0.850000	-0.243000	-1.374000	25.019000	-29.618000	13.230000
50083.990360	-19.609000	0.540000	1.756000	-0.826000	-0.240000	-0.958000	25.019000	-29.618000	13.230000
50084.000030	-19.609000	0.680000	1.999000	-0.681000	-0.265000	-0.555000	25.473000	-29.618000	13.230000
50084.010010	-18.972000	0.965000	2.193000	-0.421000	-0.433000	-0.128000	24.995000	-29.618000	13.230000
50084.020020	-17.560000	1.210000	2.388000	-0.084000	-0.791000	0.322000	24.995000	-29.618000	13.230000
50084.030030	-16.440000	1.330000	2.320000	0.265000	-1.288000	0.741000	25.436000	-29.618000	12.889000
50084.040040	-15.407000	1.338000	1.872000	0.592000	-1.810000	1.092000	25.056000	-29.919000	12.022000
50084.053470	-14.428000	1.355000	1.225000	0.905000	-2.251000	1.385000	25.056000	-29.919000	11.288000
50084.061590	-13.557000	1.531000	0.160000	1.185000	-2.572000	1.656000	25.056000	-29.919000	10.243000
50084.072540	-12.818000	1.711000	-0.956000	1.383000	-2.770000	1.940000	25.056000	-29.919000	9.912000
50084.082680	-11.844000	1.867000	-1.847000	1.439000	-2.828000	2.092000	24.621000	-29.919000	9.912000
50084.092230	-10.455000	2.337000	-2.411000	1.469000	-2.800000	2.399000	24.621000	-29.919000	9.112000
50084.104500	-8.975000	2.901000	-2.450000	1.412000	-2.672000	2.702000	24.621000	-29.919000	8.712000
50084.111450	-7.630000	3.276000	-2.292000	1.337000	-2.563000	2.981000	24.928000	-30.258000	8.712000
50084.121010	-6.602000	3.556000	-2.022000	1.312000	-2.594000	3.179000	24.928000	-31.755000	8.163000
50084.132600	-5.869000	3.774000	-1.688000	1.321000	-2.795000	3.288000	24.928000	-32.872000	7.504000
50084.141330	-5.201000	3.923000	-1.348000	1.320000	-3.053000	3.354000	24.084000	-34.092000	7.504000
50084.152230	-4.501000	3.813000	-1.430000	1.286000	-3.235000	3.435000	22.187000	-34.722000	6.985000
50084.160220	-3.107000	3.966000	-1.862000	1.202000	-3.262000	3.563000	20.610000	-35.507000	6.985000
50084.172180	-1.004000	4.749000	-2.364000	1.108000	-3.123000	3.741000	19.201000	-36.508000	6.326000
50084.181710	1.166000	5.735000	-2.868000	1.042000	-2.890000	3.950000	17.733000	-37.254000	6.326000
50084.192330	3.028000	6.707000	-2.945000	1.003000	-2.672000	4.128000	16.494000	-38.247000	6.326000
50084.201150	4.426000	7.384000	-2.709000	0.991000	-2.556000	4.180000	15.342000	-38.774000	6.326000
50084.212620	5.020000	7.386000	-1.902000	0.928000	-2.534000	4.192000	14.312000	-39.173000	6.326000
50084.220770	5.476000	6.926000	-0.651000	0.729000	-2.502000	4.083000	12.998000	-40.110000	6.326000
50084.231330	5.983000	6.449000	0.622000	0.338000	-2.399000	3.879000	12.190000	-40.937000	6.326000
50084.243170	6.473000	6.479000	1.784000	-0.180000	-2.121000	3.644000	10.748000	-40.937000	5.824000
50084.251500	7.212000	6.740000	2.106000	-0.564000	-1.710000	3.439000	9.683000	-41.590000	5.824000
50084.261480	8.432000	7.247000	2.047000	-0.590000	-1.406000	3.298000	8.465000	-41.590000	5.523000
50084.271880	9.919000	7.900000	1.524000	-0.305000	-1.343000	3.198000	7.521000	-42.002000	5.523000
50084.286320	11.386000	8.460000	0.859000	0.076000	-1.419000	3.100000	6.401000	-42.002000	5.523000
50084.290470	12.422000	8.981000	0.378000	0.410000	-1.514000	2.974000	5.389000	-42.002000	5.523000
50084.301640	13.022000	9.042000	0.356000	0.610000	-1.571000	2.782000	4.574000	-42.430000	5.523000
50084.311890	13.295000	8.801000	0.464000	0.635000	-1.494000	2.522000	3.683000	-42.430000	5.122000
50084.322480	13.439000	8.937000	0.438000	0.586000	-1.258000	2.372000	2.774000	-42.430000	5.122000
50084.331880	13.958000	9.318000	0.440000	0.416000	-1.098000	2.056000	2.372000	-42.430000	5.122000
50084.343050	14.545000	9.793000	0.524000	0.277000	-0.741000	1.767000	1.982000	-42.430000	5.122000
50084.351570	15.188000	10.145000	0.490000	0.244000	-0.427000	1.494000	1.982000	-42.430000	5.122000
50084.360780	15.568000	10.534000	0.352000	0.317000	-0.259000	1.186000	1.293000	-42.102000	5.122000
50084.372040	15.384000	10.834000	0.139000	0.486000	-0.273000	0.838000	1.293000	-42.102000	5.122000
50084.381690	14.730000	10.625000	-0.027000	0.662000	-0.404000	0.463000	1.293000	-42.102000	5.122000
50084.391970	13.772000	10.272000	0.460000	0.733000	-0.496000	0.058000	1.875000	-42.102000	5.122000
50084.401770	12.963000	10.247000	1.315000	0.641000	-0.416000	-0.349000	2.233000	-42.102000	5.122000
50084.412940	12.097000	10.280000	2.110000	0.382000	-0.126000	-0.719000	2.233000	-42.472000	5.122000
50084.420690	11.103000	10.138000	2.577000	0.097000	0.278000	-1.018000	2.940000	-42.472000	5.122000
50084.431740	10.166000	9.823000	2.702000	-0.051000	0.697000	-1.274000	3.268000	-42.472000	5.122000
50084.442080	9.486000	9.518000	2.518000	-0.069000	1.057000	-1.407000	3.268000	-42.472000	5.122000
50084.451790	8.841000	9.272000	1.669000	-0.026000	1.213000	-1.676000	4.064000	-42.472000	5.474000
50084.465120	8.171000	8.993000	0.841000	0.104000	1.478000	-1.912000	4.064000	-42.472000	5.474000
50084.470770	7.874000	8.969000	0.782000	0.311000	1.639000	-2.125000	4.064000	-42.472000	5.474000
50084.483220	7.775000	9.390000	0.968000	0.526000	1.721000	-2.329000	4.583000	-42.472000	5.894000
50084.492100	7.303000	9.339000	0.722000	0.655000	1.752000	-2.509000	5.497000	-42.472000	5.894000
50084.501250	6.130000	8.589000	0.178000	0.695000	1.682000	-2.691000	6.938000	-42.472000	6.219000
50084.512180	4.316000	7.642000	-0.702000	0.728000	1.604000	-2.927000	8.172000	-42.472000	6.219000
50084.523040	2.322000	6.590000	-1.887000	0.761000	1.659000	-3.212000	9.318000	-42.019000	6.573000
50084.532080	0.825000	5.854000	-2.947000	0.757000	1.848000	-3.485000	10.771000	-42.019000	6.573000
50084.541750	-0.232000	5.843000	-3.582000	0.715000	2.107000	-3.638000	11.758000	-41.227000	6.996000
50084.551640	-0.976000	6.453000	-3.621000	0.617000	2.365000	-3.620000	12.771000	-40.383000	7.563000
50084.563330	-2.008000	6.634000	-3.282000	0.549000	2.528000	-3.486000	13.494000	-39.248000	8.316000
50084.571110	-3.315000	6.091000	-3.063000	0.390000	2.531000	-3.412000	14.271000	-38.406000	8.746000
50084.581820	-4.643000	5.403000	-2.931000	0.240000	2.481000	-3.332000	15.237000	-37.750000	9.934000
50084.593450	-5.418000	4.814000	-2.895000	0.141000	2.331000	-3.377000	15.692000	-36.972000	9.934000
50084.601810	-5.526000	4.493000	-2.740000	0.113000	2.181000	-3.450000	17.124000	-36.123000	10.490000
50084.612830	-5.157000	4.837000	-2.561000	0.106000	2.086000	-3.412000	17.497000	-35.314000	10.490000
50084.623360	-5.224000	5.843000	-2.640000	0.047000	2.070000	-3.217000	17.955000	-34.976000	11.560000
50084.632850	-6.731000	6.151000	-3.006000	-0.102000	2.144000	-2.909000	18.778000	-34.397000	12.391000
50084.646150	-9.191000	5.300000	-4.020000	-0.339000	2.348000	-2.613000	18.264000	-33.979000	13.162000
50084.651620	-11.317000	4.438000	-4.946000	-0.564000	2.723000	-2.530000	18.775000	-33.622000	13.726000
50084.663910	-12.378000	4.189000	-5.276000	-0.601000	3.117000	-2.649000	19.108000	-32.763000	14.251000
50084.672240	-12.708000	4.262000	-4.651000	-0.462000	3.218000	-2.756000	19.108000	-32.431000	14.251000
50084.692170	-12.531000	4.117000	-3.502000	-0.176000	2.292000	-2.580000	20.069000	-31.350000	15.341000
50084.701390	-11.924000	4.020000	-2.418000	-0.079000	1.929000	-2.472000	20.469000	-30.924000	14.976000
50084.712190	-11.220000	4.869000	-1.556000	-0.172000	1.320000	-2.169000	20.109000	-30.924000	15.541000
50084.721740	-12.069000	5.544000	-1.295000	-0.475000	1.093000	-1.781000	20.109000	-30.603000	15.541000
50084.732180	-13.783000	5.278000	-1.753000	-0.838000	1.307000	-1.487000	20.109000	-30.926000	15.541000
50084.743200	-15.750000	4.740000	-2.546000	-0.996000	1.794000	-1.410000	20.109000	-30.610000	15.895000
50084.751680	-17.611000	4.360000	-3.211000	-0.867000	2.168000	-1.422000	20.109000	-30.610000	15.895000
50084.763190	-19.169000	3.992000	-3.861000	-0.594000	2.135000	-1.405000	20.109000	-30.210000	15.895000
50084.772830	-19.609000	3.819000	-4.226000	-0.305000	1.713000	-1.308000	20.109000	-30.210000	15.895000
50084.781040	-19.609000	3.773000	-3.431000	-0.110000	1.090000	-1.099000	20.109000	-30.210000	16.195000
50084.791660	-19.609000	3.716000	-2.125000	-0.107000	0.444000	-0.794000	20.109000	-30.210000	16.195000
50084.801520	-19.246000	3.909000	-1.022000	-0.159000	-0.133000	-0.615000	20.109000	-30.210000	15.351000
50084.812110	-18.648000	4.139000	-0.139000	-0.264000	-0.380000	-0.231000	20.109000	-30.210000	15.658000
50084.823400	-18.001000	4.244000	0.446000	-0.278000	-0.750000	0.162000	20.434000	-30.560000	15.658000
50084.832160	-17.312000	4.158000	0.696000	-0.212000	-0.982000	0.538000	20.434000	-30.560000	15.658000
50084.841710	-16.662000	4.102000	0.504000	-0.104000	-1.127000	0.889000	20.434000	-30.560000	15.658000
50084.851630	-16.027000	3.978000	0.055000	0.055000	-1.214000	1.215000	20.790000	-30.259000	15.658000
50084.863250	-14.861000	3.816000	-0.376000	0.288000	-1.309000	1.527000	20.790000	-30.259000	15.658000
50084.871980	-13.267000	3.952000	-0.784000	0.549000	-1.478000	1.833000	20.790000	-30.259000	15.658000
50084.882450	-11.468000	4.319000	-1.313000	0.776000	-1.716000	2.143000	20.790000	-30.259000	15.658000
50084.892190	-10.048000	4.712000	-1.972000	0.928000	-1.965000	2.438000	20.790000	-30.259000	15.658000
50084.901000	-9.098000	4.902000	-2.513000	0.987000	-2.130000	2.672000	20.790000	-30.259000	15.658000
50084.911780	-8.405000	4.891000	-2.856000	0.952000	-2.199000	2.826000	20.790000	-30.612000	15.319000
50084.922060	-8.033000	4.727000	-3.085000	0.907000	-2.201000	2.880000	20.790000	-31.173000	14.947000
50084.932130	-7.454000	4.621000	-3.366000	0.795000	-2.191000	2.962000	20.394000	-32.106000	14.494000
50084.941100	-6.551000	4.747000	-3.501000	0.698000	-2.194000	3.037000	19.462000	-32.771000	14.089000
50084.953650	-5.474000	4.931000	-3.417000	0.632000	-2.250000	3.143000	18.299000	-33.934000	13.720000
50084.962650	-4.202000	5.021000	-2.968000	0.569000	-2.349000	3.257000	17.214000	-34.439000	13.108000
50084.973210	-2.906000	5.035000	-2.327000	0.482000	-2.506000	3.332000	16.305000	-35.020000	13.108000
50084.981140	-1.645000	5.164000	-1.988000	0.373000	-2.690000	3.366000	15.635000	-35.693000	12.596000
50084.992530	-0.707000	5.446000	-1.825000	0.299000	-2.859000	3.366000	14.865000	-36.523000	12.596000
50085.006960	-0.136000	5.455000	-1.975000	0.296000	-2.983000	3.350000	14.331000	-36.523000	12.022000
50085.011390	0.450000	5.329000	-2.325000	0.351000	-3.026000	3.321000	13.366000	-37.164000	12.022000
50085.022070	1.510000	5.667000	-3.032000	0.425000	-2.970000	3.319000	12.677000	-37.709000	11.534000
50085.032080	2.984000	6.409000	-3.615000	0.450000	-2.842000	3.414000	11.462000	-38.272000	11.534000
50085.042150	4.494000	6.997000	-3.530000	0.415000	-2.639000	3.490000	10.322000	-38.272000	11.534000
50085.051240	5.740000	7.061000	-2.619000	0.213000	-2.504000	3.617000	9.547000	-39.010000	11.534000
50085.061220	6.478000	6.895000	-1.068000	-0.155000	-2.211000	3.622000	8.671000	-39.430000	10.705000
50085.073060	7.231000	6.603000	0.331000	-0.560000	-1.976000	3.479000	7.543000	-39.776000	10.705000
50085.081390	8.125000	6.531000	1.389000	-0.848000	-1.837000	3.262000	6.758000	-40.528000	9.974000
50085.092230	9.038000	6.974000	1.871000	-0.946000	-1.723000	3.037000	5.737000	-40.528000	9.480000
50085.101930	10.244000	7.462000	1.541000	-0.777000	-1.625000	2.815000	4.978000	-41.090000	9.480000
50085.112160	11.527000	7.886000	0.851000	-0.349000	-1.665000	2.613000	4.467000	-40.574000	9.179000
50085.122200	12.368000	8.525000	0.093000	0.144000	-1.800000	2.406000	3.657000	-40.574000	9.179000
50085.133950	12.572000	8.725000	-1.007000	0.498000	-1.891000	2.166000	3.657000	-40.574000	9.179000
50085.143440	12.509000	8.609000	-2.023000	0.662000	-1.860000	1.910000	2.529000	-40.574000	9.179000
50085.151740	12.619000	8.833000	-2.113000	0.611000	-1.622000	1.656000	2.529000	-40.574000	9.179000
50085.163820	13.029000	9.134000	-1.484000	0.502000	-1.169000	1.538000	1.914000	-40.574000	9.179000
50085.172460	13.509000	9.436000	-0.470000	0.217000	-0.914000	1.336000	1.512000	-40.574000	9.179000
