50053.270630	-1.893000	9.949000	-0.399000	0.491000	0.141000	0.109000	6.288000	-39.808000	8.427000
50053.280160	-1.991000	9.872000	-0.224000	0.462000	0.099000	0.060000	6.288000	-39.808000	8.427000
50053.293550	-2.157000	9.740000	0.010000	0.370000	0.043000	0.017000	6.288000	-39.808000	8.862000
50053.301980	-2.221000	9.621000	0.292000	0.230000	0.008000	-0.002000	6.288000	-39.492000	8.862000
50053.313730	-2.157000	9.569000	0.648000	0.090000	0.012000	-0.012000	5.969000	-39.492000	8.862000
50053.322970	-2.222000	9.602000	0.914000	-0.010000	0.055000	-0.005000	5.969000	-39.492000	9.222000
50053.333710	-2.387000	9.538000	0.935000	-0.057000	0.097000	0.005000	5.969000	-39.492000	9.222000
50053.342810	-2.289000	9.504000	0.955000	-0.031000	0.087000	-0.002000	5.969000	-39.492000	9.222000
50053.350220	-2.127000	9.520000	0.904000	-0.002000	0.046000	-0.009000	5.969000	-39.492000	9.222000
50053.363800	-2.167000	9.561000	0.660000	0.049000	0.028000	-0.008000	5.969000	-39.492000	9.585000
50053.371160	-2.131000	9.616000	0.491000	0.077000	0.001000	0.006000	5.969000	-39.492000	9.585000
50053.381810	-2.135000	9.625000	0.433000	0.081000	0.000000	0.012000	5.969000	-39.183000	9.585000
50053.390600	-2.229000	9.654000	0.517000	0.053000	0.043000	0.009000	5.969000	-39.183000	9.585000
50053.402170	-2.345000	9.567000	0.716000	0.008000	0.095000	-0.010000	5.969000	-39.183000	9.985000
50053.411380	-2.568000	9.430000	1.018000	-0.023000	0.100000	-0.050000	5.969000	-39.183000	9.985000
50053.422640	-2.759000	9.324000	1.333000	-0.040000	0.047000	-0.106000	5.969000	-39.183000	9.985000
50053.431860	-2.877000	9.192000	1.544000	-0.041000	-0.034000	-0.159000	5.969000	-39.183000	9.985000
50053.443360	-3.030000	9.061000	1.624000	-0.029000	-0.113000	-0.172000	5.969000	-39.183000	9.985000
50053.451390	-3.067000	9.000000	1.580000	-0.013000	-0.145000	-0.144000	5.969000	-39.183000	9.985000
50053.461920	-3.026000	8.990000	1.573000	0.002000	-0.121000	-0.097000	5.969000	-39.183000	9.985000
50053.474310	-2.910000	9.007000	1.410000	0.009000	-0.052000	-0.063000	5.969000	-39.183000	9.985000
50053.481910	-2.779000	9.139000	1.283000	0.030000	-0.011000	0.015000	5.969000	-39.183000	9.985000
50053.492070	-2.693000	9.248000	1.015000	0.057000	0.072000	0.079000	5.969000	-39.183000	10.289000
50053.502290	-2.475000	9.363000	0.842000	0.088000	0.141000	0.124000	5.969000	-39.183000	10.289000
50053.511940	-2.351000	9.373000	0.733000	0.119000	0.181000	0.153000	5.969000	-39.183000	10.289000
50053.522190	-2.342000	9.399000	0.624000	0.133000	0.179000	0.162000	5.969000	-39.183000	10.289000
50053.532200	-2.377000	9.395000	0.620000	0.130000	0.155000	0.149000	5.969000	-39.183000	10.289000
50053.540620	-2.382000	9.343000	0.621000	0.129000	0.121000	0.122000	5.969000	-39.183000	10.289000
50053.551790	-2.316000	9.346000	0.721000	0.108000	0.079000	0.097000	5.969000	-39.183000	10.289000
50053.562500	-2.300000	9.370000	0.805000	0.078000	0.056000	0.084000	5.969000	-39.183000	10.289000
50053.572240	-2.349000	9.430000	0.810000	0.069000	0.041000	0.082000	5.969000	-39.183000	10.289000
50053.581210	-2.342000	9.459000	0.905000	0.080000	0.020000	0.077000	5.969000	-39.183000	10.289000
50053.590790	-2.254000	9.536000	0.775000	0.091000	0.011000	0.077000	5.969000	-39.183000	10.289000
50053.601630	-2.216000	9.699000	0.526000	0.106000	0.012000	0.089000	5.969000	-39.183000	10.289000
50053.611210	-2.220000	9.743000	0.358000	0.097000	0.027000	0.111000	5.653000	-39.183000	10.289000
50053.623970	-2.232000	9.683000	0.225000	0.089000	0.077000	0.130000	5.653000	-39.183000	10.289000
50053.631290	-2.166000	9.635000	0.296000	0.081000	0.144000	0.144000	5.653000	-39.183000	10.289000
50053.641700	-2.185000	9.609000	0.315000	0.044000	0.201000	0.167000	5.653000	-39.183000	10.649000
50053.656380	-2.373000	9.422000	0.496000	-0.032000	0.267000	0.198000	5.653000	-39.183000	10.649000
50053.660740	-2.568000	9.160000	0.924000	-0.125000	0.341000	0.233000	5.314000	-39.183000	10.649000
50053.671270	-2.780000	8.955000	1.480000	-0.241000	0.442000	0.279000	5.314000	-39.183000	10.649000
50053.681680	-3.138000	8.715000	1.896000	-0.377000	0.587000	0.351000	5.314000	-39.183000	10.649000
50053.692600	-3.297000	8.714000	2.142000	-0.492000	0.773000	0.450000	4.965000	-39.183000	10.649000
50053.701660	-3.288000	8.661000	2.260000	-0.564000	0.987000	0.571000	4.965000	-39.183000	10.649000
50053.713380	-3.184000	8.570000	2.424000	-0.581000	1.233000	0.644000	4.656000	-39.183000	10.649000
50053.721650	-3.071000	8.539000	2.498000	-0.572000	1.353000	0.809000	4.656000	-39.183000	10.649000
50053.730810	-3.080000	8.478000	2.674000	-0.517000	1.555000	0.958000	3.924000	-39.183000	10.649000
50053.742160	-3.373000	8.089000	2.924000	-0.467000	1.700000	1.090000	2.595000	-39.183000	10.649000
50053.751380	-3.573000	7.802000	2.928000	-0.447000	1.834000	1.226000	1.393000	-39.183000	10.649000
50053.762490	-3.782000	7.570000	3.171000	-0.472000	2.020000	1.381000	0.192000	-39.183000	10.649000
50053.770910	-3.749000	7.378000	3.376000	-0.560000	2.296000	1.593000	-1.574000	-39.520000	10.957000
50053.782960	-3.490000	7.125000	4.016000	-0.696000	2.678000	1.865000	-3.350000	-39.520000	10.957000
50053.792000	-3.102000	6.888000	4.572000	-0.843000	3.107000	2.167000	-4.859000	-39.520000	10.957000
50053.801670	-2.509000	6.833000	5.151000	-0.979000	3.535000	2.458000	-6.993000	-39.848000	10.957000
50053.813210	-1.936000	6.811000	5.452000	-1.069000	3.903000	2.726000	-9.312000	-39.848000	10.957000
50053.822150	-1.209000	6.800000	5.223000	-1.087000	4.218000	2.984000	-11.528000	-39.848000	10.612000
50053.837010	-0.781000	6.835000	4.872000	-1.064000	4.529000	3.110000	-13.040000	-40.150000	10.612000
50053.840920	-0.319000	6.961000	4.475000	-0.988000	4.680000	3.361000	-15.093000	-40.150000	10.612000
50053.851230	0.239000	7.040000	3.944000	-0.946000	5.013000	3.607000	-16.836000	-40.150000	10.116000
50053.861000	0.444000	6.990000	3.928000	-0.946000	5.380000	3.846000	-19.273000	-40.150000	8.230000
50053.870980	1.032000	6.795000	3.997000	-0.988000	5.689000	4.064000	-21.289000	-40.150000	6.668000
50053.880990	1.903000	6.652000	4.716000	-1.093000	5.964000	4.250000	-23.017000	-40.150000	4.217000
50053.890970	2.424000	6.647000	5.794000	-1.291000	6.201000	4.432000	-24.528000	-40.150000	1.824000
50053.901400	2.869000	6.448000	6.598000	-1.557000	6.472000	4.614000	-25.910000	-37.644000	-0.077000
50053.913950	3.319000	6.170000	7.104000	-1.775000	6.803000	4.752000	-27.131000	-35.887000	-2.693000
50053.922670	4.214000	6.437000	7.185000	-1.871000	7.094000	4.846000	-27.906000	-33.610000	-4.998000
50053.932560	5.185000	6.687000	6.812000	-1.867000	7.340000	4.922000	-27.906000	-31.568000	-7.603000
50053.941660	5.722000	6.668000	6.698000	-1.823000	7.500000	4.956000	-28.700000	-29.815000	-10.678000
50053.952310	6.898000	6.085000	6.624000	-1.786000	7.526000	4.937000	-28.700000	-27.642000	-13.375000
50053.964150	7.486000	5.899000	6.763000	-1.681000	7.470000	4.800000	-28.700000	-25.607000	-15.751000
50053.970920	8.562000	6.616000	7.474000	-1.541000	7.189000	4.578000	-28.115000	-23.489000	-17.935000
50053.982430	9.267000	7.227000	8.817000	-1.404000	6.815000	4.338000	-27.703000	-21.873000	-20.216000
50053.991030	9.021000	7.080000	9.306000	-1.363000	6.569000	4.107000	-26.834000	-20.538000	-23.335000
50054.001290	8.112000	6.647000	8.759000	-1.428000	6.537000	3.813000	-25.273000	-18.510000	-26.496000
50054.013890	6.860000	6.424000	7.985000	-1.459000	6.652000	3.381000	-24.124000	-17.416000	-27.516000
50054.021820	6.033000	6.387000	8.477000	-1.428000	6.776000	2.916000	-22.546000	-15.916000	-29.063000
50054.031040	5.555000	6.381000	9.459000	-1.506000	6.748000	2.573000	-21.446000	-15.020000	-30.581000
50054.041230	5.184000	6.336000	9.318000	-1.759000	6.343000	2.365000	-21.446000	-13.973000	-32.331000
50054.053990	5.057000	6.489000	8.729000	-1.964000	5.573000	2.183000	-20.071000	-12.805000	-33.444000
50054.061990	4.824000	6.812000	8.747000	-1.874000	4.758000	1.963000	-20.071000	-11.877000	-34.873000
50054.072510	4.837000	7.046000	9.327000	-1.601000	4.172000	1.679000	-18.911000	-11.038000	-35.443000
50054.083900	4.500000	7.035000	9.533000	-1.469000	3.658000	1.513000	-18.222000	-10.691000	-36.497000
50054.092870	3.471000	6.701000	9.203000	-1.246000	3.344000	1.168000	-17.520000	-10.691000	-36.039000
50054.102600	2.669000	6.296000	8.928000	-1.003000	2.589000	0.815000	-17.520000	-9.963000	-36.755000
50054.112400	2.413000	6.258000	9.115000	-0.710000	1.846000	0.466000	-16.964000	-9.963000	-36.268000
50054.125160	2.061000	6.282000	9.251000	-0.516000	1.310000	0.212000	-16.627000	-9.553000	-37.380000
50054.133790	1.726000	6.224000	8.982000	-0.488000	1.033000	0.111000	-16.004000	-9.553000	-37.016000
50054.145450	1.327000	6.092000	8.540000	-0.521000	0.951000	0.105000	-15.611000	-9.553000	-37.733000
50054.155740	0.788000	5.772000	8.186000	-0.532000	0.985000	0.136000	-15.101000	-8.958000	-37.733000
50054.172800	0.018000	5.403000	7.841000	-0.669000	1.356000	0.243000	-13.890000	-8.372000	-39.546000
50054.182770	-0.675000	5.025000	7.810000	-0.802000	1.645000	0.305000	-13.160000	-8.010000	-40.122000
50054.196630	-1.046000	4.648000	8.179000	-0.869000	1.933000	0.339000	-13.160000	-8.010000	-39.704000
50054.201330	-1.014000	4.397000	8.520000	-0.984000	2.055000	0.419000	-12.112000	-7.298000	-40.939000
50054.213200	-0.619000	4.454000	8.851000	-1.022000	2.191000	0.540000	-11.488000	-7.298000	-40.939000
50054.223420	-0.420000	4.515000	9.003000	-0.947000	2.159000	0.685000	-11.163000	-6.665000	-40.939000
50054.232460	-0.277000	4.463000	9.013000	-0.807000	2.042000	0.792000	-10.572000	-6.665000	-40.939000
50054.241730	-0.143000	4.508000	8.991000	-0.695000	1.908000	0.867000	-10.165000	-6.321000	-41.482000
50054.251230	0.265000	4.474000	8.618000	-0.690000	1.857000	0.944000	-9.101000	-6.321000	-41.482000
50054.261300	-1.084000	4.363000	8.144000	-0.755000	1.929000	1.001000	-9.469000	-5.870000	-42.257000
50054.273080	-1.692000	4.575000	8.179000	-0.810000	2.054000	1.015000	-9.469000	-5.467000	-42.820000
50054.281440	-1.387000	4.590000	7.606000	-0.826000	2.114000	1.011000	-8.767000	-5.467000	-42.820000
50054.292910	-1.289000	4.234000	7.468000	-0.810000	2.069000	1.011000	-8.435000	-5.096000	-43.246000
50054.302740	-0.933000	3.938000	8.203000	-0.799000	1.992000	1.000000	-8.435000	-4.426000	-42.906000
50054.312570	-0.429000	4.095000	8.908000	-0.790000	1.792000	1.006000	-8.435000	-4.426000	-43.301000
50054.324710	0.050000	4.360000	9.283000	-0.739000	1.599000	1.048000	-8.128000	-3.941000	-43.301000
50054.332400	0.350000	4.474000	9.575000	-0.637000	1.108000	1.077000	-8.128000	-3.941000	-42.948000
50054.342600	0.384000	4.479000	9.670000	-0.499000	0.667000	1.040000	-8.518000	-3.941000	-43.367000
50054.352390	0.330000	4.521000	9.540000	-0.365000	0.332000	0.959000	-8.518000	-3.521000	-43.367000
50054.361210	0.137000	4.509000	9.254000	-0.285000	0.090000	0.877000	-8.518000	-3.521000	-42.930000
50054.373480	-0.268000	4.427000	8.906000	-0.281000	-0.018000	0.802000	-8.940000	-3.521000	-42.930000
50054.381230	-0.635000	4.429000	8.941000	-0.342000	0.002000	0.727000	-8.940000	-3.521000	-42.930000
50054.391240	-0.753000	4.297000	9.065000	-0.437000	0.088000	0.664000	-8.940000	-3.521000	-43.344000
50054.401280	-0.693000	4.056000	9.043000	-0.540000	0.167000	0.650000	-8.940000	-3.202000	-43.344000
50054.413880	-0.585000	3.910000	8.946000	-0.625000	0.232000	0.677000	-8.592000	-3.202000	-43.344000
50054.422060	-0.602000	3.912000	9.093000	-0.692000	0.319000	0.720000	-8.592000	-2.688000	-43.759000
50054.433900	-0.654000	3.825000	9.497000	-0.727000	0.408000	0.740000	-8.592000	-2.688000	-43.759000
50054.443330	-0.795000	3.719000	9.773000	-0.793000	0.445000	0.765000	-8.592000	-2.186000	-43.759000
50054.453280	-0.884000	3.619000	9.959000	-0.794000	0.479000	0.757000	-8.592000	-1.853000	-44.070000
50054.463840	-0.919000	3.594000	9.915000	-0.674000	0.429000	0.733000	-8.592000	-1.853000	-44.070000
50054.472690	-0.690000	3.652000	9.826000	-0.472000	0.314000	0.720000	-8.592000	-1.373000	-44.070000
50054.482820	-0.369000	3.722000	9.476000	-0.255000	0.159000	0.727000	-8.592000	-1.373000	-44.070000
50054.492410	-0.278000	3.727000	8.778000	-0.073000	0.011000	0.744000	-8.592000	-1.373000	-44.070000
50054.504640	-0.277000	3.880000	8.302000	0.027000	-0.093000	0.748000	-8.592000	-1.373000	-44.070000
50054.512580	-0.299000	4.051000	8.394000	0.007000	-0.100000	0.736000	-8.921000	-1.043000	-44.070000
50054.521580	-0.134000	4.115000	8.657000	-0.134000	-0.010000	0.705000	-8.921000	-1.043000	-44.070000
50054.532900	0.113000	4.062000	8.840000	-0.342000	0.094000	0.666000	-8.921000	-0.639000	-44.374000
50054.542060	0.246000	3.947000	8.990000	-0.559000	0.210000	0.644000	-8.921000	-0.639000	-44.374000
50054.559760	0.151000	3.734000	9.024000	-0.658000	0.360000	0.633000	-9.280000	-0.186000	-44.374000
50054.564400	-0.175000	3.562000	8.997000	-0.831000	0.441000	0.586000	-9.280000	-0.186000	-44.374000
50054.574130	-0.672000	3.469000	8.945000	-1.042000	0.611000	0.440000	-9.280000	0.234000	-44.374000
50054.583040	-1.008000	3.545000	9.158000	-1.083000	0.884000	0.385000	-9.280000	0.749000	-44.374000
50054.593910	-1.072000	3.499000	9.208000	-1.094000	0.945000	0.298000	-9.280000	1.184000	-44.700000
50054.604340	-1.047000	3.253000	8.944000	-1.018000	0.980000	0.260000	-9.280000	1.725000	-44.700000
50054.611610	-1.006000	3.120000	8.562000	-0.868000	0.889000	0.246000	-9.280000	2.206000	-44.700000
50054.624030	-0.938000	3.191000	8.310000	-0.702000	0.709000	0.216000	-9.280000	2.206000	-44.700000
50054.632600	-0.860000	3.195000	8.234000	-0.582000	0.518000	0.164000	-9.280000	2.905000	-44.700000
50054.643960	-1.081000	3.185000	7.954000	-0.510000	0.373000	0.107000	-9.280000	2.905000	-44.700000
50054.652010	-1.266000	3.111000	7.786000	-0.455000	0.212000	0.033000	-8.956000	3.385000	-45.050000
50054.662820	-0.946000	2.828000	7.694000	-0.393000	-0.009000	-0.041000	-8.956000	3.710000	-45.050000
50054.672310	-0.535000	2.576000	7.919000	-0.362000	-0.278000	-0.063000	-8.956000	3.710000	-45.050000
50054.683870	-0.010000	2.693000	8.407000	-0.294000	-0.427000	-0.059000	-8.956000	4.084000	-45.050000
50054.692600	0.469000	3.196000	8.932000	-0.221000	-0.766000	-0.023000	-8.956000	4.084000	-45.050000
50054.703100	0.888000	3.767000	9.471000	-0.153000	-1.158000	0.011000	-8.956000	4.084000	-45.050000
50054.712680	1.612000	3.930000	9.981000	-0.123000	-1.537000	0.024000	-8.956000	4.084000	-45.050000
50054.722810	1.660000	3.541000	10.575000	-0.170000	-1.773000	-0.008000	-8.956000	4.084000	-45.050000
50054.735050	1.623000	3.089000	10.839000	-0.211000	-1.775000	-0.091000	-8.956000	4.084000	-45.050000
50054.743960	1.412000	2.963000	10.713000	-0.185000	-1.633000	-0.226000	-8.956000	4.084000	-45.050000
50054.751770	1.210000	3.100000	10.391000	-0.084000	-1.507000	-0.383000	-9.533000	4.533000	-45.050000
50054.763890	1.095000	3.193000	9.971000	0.063000	-1.384000	-0.518000	-9.927000	4.533000	-45.050000
50054.771790	0.913000	3.323000	9.487000	0.236000	-1.239000	-0.580000	-10.234000	4.898000	-45.050000
50054.785130	1.028000	3.458000	9.327000	0.389000	-1.170000	-0.583000	-10.585000	4.898000	-44.685000
50054.791840	1.621000	3.612000	9.643000	0.441000	-1.199000	-0.572000	-10.585000	4.898000	-44.685000
50054.802130	2.088000	3.707000	9.904000	0.471000	-1.231000	-0.542000	-10.949000	5.244000	-44.165000
50054.813180	2.185000	3.870000	10.364000	0.414000	-1.287000	-0.549000	-11.326000	5.244000	-44.165000
50054.823950	1.990000	4.108000	11.133000	0.332000	-1.275000	-0.628000	-11.326000	5.244000	-43.778000
50054.833130	1.799000	3.691000	11.221000	0.257000	-1.165000	-0.750000	-11.326000	5.244000	-43.394000
50054.844370	1.219000	2.820000	10.967000	0.181000	-1.021000	-0.862000	-11.326000	5.244000	-43.394000
50054.851840	0.301000	2.187000	10.363000	0.101000	-0.804000	-0.965000	-11.326000	5.558000	-42.657000
50054.865700	-0.512000	1.873000	9.643000	0.024000	-0.426000	-1.035000	-11.326000	5.558000	-42.657000
50054.871890	-0.806000	1.811000	9.112000	-0.020000	-0.005000	-1.008000	-11.326000	5.558000	-42.657000
50054.881900	-0.588000	1.921000	8.970000	-0.038000	0.311000	-0.856000	-11.326000	5.558000	-42.657000
50054.892220	-0.095000	2.169000	9.208000	-0.065000	0.491000	-0.631000	-11.636000	5.558000	-42.657000
50054.902230	0.339000	2.537000	9.822000	-0.122000	0.535000	-0.430000	-11.636000	5.558000	-42.657000
50054.918430	0.746000	2.750000	10.506000	-0.161000	0.495000	-0.353000	-11.636000	5.558000	-42.340000
50054.921910	0.751000	2.785000	10.779000	-0.238000	0.472000	-0.244000	-11.636000	5.558000	-42.340000
50054.934060	0.584000	2.772000	10.190000	-0.256000	0.438000	-0.194000	-11.636000	5.558000	-42.340000
50054.944370	0.417000	2.852000	9.363000	-0.168000	0.431000	-0.192000	-11.636000	5.863000	-42.340000
50054.952030	0.477000	3.020000	8.264000	-0.026000	0.453000	-0.212000	-11.236000	5.863000	-42.005000
50054.964330	0.371000	3.264000	7.400000	0.057000	0.507000	-0.207000	-11.236000	5.863000	-42.005000
50054.973480	0.522000	3.331000	7.135000	-0.001000	0.572000	-0.161000	-10.784000	5.863000	-42.005000
50054.984320	0.640000	3.246000	7.560000	-0.220000	0.676000	-0.071000	-10.784000	5.863000	-42.005000
50054.992530	0.220000	3.352000	8.233000	-0.512000	0.806000	0.042000	-10.784000	5.863000	-41.688000
50055.002080	-0.465000	2.930000	9.222000	-0.755000	0.868000	0.143000	-10.784000	5.863000	-41.688000
50055.015360	-0.831000	2.331000	9.982000	-0.905000	0.852000	0.170000	-10.784000	6.271000	-41.688000
50055.023290	-1.163000	1.410000	10.642000	-0.967000	0.821000	-0.006000	-10.298000	6.271000	-41.273000
50055.032050	-1.121000	0.497000	11.316000	-0.971000	0.829000	-0.164000	-10.298000	6.602000	-41.273000
50055.044930	-1.110000	0.126000	11.286000	-0.930000	0.865000	-0.464000	-9.820000	6.602000	-41.273000
50055.052070	-0.970000	0.297000	11.083000	-0.798000	1.001000	-0.520000	-9.820000	7.752000	-41.273000
50055.065430	-0.524000	1.445000	11.292000	-0.550000	1.095000	-0.286000	-8.381000	8.403000	-40.931000
50055.072090	-0.300000	2.179000	10.168000	-0.274000	1.134000	0.073000	-7.208000	8.981000	-40.931000
50055.085300	-0.360000	2.429000	8.784000	-0.060000	1.195000	0.352000	-6.169000	8.981000	-40.931000
50055.097630	-0.465000	2.602000	8.591000	0.087000	1.290000	0.413000	-5.722000	8.981000	-40.931000
50055.101930	-0.550000	2.673000	8.960000	0.154000	1.362000	0.287000	-5.128000	9.461000	-40.568000
50055.112680	-1.010000	2.502000	9.312000	0.163000	1.230000	0.114000	-5.128000	9.461000	-40.568000
50055.125340	-1.466000	2.242000	9.199000	0.222000	0.860000	-0.059000	-5.128000	9.461000	-40.568000
50055.132150	-1.948000	1.947000	8.742000	0.374000	0.439000	-0.236000	-4.707000	9.461000	-40.269000
50055.145790	-2.178000	1.864000	8.495000	0.544000	0.126000	-0.358000	-5.035000	8.984000	-40.269000
50055.152170	-2.191000	2.102000	8.343000	0.600000	-0.080000	-0.381000	-5.035000	8.984000	-40.269000
50055.165810	-2.118000	2.434000	7.936000	0.613000	-0.160000	-0.338000	-5.035000	8.984000	-39.961000
50055.172180	-1.975000	2.686000	7.530000	0.514000	-0.302000	-0.211000	-5.035000	8.984000	-39.961000
50055.183960	-1.703000	2.504000	7.591000	0.344000	-0.378000	-0.063000	-5.035000	9.333000	-39.961000
50055.193670	-1.330000	2.291000	8.013000	0.113000	-0.345000	0.064000	-5.337000	9.333000	-39.961000
50055.202180	-0.931000	2.451000	8.596000	-0.149000	-0.270000	0.156000	-5.337000	9.333000	-39.961000
50055.214210	-0.873000	2.375000	9.181000	-0.429000	-0.238000	0.254000	-5.337000	9.333000	-39.961000
50055.225010	-0.807000	2.277000	9.350000	-0.643000	-0.206000	0.359000	-5.030000	9.646000	-39.961000
50055.233890	-0.654000	2.297000	9.212000	-0.655000	-0.189000	0.392000	-5.030000	9.646000	-39.961000
50055.242830	-0.277000	2.513000	8.935000	-0.515000	-0.307000	0.406000	-5.030000	9.646000	-39.961000
50055.254890	0.089000	2.718000	8.733000	-0.386000	-0.490000	0.441000	-5.030000	9.646000	-39.961000
50055.264380	0.248000	2.854000	8.709000	-0.326000	-0.603000	0.472000	-5.030000	9.646000	-39.961000
50055.277900	0.392000	2.859000	8.797000	-0.314000	-0.675000	0.478000	-5.030000	9.646000	-39.961000
50055.282200	0.576000	2.758000	9.035000	-0.301000	-0.722000	0.467000	-5.030000	9.646000	-39.961000
50055.293770	0.898000	2.635000	9.264000	-0.282000	-0.841000	0.429000	-5.818000	9.646000	-39.961000
50055.302560	1.052000	2.495000	9.462000	-0.244000	-0.994000	0.369000	-6.661000	9.646000	-39.961000
50055.314890	1.222000	2.392000	9.886000	-0.201000	-1.165000	0.290000	-7.650000	9.646000	-39.961000
50055.324620	1.297000	2.321000	10.223000	-0.158000	-1.308000	0.201000	-8.343000	9.646000	-39.961000
50055.333870	1.219000	2.184000	10.424000	-0.098000	-1.413000	0.117000	-8.941000	9.646000	-39.961000
50055.344730	1.065000	2.021000	10.536000	-0.033000	-1.493000	0.046000	-9.747000	9.646000	-39.961000
50055.352390	0.868000	1.894000	10.400000	0.012000	-1.523000	0.000000	-10.203000	9.971000	-39.562000
50055.364320	0.698000	1.830000	10.122000	0.038000	-1.483000	-0.020000	-10.728000	9.971000	-39.562000
50055.373020	0.609000	1.852000	9.847000	0.039000	-1.388000	-0.009000	-11.297000	9.971000	-39.562000
50055.384740	0.660000	1.859000	9.658000	0.008000	-1.246000	0.034000	-11.839000	9.971000	-39.562000
50055.394540	0.850000	1.821000	9.803000	-0.018000	-1.076000	0.062000	-12.467000	10.322000	-39.163000
50055.404760	1.082000	1.744000	10.083000	-0.092000	-0.991000	0.122000	-12.467000	10.322000	-39.163000
50055.412510	1.319000	1.705000	10.336000	-0.172000	-0.848000	0.170000	-12.797000	10.322000	-39.163000
50055.422460	1.403000	1.672000	10.372000	-0.210000	-0.762000	0.199000	-13.279000	10.322000	-38.851000
50055.432470	1.305000	1.648000	10.288000	-0.184000	-0.740000	0.204000	-13.279000	10.322000	-38.851000
50055.444830	1.085000	1.590000	9.995000	-0.110000	-0.764000	0.190000	-13.859000	10.652000	-38.851000
50055.455020	0.828000	1.524000	9.640000	-0.016000	-0.778000	0.169000	-13.859000	10.652000	-38.505000
50055.464910	0.685000	1.466000	9.327000	0.071000	-0.760000	0.159000	-13.859000	10.652000	-38.505000
50055.472940	0.758000	1.515000	9.057000	0.129000	-0.736000	0.174000	-14.559000	10.652000	-38.505000
50055.484840	1.003000	1.726000	8.843000	0.151000	-0.712000	0.224000	-14.559000	10.652000	-38.136000
50055.493780	1.310000	1.919000	8.778000	0.139000	-0.697000	0.303000	-14.559000	10.652000	-38.136000
50055.503480	1.581000	2.083000	8.804000	0.108000	-0.700000	0.388000	-14.559000	10.652000	-38.136000
50055.513950	1.847000	2.178000	8.934000	0.088000	-0.704000	0.425000	-14.933000	10.652000	-37.734000
50055.523810	2.099000	2.120000	9.131000	0.052000	-0.709000	0.475000	-14.933000	10.652000	-37.734000
50055.534730	2.316000	2.052000	9.366000	0.036000	-0.745000	0.499000	-14.933000	10.652000	-37.734000
50055.542970	2.385000	2.070000	9.305000	0.050000	-0.816000	0.492000	-15.327000	10.958000	-37.290000
50055.552560	2.424000	2.209000	8.946000	0.106000	-0.912000	0.456000	-15.327000	10.958000	-37.290000
50055.563180	2.495000	2.345000	8.739000	0.186000	-1.036000	0.419000	-15.754000	10.958000	-37.290000
50055.573490	2.623000	2.435000	8.639000	0.226000	-1.114000	0.399000	-15.754000	10.958000	-36.889000
50055.585820	2.759000	2.430000	8.744000	0.171000	-1.087000	0.406000	-16.294000	10.958000	-36.889000
50055.592810	2.872000	2.383000	9.023000	0.034000	-0.987000	0.426000	-16.294000	10.958000	-36.889000
50055.603520	2.936000	2.303000	9.388000	-0.151000	-0.838000	0.451000	-16.644000	10.958000	-36.512000
50055.614690	2.913000	2.183000	9.637000	-0.347000	-0.672000	0.487000	-16.644000	11.276000	-36.512000
50055.623110	2.861000	2.082000	9.716000	-0.530000	-0.505000	0.510000	-16.950000	11.276000	-36.166000
50055.637490	2.879000	1.996000	9.767000	-0.602000	-0.317000	0.517000	-16.950000	11.276000	-36.166000
50055.643070	2.750000	1.867000	9.717000	-0.692000	-0.223000	0.530000	-16.950000	11.276000	-35.848000
50055.655030	2.529000	1.703000	9.424000	-0.728000	-0.058000	0.545000	-16.950000	11.703000	-35.848000
50055.664740	2.345000	1.617000	9.112000	-0.724000	0.049000	0.548000	-16.950000	11.703000	-35.848000
50055.674050	2.288000	1.557000	8.943000	-0.689000	0.098000	0.549000	-17.326000	12.036000	-35.453000
50055.684300	2.402000	1.502000	9.023000	-0.654000	0.118000	0.567000	-17.326000	12.036000	-35.453000
50055.694860	2.739000	1.503000	9.181000	-0.648000	0.115000	0.610000	-17.326000	12.988000	-35.453000
50055.704140	3.223000	1.607000	9.377000	-0.659000	0.077000	0.669000	-17.639000	13.505000	-35.099000
50055.714390	3.667000	1.730000	9.573000	-0.672000	0.005000	0.729000	-17.639000	14.048000	-35.099000
50055.723790	3.949000	1.678000	9.730000	-0.664000	-0.074000	0.776000	-17.639000	14.759000	-35.099000
50055.736420	3.910000	1.468000	9.887000	-0.639000	-0.145000	0.785000	-17.639000	15.336000	-34.718000
50055.744510	3.707000	1.143000	9.811000	-0.609000	-0.189000	0.738000	-17.639000	15.727000	-34.718000
50055.754550	3.401000	0.793000	9.377000	-0.551000	-0.194000	0.649000	-17.639000	16.119000	-34.718000
50055.766700	3.169000	0.584000	8.943000	-0.499000	-0.170000	0.607000	-17.639000	16.119000	-34.718000
50055.773810	3.071000	0.537000	8.507000	-0.348000	-0.161000	0.539000	-17.639000	16.578000	-34.364000
50055.787140	2.975000	0.499000	8.041000	-0.183000	-0.157000	0.507000	-17.639000	16.578000	-34.364000
50055.794100	2.935000	0.478000	7.742000	-0.056000	-0.179000	0.514000	-17.639000	16.578000	-34.364000
50055.805300	2.899000	0.497000	7.633000	0.035000	-0.194000	0.541000	-17.639000	16.578000	-34.364000
50055.817270	2.895000	0.497000	7.672000	0.089000	-0.195000	0.574000	-17.639000	16.578000	-34.011000
50055.823700	2.829000	0.439000	7.829000	0.093000	-0.203000	0.601000	-17.639000	16.578000	-34.011000
50055.836670	2.570000	0.469000	7.997000	0.082000	-0.202000	0.615000	-17.639000	17.146000	-34.011000
50055.844610	2.260000	0.497000	8.051000	0.073000	-0.171000	0.617000	-17.639000	17.146000	-34.011000
50055.865060	1.947000	0.594000	8.273000	0.102000	-0.032000	0.638000	-17.639000	17.146000	-33.689000
50055.873330	1.680000	0.651000	8.264000	0.114000	0.075000	0.650000	-17.279000	17.146000	-33.689000
50055.883370	1.545000	0.677000	8.075000	0.140000	0.124000	0.688000	-17.279000	17.146000	-33.689000
50055.894260	1.584000	0.813000	7.766000	0.181000	0.201000	0.761000	-17.279000	17.611000	-33.689000
50055.904670	2.011000	1.119000	7.722000	0.210000	0.253000	0.856000	-17.279000	17.611000	-33.380000
50055.915070	2.802000	1.503000	8.177000	0.169000	0.268000	0.967000	-17.279000	17.958000	-33.380000
50055.924900	3.737000	1.768000	9.251000	0.022000	0.249000	1.078000	-16.879000	17.958000	-33.380000
50055.934480	4.732000	1.939000	10.657000	-0.211000	0.201000	1.129000	-16.879000	17.958000	-33.380000
50055.947700	5.447000	2.025000	11.970000	-0.437000	0.114000	1.103000	-16.879000	18.405000	-33.380000
50055.952980	5.623000	1.886000	12.850000	-0.570000	-0.002000	0.981000	-16.879000	18.405000	-33.380000
50055.963810	5.337000	1.732000	13.175000	-0.595000	-0.073000	0.773000	-16.477000	18.724000	-33.380000
50055.974740	4.875000	1.752000	13.241000	-0.538000	-0.073000	0.547000	-16.477000	18.724000	-33.380000
50055.985630	4.367000	1.807000	13.097000	-0.447000	-0.013000	0.358000	-16.477000	19.096000	-33.380000
50055.996890	4.080000	1.866000	12.946000	-0.407000	0.095000	0.283000	-16.110000	19.096000	-33.380000
50056.003000	3.688000	1.920000	12.681000	-0.353000	0.172000	0.177000	-16.110000	19.456000	-33.380000
50056.016580	3.238000	2.007000	12.124000	-0.325000	0.374000	0.110000	-15.802000	19.456000	-33.380000
50056.023050	2.872000	2.110000	11.533000	-0.302000	0.634000	0.059000	-15.802000	19.827000	-33.380000
50056.035980	2.608000	2.271000	10.910000	-0.276000	0.934000	0.026000	-15.414000	19.827000	-33.380000
50056.043160	2.287000	2.447000	10.364000	-0.246000	1.221000	0.004000	-15.414000	20.132000	-33.380000
50056.053900	1.856000	2.551000	9.850000	-0.214000	1.435000	-0.029000	-13.993000	20.132000	-33.380000
50056.065590	1.398000	2.566000	9.393000	-0.159000	1.563000	-0.086000	-13.377000	20.462000	-33.380000
50056.073400	1.058000	2.598000	9.025000	-0.096000	1.617000	-0.156000	-12.969000	20.462000	-33.380000
50056.086340	0.727000	2.597000	8.738000	-0.028000	1.600000	-0.232000	-12.362000	20.767000	-33.380000
50056.094030	0.536000	2.610000	8.531000	0.062000	1.507000	-0.306000	-11.897000	20.767000	-33.744000
50056.103550	0.261000	2.702000	8.522000	0.162000	1.342000	-0.371000	-11.308000	20.767000	-33.744000
50056.115360	0.001000	2.741000	8.437000	0.205000	1.142000	-0.400000	-11.308000	21.107000	-33.744000
50056.125680	-0.063000	2.743000	8.629000	0.257000	1.044000	-0.450000	-10.923000	21.107000	-33.744000
50056.134800	-0.053000	2.698000	8.985000	0.266000	0.868000	-0.473000	-10.517000	21.107000	-33.744000
50056.145300	0.044000	2.644000	9.338000	0.209000	0.709000	-0.464000	-10.517000	21.107000	-34.130000
50056.154480	0.243000	2.593000	9.582000	0.116000	0.571000	-0.447000	-10.517000	21.107000	-34.130000
50056.165350	0.567000	2.587000	9.771000	0.063000	0.463000	-0.436000	-10.517000	21.107000	-34.130000
50056.176700	0.977000	2.621000	10.121000	0.064000	0.359000	-0.451000	-10.517000	21.107000	-34.130000
50056.183540	1.233000	2.553000	10.451000	0.107000	0.225000	-0.490000	-10.517000	21.107000	-34.553000
50056.194040	1.365000	2.456000	10.630000	0.185000	0.038000	-0.577000	-10.517000	21.107000	-34.553000
50056.204500	1.338000	2.307000	10.619000	0.289000	-0.195000	-0.710000	-10.517000	21.107000	-34.553000
50056.215120	1.302000	2.113000	10.611000	0.407000	-0.431000	-0.856000	-10.517000	21.107000	-34.867000
50056.224580	1.179000	1.882000	10.621000	0.510000	-0.638000	-0.983000	-10.517000	21.107000	-34.867000
50056.235230	1.131000	1.580000	10.719000	0.548000	-0.803000	-1.038000	-10.517000	21.107000	-34.867000
50056.244630	1.110000	1.249000	10.838000	0.586000	-0.863000	-1.129000	-10.517000	20.681000	-34.867000
50056.255280	1.123000	0.952000	11.033000	0.576000	-0.938000	-1.180000	-10.517000	20.681000	-34.867000
50056.264840	1.087000	0.752000	11.309000	0.514000	-0.960000	-1.197000	-10.517000	20.346000	-35.195000
50056.275580	1.092000	0.529000	11.195000	0.409000	-0.909000	-1.191000	-11.502000	20.346000	-35.195000
50056.284950	1.210000	0.366000	10.937000	0.330000	-0.779000	-1.165000	-12.106000	19.857000	-35.195000
50056.296120	1.340000	0.281000	10.730000	0.304000	-0.614000	-1.137000	-12.599000	19.424000	-35.195000
50056.304230	1.286000	0.205000	10.493000	0.294000	-0.438000	-1.125000	-12.994000	18.920000	-35.195000
50056.317200	1.031000	0.172000	10.089000	0.291000	-0.267000	-1.146000	-13.410000	18.518000	-35.195000
50056.323490	0.659000	0.115000	9.501000	0.296000	-0.115000	-1.191000	-13.410000	18.124000	-35.195000
50056.333620	0.366000	0.007000	9.098000	0.288000	0.037000	-1.246000	-13.410000	17.573000	-35.195000
50056.345950	0.089000	-0.127000	8.835000	0.225000	0.199000	-1.277000	-13.713000	17.199000	-35.195000
50056.357370	-0.140000	-0.270000	8.807000	0.171000	0.365000	-1.276000	-13.713000	17.199000	-35.195000
50056.363320	-0.222000	-0.488000	8.871000	0.024000	0.448000	-1.248000	-13.713000	17.199000	-35.195000
50056.375980	-0.120000	-0.614000	9.043000	-0.165000	0.632000	-1.191000	-13.713000	16.609000	-35.195000
50056.383700	-0.111000	-0.612000	9.330000	-0.386000	0.842000	-1.113000	-13.383000	16.609000	-35.195000
50056.396340	-0.057000	-0.722000	9.697000	-0.605000	1.064000	-1.017000	-13.383000	16.609000	-35.195000
50056.403390	0.142000	-0.950000	10.021000	-0.784000	1.250000	-0.921000	-13.383000	16.609000	-35.195000
50056.417240	0.284000	-1.144000	10.352000	-0.893000	1.360000	-0.827000	-13.383000	16.609000	-35.195000
50056.423590	0.283000	-1.318000	10.609000	-0.923000	1.400000	-0.730000	-13.383000	16.609000	-35.195000
50056.433930	0.246000	-1.491000	10.578000	-0.895000	1.381000	-0.640000	-13.383000	16.609000	-35.195000
50056.443490	0.340000	-1.521000	10.420000	-0.821000	1.299000	-0.543000	-13.383000	16.609000	-35.195000
50056.453470	0.552000	-1.384000	10.297000	-0.728000	1.197000	-0.427000	-13.020000	16.609000	-35.195000
50056.463410	1.081000	-1.244000	10.256000	-0.645000	1.092000	-0.278000	-12.596000	16.609000	-35.195000
50056.474920	1.705000	-1.109000	10.443000	-0.612000	0.956000	-0.196000	-11.878000	16.609000	-35.566000
50056.484230	2.084000	-1.079000	10.707000	-0.581000	0.876000	-0.037000	-11.473000	16.609000	-35.566000
50056.493320	2.241000	-1.214000	11.026000	-0.574000	0.711000	0.086000	-11.473000	16.609000	-35.566000
50056.503300	2.338000	-1.382000	11.368000	-0.548000	0.555000	0.151000	-11.000000	16.609000	-35.566000
50056.513310	2.512000	-1.492000	11.632000	-0.488000	0.393000	0.188000	-10.624000	16.609000	-35.566000
50056.525640	2.815000	-1.545000	11.823000	-0.411000	0.243000	0.244000	-10.624000	16.609000	-35.566000
50056.537300	3.194000	-1.423000	11.923000	-0.332000	0.112000	0.334000	-10.624000	16.609000	-35.893000
50056.545540	3.528000	-1.220000	11.764000	-0.246000	0.009000	0.437000	-10.252000	16.609000	-35.893000
50056.557650	3.662000	-1.028000	11.338000	-0.126000	-0.064000	0.508000	-10.252000	17.002000	-35.893000
50056.564790	3.739000	-0.807000	10.850000	0.045000	-0.120000	0.529000	-10.252000	17.002000	-35.893000
50056.577730	3.733000	-0.535000	10.277000	0.230000	-0.181000	0.506000	-10.252000	17.002000	-35.893000
50056.584750	3.690000	-0.314000	9.751000	0.391000	-0.277000	0.452000	-10.252000	17.350000	-35.893000
50056.594400	3.619000	-0.214000	9.388000	0.452000	-0.400000	0.421000	-10.252000	17.350000	-35.893000
50056.603670	3.655000	-0.158000	9.257000	0.513000	-0.462000	0.365000	-10.252000	17.350000	-35.893000
50056.616250	3.704000	-0.188000	9.188000	0.482000	-0.565000	0.310000	-9.883000	17.350000	-35.893000
50056.624390	3.713000	-0.249000	9.203000	0.405000	-0.640000	0.258000	-9.883000	17.350000	-35.893000
50056.634950	3.699000	-0.324000	9.429000	0.306000	-0.701000	0.209000	-9.883000	17.350000	-35.556000
50056.645880	3.689000	-0.400000	9.674000	0.185000	-0.710000	0.161000	-9.883000	17.350000	-35.556000
50056.655890	3.652000	-0.360000	9.869000	0.075000	-0.677000	0.118000	-9.883000	17.350000	-35.556000
50056.668430	3.576000	-0.167000	9.830000	-0.008000	-0.633000	0.078000	-9.883000	17.350000	-35.556000
50056.675240	3.475000	0.005000	9.730000	-0.048000	-0.576000	0.048000	-9.883000	17.350000	-35.556000
50056.685700	3.338000	0.036000	9.639000	-0.066000	-0.507000	0.022000	-9.883000	17.350000	-35.183000
50056.695040	3.084000	-0.027000	9.601000	-0.097000	-0.442000	-0.008000	-9.883000	17.350000	-35.183000
50056.706000	2.789000	-0.140000	9.668000	-0.154000	-0.396000	-0.046000	-9.883000	17.350000	-35.183000
50056.716830	2.540000	-0.290000	9.869000	-0.192000	-0.367000	-0.068000	-9.883000	17.350000	-35.183000
50056.725680	2.277000	-0.503000	10.128000	-0.270000	-0.359000	-0.103000	-9.883000	17.350000	-34.819000
50056.734470	2.024000	-0.746000	10.357000	-0.313000	-0.352000	-0.130000	-9.883000	17.350000	-34.819000
50056.746250	1.769000	-0.871000	10.499000	-0.307000	-0.375000	-0.150000	-10.186000	17.350000	-34.819000
50056.754190	1.596000	-0.901000	10.558000	-0.261000	-0.421000	-0.151000	-10.186000	17.350000	-34.819000
50056.765810	1.505000	-0.788000	10.445000	-0.193000	-0.465000	-0.124000	-10.186000	17.350000	-34.472000
50056.775550	1.387000	-0.647000	10.257000	-0.121000	-0.488000	-0.068000	-10.635000	17.350000	-34.472000
50056.783760	1.264000	-0.487000	10.135000	-0.044000	-0.497000	0.003000	-10.635000	17.350000	-34.472000
50056.796030	1.198000	-0.421000	10.080000	0.012000	-0.503000	0.073000	-10.937000	17.350000	-34.472000
50056.803780	1.245000	-0.434000	10.212000	0.038000	-0.503000	0.131000	-10.937000	17.350000	-34.472000
50056.816810	1.239000	-0.433000	10.358000	0.054000	-0.520000	0.174000	-11.241000	17.350000	-34.098000
50056.823800	1.320000	-0.381000	10.468000	0.085000	-0.583000	0.198000	-11.241000	17.350000	-34.098000
50056.835580	1.426000	-0.296000	10.642000	0.109000	-0.683000	0.205000	-11.584000	17.350000	-34.098000
50056.844760	1.408000	-0.202000	10.823000	0.173000	-0.735000	0.222000	-11.584000	17.350000	-34.098000
50056.853890	1.326000	-0.249000	10.878000	0.235000	-0.822000	0.238000	-11.907000	17.350000	-33.778000
50056.863840	1.254000	-0.249000	10.871000	0.277000	-0.881000	0.237000	-11.907000	17.350000	-33.778000
50056.873880	1.242000	-0.191000	10.824000	0.303000	-0.903000	0.242000	-12.272000	17.350000	-33.778000
50056.883890	1.220000	-0.090000	10.786000	0.319000	-0.888000	0.263000	-12.272000	17.350000	-33.778000
50056.895910	1.327000	-0.017000	10.795000	0.320000	-0.822000	0.296000	-12.623000	17.350000	-33.436000
50056.903690	1.443000	0.062000	10.931000	0.316000	-0.713000	0.326000	-12.623000	17.350000	-33.436000
50056.913700	1.469000	0.233000	11.028000	0.305000	-0.587000	0.343000	-12.989000	17.350000	-33.436000
50056.925450	1.460000	0.329000	11.050000	0.289000	-0.455000	0.359000	-12.989000	17.350000	-33.436000
50056.935370	1.355000	0.354000	10.971000	0.289000	-0.325000	0.364000	-13.348000	17.350000	-33.436000
50056.945710	1.210000	0.378000	10.861000	0.303000	-0.207000	0.356000	-13.348000	17.350000	-33.123000
50056.954870	1.153000	0.451000	10.757000	0.309000	-0.108000	0.354000	-13.348000	17.350000	-33.123000
50056.967900	1.157000	0.492000	10.726000	0.326000	-0.065000	0.357000	-13.740000	17.350000	-33.123000
50056.977390	1.141000	0.425000	10.804000	0.343000	0.004000	0.359000	-13.740000	17.350000	-33.123000
50056.985840	1.063000	0.364000	10.767000	0.348000	0.061000	0.355000	-13.740000	17.350000	-33.123000
50056.999150	1.046000	0.365000	10.631000	0.355000	0.115000	0.344000	-13.740000	17.350000	-33.123000
50057.004280	1.074000	0.374000	10.604000	0.371000	0.170000	0.339000	-14.106000	17.350000	-33.123000
50057.014470	1.149000	0.413000	10.551000	0.401000	0.221000	0.352000	-14.106000	17.350000	-33.123000
50057.025120	1.248000	0.494000	10.409000	0.429000	0.276000	0.376000	-14.106000	17.045000	-33.123000
50057.034250	1.413000	0.653000	10.355000	0.450000	0.321000	0.401000	-14.106000	17.045000	-33.123000
50057.043920	1.561000	0.722000	10.409000	0.471000	0.356000	0.424000	-14.106000	17.045000	-33.123000
50057.053960	1.725000	0.709000	10.622000	0.481000	0.384000	0.447000	-14.106000	17.045000	-33.123000
50057.063970	1.920000	0.625000	10.848000	0.478000	0.390000	0.464000	-14.106000	17.045000	-33.123000
50057.077430	2.102000	0.539000	11.040000	0.476000	0.368000	0.469000	-14.106000	16.720000	-33.123000
50057.084870	2.358000	0.472000	11.125000	0.482000	0.345000	0.474000	-14.106000	16.720000	-33.496000
50057.097020	2.692000	0.395000	11.182000	0.512000	0.283000	0.489000	-14.106000	16.720000	-33.496000
50057.105350	2.979000	0.342000	11.178000	0.561000	0.220000	0.496000	-13.710000	16.720000	-33.496000
50057.115270	3.275000	0.387000	11.024000	0.621000	0.175000	0.501000	-13.710000	16.381000	-33.496000
50057.126620	3.527000	0.591000	10.871000	0.679000	0.151000	0.498000	-13.710000	16.381000	-33.824000
50057.135380	3.578000	0.603000	10.736000	0.719000	0.154000	0.482000	-13.258000	16.381000	-33.824000
50057.147340	3.502000	0.555000	10.468000	0.728000	0.213000	0.452000	-13.258000	16.076000	-33.824000
50057.155220	3.368000	0.654000	10.163000	0.710000	0.341000	0.396000	-12.928000	16.076000	-33.824000
50057.167700	3.333000	0.749000	9.919000	0.673000	0.492000	0.321000	-12.928000	16.076000	-34.205000
50057.175850	3.284000	0.721000	9.825000	0.636000	0.630000	0.255000	-12.583000	15.725000	-34.205000
50057.186130	3.115000	0.599000	9.910000	0.582000	0.731000	0.204000	-12.583000	15.725000	-34.205000
50057.194130	2.896000	0.344000	10.239000	0.544000	0.781000	0.180000	-12.205000	15.725000	-34.567000
50057.207860	2.765000	-0.031000	10.484000	0.464000	0.785000	0.131000	-12.205000	15.347000	-34.567000
50057.214240	2.702000	-0.194000	10.683000	0.389000	0.764000	0.080000	-11.816000	15.347000	-34.567000
50057.227060	2.660000	-0.234000	10.737000	0.321000	0.733000	0.051000	-11.816000	15.347000	-34.912000
50057.234170	2.580000	-0.324000	10.678000	0.286000	0.726000	0.060000	-11.422000	14.999000	-34.912000
50057.247440	2.366000	-0.347000	10.599000	0.289000	0.741000	0.088000	-11.422000	14.999000	-34.912000
50057.256630	2.237000	-0.317000	10.435000	0.311000	0.756000	0.119000	-10.876000	14.999000	-35.226000
50057.265480	2.234000	-0.293000	10.372000	0.341000	0.763000	0.156000	-10.565000	14.642000	-35.226000
50057.277010	2.273000	-0.182000	10.332000	0.376000	0.759000	0.202000	-10.565000	14.642000	-35.226000
50057.284210	2.395000	-0.066000	10.348000	0.413000	0.733000	0.259000	-10.070000	14.642000	-35.226000
50057.296670	2.418000	-0.060000	10.649000	0.453000	0.658000	0.307000	-10.070000	14.286000	-35.658000
50057.304300	2.424000	-0.227000	10.968000	0.495000	0.556000	0.343000	-9.744000	14.286000	-35.658000
50057.317050	2.470000	-0.314000	11.082000	0.512000	0.468000	0.356000	-9.744000	14.286000	-35.658000
50057.324440	2.470000	-0.217000	10.971000	0.547000	0.428000	0.372000	-9.744000	13.935000	-36.059000
50057.337100	2.485000	0.034000	10.634000	0.610000	0.356000	0.396000	-9.330000	13.935000	-36.059000
50057.345680	2.449000	0.351000	10.108000	0.709000	0.319000	0.438000	-9.330000	13.935000	-36.059000
50057.354590	2.395000	0.706000	9.502000	0.829000	0.321000	0.490000	-8.958000	13.589000	-36.459000
50057.366920	2.397000	1.098000	8.981000	0.912000	0.342000	0.534000	-8.958000	13.589000	-36.459000
50057.374360	2.413000	1.469000	8.633000	0.931000	0.391000	0.570000	-8.586000	13.589000	-36.459000
50057.387490	2.605000	1.718000	8.740000	0.887000	0.459000	0.593000	-8.586000	13.162000	-36.833000
50057.395330	2.717000	1.796000	9.200000	0.804000	0.519000	0.596000	-8.230000	13.162000	-36.833000
50057.405920	2.608000	1.663000	9.659000	0.708000	0.530000	0.566000	-8.230000	13.162000	-37.168000
50057.416110	2.403000	1.609000	9.893000	0.624000	0.490000	0.498000	-7.893000	12.701000	-37.168000
50057.426580	2.204000	1.720000	10.001000	0.596000	0.393000	0.408000	-7.893000	12.701000	-37.168000
50057.438120	2.101000	1.896000	9.972000	0.604000	0.268000	0.368000	-7.562000	12.361000	-37.574000
50057.444770	2.160000	2.184000	9.936000	0.628000	0.208000	0.308000	-7.562000	12.361000	-37.574000
50057.456060	2.298000	2.559000	9.709000	0.609000	0.139000	0.280000	-7.562000	11.994000	-37.886000
50057.466100	2.443000	2.934000	9.298000	0.541000	0.167000	0.290000	-7.151000	11.994000	-37.886000
50057.477510	2.546000	3.342000	8.667000	0.455000	0.253000	0.321000	-7.151000	11.636000	-38.189000
50057.485480	2.763000	3.958000	7.904000	0.361000	0.336000	0.326000	-7.151000	11.636000	-38.189000
50057.497840	3.073000	4.495000	7.550000	0.266000	0.392000	0.288000	-6.768000	11.268000	-38.189000
50057.504950	3.384000	4.543000	8.077000	0.159000	0.384000	0.225000	-6.768000	11.268000	-38.594000
50057.516910	3.323000	3.898000	9.436000	0.001000	0.317000	0.130000	-6.768000	10.925000	-38.594000
50057.525210	3.013000	2.977000	10.622000	-0.201000	0.190000	-0.037000	-6.416000	10.925000	-38.594000
50057.535250	2.665000	2.375000	11.149000	-0.383000	-0.052000	-0.279000	-6.416000	10.925000	-38.594000
50057.547520	2.381000	2.223000	10.977000	-0.462000	-0.386000	-0.515000	-6.416000	10.595000	-38.967000
50057.555940	2.026000	2.396000	10.296000	-0.407000	-0.675000	-0.640000	-6.416000	10.595000	-38.967000
50057.577430	1.781000	2.848000	9.186000	-0.175000	-0.856000	-0.637000	-6.416000	10.595000	-38.967000
50057.585000	1.679000	3.532000	7.769000	-0.050000	-0.827000	-0.575000	-6.416000	10.595000	-39.277000
50057.597420	1.692000	4.423000	6.313000	-0.023000	-0.692000	-0.498000	-6.416000	10.258000	-39.277000
50057.604860	1.335000	5.131000	5.847000	-0.124000	-0.478000	-0.424000	-6.416000	10.258000	-39.277000
50057.618530	0.707000	4.832000	6.412000	-0.375000	-0.242000	-0.390000	-6.416000	10.258000	-39.277000
50057.624580	0.253000	4.000000	7.147000	-0.742000	-0.044000	-0.430000	-6.416000	10.258000	-39.277000
50057.634590	0.074000	3.561000	7.705000	-1.095000	0.041000	-0.503000	-6.779000	10.258000	-39.277000
50057.646000	0.071000	3.592000	8.232000	-1.318000	-0.000000	-0.519000	-6.779000	10.258000	-39.277000
50057.656650	0.188000	3.782000	8.497000	-1.397000	-0.146000	-0.471000	-7.415000	10.258000	-39.277000
50057.665200	0.509000	3.917000	8.475000	-1.376000	-0.375000	-0.412000	-8.125000	10.649000	-39.277000
50057.677430	0.993000	4.107000	8.153000	-1.344000	-0.642000	-0.386000	-8.790000	10.649000	-39.277000
50057.684610	1.768000	4.539000	8.562000	-1.258000	-0.781000	-0.352000	-9.390000	11.277000	-39.277000
50057.697000	2.436000	4.577000	10.017000	-1.162000	-1.075000	-0.363000	-10.200000	12.059000	-39.277000
50057.704630	2.824000	3.957000	11.265000	-1.105000	-1.385000	-0.465000	-10.958000	12.724000	-39.277000
50057.717080	2.803000	3.277000	12.056000	-1.094000	-1.682000	-0.689000	-12.078000	13.156000	-39.277000
50057.724800	2.701000	2.929000	12.185000	-1.022000	-1.925000	-0.954000	-13.119000	13.458000	-38.896000
50057.737550	2.450000	2.904000	11.732000	-0.843000	-2.092000	-1.151000	-13.758000	13.458000	-38.896000
50057.746920	2.169000	2.869000	10.936000	-0.630000	-2.169000	-1.237000	-15.119000	13.880000	-38.574000
50057.756840	1.880000	2.828000	9.908000	-0.502000	-2.119000	-1.257000	-15.698000	13.880000	-38.574000
50057.764740	1.765000	2.910000	10.005000	-0.517000	-1.956000	-1.258000	-16.554000	14.273000	-37.545000
50057.777620	1.371000	2.436000	10.646000	-0.684000	-1.709000	-1.245000	-17.538000	14.273000	-37.545000
50057.785190	0.820000	1.489000	11.053000	-0.985000	-1.399000	-1.249000	-17.538000	14.273000	-36.444000
50057.799350	0.418000	0.755000	11.192000	-1.159000	-1.043000	-1.267000	-18.278000	14.273000	-36.073000
50057.804940	0.171000	0.447000	11.099000	-1.466000	-0.843000	-1.301000	-19.099000	14.595000	-36.605000
50057.816990	0.119000	0.532000	11.032000	-1.629000	-0.433000	-1.275000	-19.099000	14.595000	-36.042000
50057.826660	0.229000	0.582000	10.912000	-1.634000	-0.093000	-1.184000	-20.028000	14.595000	-36.581000
50057.837160	0.336000	0.402000	10.230000	-1.559000	0.130000	-1.087000	-20.028000	14.595000	-36.254000
50057.847290	0.336000	0.217000	9.601000	-1.414000	0.225000	-1.042000	-20.028000	14.913000	-36.254000
50057.854800	0.369000	-0.005000	9.738000	-1.178000	0.185000	-1.053000	-20.028000	14.913000	-36.254000
50057.866640	0.378000	-0.556000	10.679000	-0.942000	0.042000	-1.099000	-21.099000	15.316000	-36.254000
50057.877450	0.356000	-1.542000	11.733000	-0.788000	-0.176000	-1.180000	-21.458000	15.316000	-36.254000
50057.887150	0.098000	-2.742000	12.464000	-0.662000	-0.443000	-1.272000	-21.458000	15.316000	-35.893000
50057.894840	-0.177000	-3.346000	12.884000	-0.474000	-0.708000	-1.305000	-22.430000	15.695000	-35.893000
50057.904880	-0.152000	-3.294000	12.812000	-0.228000	-0.892000	-1.215000	-22.430000	15.695000	-35.580000
50057.914890	0.143000	-2.937000	12.258000	-0.094000	-0.914000	-1.116000	-23.110000	15.695000	-35.580000
50057.927560	0.546000	-2.325000	11.383000	0.187000	-0.856000	-0.849000	-23.110000	15.695000	-35.580000
50057.935460	1.019000	-1.557000	10.572000	0.462000	-0.634000	-0.555000	-23.110000	15.695000	-35.580000
50057.947730	1.652000	-0.928000	10.110000	0.667000	-0.319000	-0.288000	-23.110000	15.695000	-35.580000
50057.955020	2.325000	-0.622000	9.712000	0.774000	0.004000	-0.095000	-23.110000	15.695000	-35.270000
50057.967840	2.667000	-0.551000	9.412000	0.815000	0.242000	-0.007000	-22.512000	15.695000	-35.270000
50057.978090	2.542000	-0.570000	9.170000	0.861000	0.393000	-0.033000	-22.512000	15.695000	-35.270000
50057.986120	2.140000	-0.628000	8.924000	0.917000	0.499000	-0.145000	-22.512000	15.695000	-35.270000
50057.996370	1.527000	-0.790000	8.615000	0.958000	0.581000	-0.300000	-22.512000	15.332000	-35.270000
50058.007050	0.874000	-0.963000	8.199000	0.987000	0.633000	-0.433000	-22.512000	14.566000	-35.270000
50058.016270	0.314000	-0.976000	7.873000	0.987000	0.650000	-0.498000	-22.512000	13.763000	-35.618000
50058.027840	-0.034000	-0.836000	7.553000	0.961000	0.659000	-0.486000	-22.512000	13.322000	-35.618000
50058.036230	-0.141000	-0.603000	7.273000	0.939000	0.672000	-0.447000	-22.512000	12.881000	-35.618000
50058.047800	-0.057000	-0.228000	7.025000	0.877000	0.681000	-0.323000	-22.512000	12.339000	-35.618000
50058.055210	0.159000	0.160000	6.917000	0.794000	0.699000	-0.174000	-22.839000	12.339000	-35.618000
50058.067170	0.383000	0.481000	6.792000	0.701000	0.722000	-0.026000	-22.839000	11.665000	-35.998000
50058.075510	0.595000	0.681000	6.830000	0.597000	0.747000	0.100000	-22.839000	11.665000	-35.998000
50058.087900	0.772000	0.761000	7.207000	0.469000	0.770000	0.189000	-22.839000	11.665000	-35.998000
50058.095010	0.849000	0.740000	7.685000	0.327000	0.792000	0.243000	-22.442000	11.665000	-36.366000
50058.108890	0.769000	0.696000	7.868000	0.196000	0.792000	0.256000	-21.934000	11.665000	-36.366000
50058.115120	0.594000	0.758000	7.735000	0.137000	0.748000	0.241000	-21.568000	11.665000	-36.695000
50058.127930	0.451000	0.937000	7.582000	0.155000	0.679000	0.233000	-21.249000	11.665000	-36.695000
50058.135170	0.420000	1.126000	7.538000	0.190000	0.607000	0.248000	-21.249000	11.665000	-37.008000
50058.147920	0.515000	1.344000	7.529000	0.192000	0.522000	0.287000	-20.812000	11.665000	-37.008000
50058.157780	0.783000	1.554000	7.793000	0.177000	0.424000	0.316000	-20.812000	11.665000	-37.367000
50058.167610	1.169000	1.696000	8.314000	0.107000	0.374000	0.379000	-20.358000	11.282000	-37.367000
50058.175110	1.363000	1.699000	8.738000	-0.015000	0.295000	0.435000	-20.358000	11.282000	-37.678000
50058.186410	1.357000	1.632000	9.111000	-0.169000	0.258000	0.474000	-19.937000	11.282000	-37.678000
50058.195260	1.307000	1.559000	9.514000	-0.327000	0.262000	0.488000	-19.628000	11.282000	-37.678000
50058.207370	1.272000	1.528000	9.896000	-0.475000	0.335000	0.485000	-19.628000	10.980000	-37.678000
50058.215640	1.340000	1.593000	10.192000	-0.592000	0.456000	0.494000	-18.928000	10.980000	-37.994000
50058.228000	1.468000	1.683000	10.262000	-0.657000	0.576000	0.520000	-18.928000	10.980000	-37.994000
50058.236640	1.563000	1.745000	10.235000	-0.667000	0.643000	0.538000	-18.289000	10.980000	-37.994000
50058.247960	1.632000	1.782000	10.120000	-0.625000	0.667000	0.543000	-17.889000	10.980000	-37.994000
50058.255860	1.651000	1.844000	10.168000	-0.568000	0.651000	0.521000	-17.889000	11.332000	-37.994000
50058.266480	1.511000	1.888000	10.418000	-0.530000	0.617000	0.473000	-17.343000	11.332000	-37.994000
50058.275240	1.256000	1.701000	10.600000	-0.520000	0.598000	0.442000	-17.343000	11.770000	-38.301000
50058.286600	0.972000	1.449000	10.681000	-0.505000	0.588000	0.366000	-16.944000	12.132000	-38.301000
50058.296120	0.700000	1.349000	10.756000	-0.475000	0.558000	0.285000	-16.944000	12.477000	-38.301000
50058.305580	0.442000	1.305000	10.759000	-0.417000	0.538000	0.231000	-16.528000	12.910000	-38.301000
50058.315040	0.263000	1.290000	10.728000	-0.353000	0.529000	0.224000	-16.528000	13.252000	-38.301000
50058.325080	0.160000	1.320000	10.420000	-0.304000	0.527000	0.250000	-16.210000	13.252000	-38.301000
50058.338840	0.144000	1.416000	10.170000	-0.254000	0.541000	0.299000	-16.210000	13.252000	-38.301000
50058.348880	0.235000	1.550000	10.125000	-0.192000	0.557000	0.365000	-15.739000	13.723000	-38.301000
50058.357640	0.382000	1.665000	10.144000	-0.144000	0.558000	0.427000	-15.739000	13.723000	-38.301000
50058.369510	0.519000	1.757000	10.252000	-0.118000	0.524000	0.476000	-15.739000	13.723000	-38.301000
50058.376650	0.655000	1.754000	10.353000	-0.093000	0.463000	0.510000	-15.739000	13.723000	-38.301000
50058.386780	0.725000	1.706000	10.577000	-0.065000	0.389000	0.516000	-15.347000	13.723000	-38.301000
50058.400360	0.801000	1.636000	10.858000	-0.051000	0.305000	0.513000	-15.347000	14.151000	-38.301000
50058.407540	0.884000	1.534000	11.054000	-0.020000	0.258000	0.509000	-15.347000	14.151000	-38.301000
50058.419800	0.967000	1.471000	11.144000	0.025000	0.152000	0.505000	-14.869000	14.474000	-38.655000
50058.425300	1.055000	1.423000	11.188000	0.093000	0.038000	0.497000	-14.869000	14.474000	-38.655000
50058.435370	1.182000	1.398000	11.140000	0.182000	-0.068000	0.493000	-14.550000	14.474000	-38.655000
50058.446110	1.355000	1.456000	11.050000	0.259000	-0.151000	0.500000	-14.550000	14.862000	-38.655000
50058.456090	1.565000	1.572000	10.895000	0.329000	-0.187000	0.508000	-14.550000	14.862000	-38.655000
50058.471470	1.766000	1.715000	10.549000	0.405000	-0.196000	0.515000	-14.134000	14.862000	-38.655000
50058.476080	1.882000	1.894000	10.230000	0.483000	-0.196000	0.503000	-14.134000	14.862000	-38.990000
50058.490150	1.833000	1.946000	10.051000	0.553000	-0.177000	0.462000	-14.134000	14.862000	-38.990000
50058.497650	1.697000	1.868000	10.051000	0.616000	-0.151000	0.399000	-13.778000	14.862000	-38.990000
50058.510200	1.498000	1.700000	9.959000	0.651000	-0.155000	0.320000	-13.778000	14.862000	-38.990000
50058.519570	1.250000	1.575000	9.819000	0.654000	-0.178000	0.276000	-13.778000	14.862000	-38.990000
50058.526590	1.053000	1.523000	9.603000	0.667000	-0.183000	0.188000	-13.778000	14.862000	-38.990000
50058.537360	0.962000	1.523000	9.359000	0.705000	-0.188000	0.130000	-13.476000	14.862000	-38.990000
50058.545290	0.942000	1.551000	9.155000	0.744000	-0.206000	0.103000	-13.476000	14.862000	-38.990000
50058.555300	0.956000	1.595000	8.947000	0.774000	-0.230000	0.090000	-13.476000	14.862000	-39.314000
50058.565310	1.009000	1.664000	8.875000	0.787000	-0.266000	0.087000	-13.476000	14.862000	-39.314000
50058.575320	1.110000	1.730000	8.922000	0.782000	-0.320000	0.083000	-13.476000	14.474000	-39.314000
50058.585330	1.192000	1.747000	8.894000	0.751000	-0.366000	0.074000	-13.476000	14.474000	-39.314000
50058.595340	1.256000	1.727000	8.990000	0.698000	-0.401000	0.055000	-13.476000	14.132000	-39.314000
50058.609110	1.265000	1.713000	9.108000	0.634000	-0.419000	0.025000	-13.476000	14.132000	-39.314000
50058.618020	1.235000	1.654000	9.191000	0.580000	-0.414000	-0.005000	-13.476000	13.351000	-39.314000
50058.630280	1.202000	1.654000	9.227000	0.538000	-0.415000	-0.038000	-13.476000	13.011000	-39.314000
50058.636270	1.157000	1.645000	9.171000	0.516000	-0.415000	-0.054000	-13.858000	13.011000	-39.314000
50058.650880	1.136000	1.645000	9.106000	0.477000	-0.409000	-0.072000	-13.858000	12.562000	-39.314000
50058.656960	1.129000	1.654000	9.051000	0.448000	-0.392000	-0.085000	-13.858000	12.562000	-39.651000
50058.670660	1.134000	1.686000	9.032000	0.408000	-0.375000	-0.093000	-13.858000	12.199000	-39.651000
50058.677830	1.221000	1.742000	9.141000	0.353000	-0.347000	-0.084000	-14.231000	12.199000	-39.651000
50058.686100	1.289000	1.771000	9.199000	0.277000	-0.308000	-0.067000	-14.231000	12.199000	-39.651000
50058.698370	1.331000	1.751000	9.264000	0.189000	-0.254000	-0.051000	-14.231000	12.199000	-39.651000
50058.705940	1.281000	1.703000	9.289000	0.097000	-0.171000	-0.046000	-14.231000	11.860000	-39.651000
50058.716620	1.207000	1.639000	9.376000	0.022000	-0.077000	-0.050000	-14.593000	11.860000	-39.651000
50058.725930	1.067000	1.559000	9.467000	-0.051000	0.013000	-0.064000	-14.593000	11.521000	-39.651000
50058.737770	0.929000	1.511000	9.516000	-0.115000	0.104000	-0.081000	-14.593000	11.521000	-39.651000
50058.746680	0.840000	1.503000	9.454000	-0.147000	0.178000	-0.084000	-14.593000	11.521000	-39.651000
50058.758240	0.848000	1.546000	9.349000	-0.152000	0.220000	-0.080000	-14.593000	11.137000	-39.651000
50058.765660	0.892000	1.562000	9.324000	-0.146000	0.229000	-0.072000	-14.895000	11.137000	-39.651000
50058.778450	1.013000	1.570000	9.415000	-0.121000	0.222000	-0.060000	-14.895000	11.137000	-39.651000
50058.785650	1.131000	1.614000	9.612000	-0.102000	0.180000	-0.033000	-14.895000	11.137000	-39.651000
50058.796670	1.221000	1.623000	9.782000	-0.110000	0.115000	-0.007000	-14.895000	10.833000	-39.651000
50058.807100	1.284000	1.591000	9.877000	-0.123000	0.052000	0.010000	-14.895000	10.833000	-39.651000
50058.817970	1.299000	1.570000	9.870000	-0.128000	0.006000	0.016000	-14.895000	10.833000	-39.651000
50058.827820	1.326000	1.593000	9.838000	-0.120000	-0.025000	0.016000	-14.895000	10.833000	-39.651000
50058.838020	1.341000	1.667000	9.789000	-0.097000	-0.038000	0.020000	-14.895000	10.833000	-39.651000
50058.847260	1.333000	1.700000	9.694000	-0.081000	-0.034000	0.026000	-14.895000	10.833000	-39.651000
50058.858310	1.314000	1.749000	9.546000	-0.075000	-0.022000	0.038000	-14.895000	10.833000	-39.651000
50058.866250	1.316000	1.794000	9.537000	-0.068000	-0.006000	0.045000	-14.895000	10.833000	-39.651000
50058.880470	1.340000	1.821000	9.541000	-0.071000	0.009000	0.048000	-14.895000	10.833000	-39.651000
50058.885780	1.405000	1.899000	9.612000	-0.092000	0.020000	0.060000	-14.895000	10.833000	-39.651000
50058.897680	1.524000	1.973000	9.633000	-0.113000	0.030000	0.075000	-14.895000	10.833000	-39.651000
50058.905800	1.617000	2.057000	9.682000	-0.126000	0.020000	0.086000	-14.895000	10.833000	-39.651000
50058.917090	1.635000	2.072000	9.717000	-0.126000	0.010000	0.093000	-14.895000	10.833000	-39.651000
50058.926340	1.648000	2.088000	9.652000	-0.115000	-0.005000	0.091000	-14.895000	10.833000	-39.651000
50058.938790	1.693000	2.142000	9.609000	-0.089000	-0.038000	0.071000	-14.895000	11.154000	-39.651000
50058.946320	1.738000	2.258000	9.518000	-0.056000	-0.067000	0.046000	-14.895000	11.154000	-39.651000
50058.956330	1.774000	2.303000	9.456000	-0.029000	-0.084000	0.026000	-14.895000	11.154000	-39.651000
50058.968110	1.770000	2.292000	9.538000	-0.014000	-0.115000	0.007000	-14.895000	11.154000	-39.651000
50058.977910	1.803000	2.267000	9.697000	-0.009000	-0.142000	-0.017000	-14.895000	11.154000	-39.651000
50058.987310	1.805000	2.218000	9.831000	-0.024000	-0.160000	-0.039000	-14.895000	11.154000	-39.651000
50058.996400	1.802000	2.212000	9.928000	-0.038000	-0.184000	-0.049000	-14.895000	11.154000	-39.651000
50059.008180	1.803000	2.178000	10.013000	-0.078000	-0.187000	-0.068000	-14.895000	11.154000	-39.651000
50059.018350	1.840000	2.154000	10.066000	-0.119000	-0.161000	-0.089000	-14.895000	11.492000	-39.651000
50059.026370	1.821000	2.116000	10.159000	-0.138000	-0.121000	-0.095000	-14.895000	11.492000	-39.651000
50059.038850	1.718000	2.088000	10.132000	-0.143000	-0.080000	-0.099000	-14.895000	11.492000	-39.651000
50059.047370	1.626000	2.052000	10.124000	-0.147000	-0.038000	-0.114000	-14.895000	11.492000	-39.651000
50059.060030	1.559000	1.979000	10.092000	-0.142000	-0.005000	-0.140000	-14.895000	11.492000	-39.651000
50059.065920	1.522000	1.926000	10.106000	-0.114000	0.024000	-0.165000	-14.895000	11.492000	-39.651000
50059.075960	1.472000	1.876000	10.121000	-0.081000	0.036000	-0.181000	-14.895000	11.492000	-39.651000
50059.088660	1.457000	1.830000	10.195000	-0.055000	0.025000	-0.195000	-14.895000	11.492000	-39.651000
50059.096710	1.473000	1.802000	10.343000	-0.039000	0.007000	-0.210000	-14.895000	11.492000	-39.651000
50059.107180	1.471000	1.778000	10.337000	-0.018000	-0.001000	-0.221000	-14.895000	11.492000	-39.651000
50059.116610	1.465000	1.811000	10.243000	-0.002000	-0.022000	-0.223000	-15.220000	11.492000	-39.651000
50059.128850	1.489000	1.859000	10.132000	0.036000	-0.039000	-0.229000	-15.220000	11.492000	-39.651000
50059.137940	1.435000	1.863000	9.996000	0.085000	-0.075000	-0.240000	-15.220000	11.492000	-39.651000
50059.148750	1.354000	1.836000	9.831000	0.129000	-0.098000	-0.249000	-15.220000	11.492000	-39.651000
50059.156410	1.310000	1.862000	9.686000	0.153000	-0.108000	-0.258000	-15.220000	11.492000	-39.651000
50059.169260	1.256000	1.851000	9.609000	0.159000	-0.102000	-0.266000	-15.220000	11.492000	-39.651000
50059.177040	1.137000	1.798000	9.629000	0.151000	-0.081000	-0.268000	-15.220000	11.492000	-39.651000
50059.190430	1.048000	1.682000	9.652000	0.139000	-0.062000	-0.268000	-15.220000	11.492000	-39.651000
50059.196660	0.982000	1.590000	9.755000	0.116000	-0.056000	-0.271000	-15.220000	11.492000	-39.651000
50059.207250	0.910000	1.498000	9.808000	0.089000	-0.054000	-0.265000	-15.220000	11.492000	-39.651000
50059.217320	0.883000	1.480000	9.790000	0.061000	-0.055000	-0.245000	-15.542000	11.492000	-39.651000
50059.229280	0.888000	1.481000	9.747000	0.037000	-0.040000	-0.216000	-15.542000	11.492000	-39.651000
50059.241730	0.894000	1.523000	9.667000	0.032000	-0.005000	-0.181000	-15.542000	11.492000	-39.651000
50059.247650	0.952000	1.589000	9.629000	0.040000	0.016000	-0.145000	-15.542000	11.492000	-39.651000
50059.269080	0.965000	1.633000	9.527000	0.078000	0.010000	-0.104000	-15.542000	11.492000	-39.651000
50059.276160	0.976000	1.666000	9.454000	0.111000	-0.025000	-0.091000	-15.542000	11.492000	-39.651000
50059.288330	1.018000	1.658000	9.519000	0.137000	-0.078000	-0.091000	-15.542000	11.492000	-39.651000
50059.297150	1.026000	1.595000	9.595000	0.151000	-0.136000	-0.092000	-15.542000	11.492000	-39.651000
50059.306220	1.048000	1.585000	9.682000	0.146000	-0.188000	-0.092000	-15.866000	11.492000	-39.651000
50059.319130	1.098000	1.611000	9.796000	0.135000	-0.222000	-0.084000	-15.866000	11.143000	-39.651000
50059.326660	1.165000	1.627000	9.854000	0.133000	-0.229000	-0.060000	-15.866000	11.143000	-39.651000
50059.339090	1.239000	1.645000	9.829000	0.122000	-0.221000	-0.040000	-15.866000	11.143000	-39.651000
50059.347630	1.238000	1.696000	9.773000	0.097000	-0.185000	-0.019000	-15.866000	11.143000	-39.651000
50059.358430	1.286000	1.778000	9.695000	0.085000	-0.120000	-0.002000	-15.866000	11.143000	-39.651000
50059.368500	1.336000	1.824000	9.720000	0.064000	-0.087000	0.028000	-15.866000	11.143000	-39.651000
50059.378420	1.337000	1.860000	9.670000	0.046000	-0.017000	0.047000	-15.866000	10.836000	-39.651000
50059.387300	1.331000	1.885000	9.604000	0.034000	0.038000	0.055000	-16.201000	10.836000	-39.651000
50059.397190	1.334000	1.930000	9.452000	0.034000	0.056000	0.050000	-16.201000	10.836000	-39.651000
50059.406770	1.307000	1.958000	9.348000	0.052000	0.054000	0.041000	-16.201000	10.836000	-39.651000
50059.421150	1.318000	1.981000	9.307000	0.075000	0.035000	0.032000	-16.201000	10.836000	-39.651000
50059.426300	1.299000	1.967000	9.312000	0.071000	0.005000	0.019000	-16.201000	10.836000	-39.651000
50059.439210	1.280000	1.958000	9.361000	0.059000	-0.017000	0.006000	-16.201000	10.836000	-39.651000
50059.447270	1.271000	1.936000	9.372000	0.047000	-0.038000	-0.006000	-16.201000	10.836000	-39.651000
50059.456790	1.316000	1.961000	9.402000	0.036000	-0.058000	-0.016000	-16.201000	10.836000	-39.651000
50073.491860	-1.088000	9.534000	-0.473000	0.042000	-0.105000	0.061000	-1.535000	-36.390000	18.948000
50073.501960	-1.039000	9.534000	-0.666000	0.106000	-0.174000	0.068000	-1.535000	-36.390000	18.948000
50073.511510	-0.806000	9.633000	-1.070000	0.143000	-0.213000	0.089000	-1.535000	-36.390000	18.948000
50073.520360	-0.456000	9.918000	-1.458000	0.151000	-0.215000	0.105000	-1.535000	-36.390000	18.948000
50073.531100	-0.108000	10.205000	-1.697000	0.151000	-0.198000	0.145000	-1.535000	-36.390000	18.948000
50073.542300	0.220000	10.293000	-1.718000	0.135000	-0.146000	0.188000	-1.535000	-36.390000	18.948000
50073.551460	0.439000	10.423000	-1.711000	0.108000	-0.122000	0.197000	-1.535000	-36.390000	18.948000
50073.560580	0.722000	10.454000	-1.765000	0.078000	-0.171000	0.164000	-1.535000	-36.390000	18.948000
50073.572790	0.983000	10.552000	-1.509000	0.038000	-0.295000	0.113000	-1.846000	-36.390000	18.948000
50073.581610	1.147000	10.612000	-1.120000	-0.022000	-0.404000	0.074000	-1.846000	-36.390000	18.948000
50073.590180	1.468000	10.550000	-1.103000	-0.094000	-0.448000	0.050000	-1.846000	-36.390000	18.948000
50073.600800	1.934000	10.715000	-1.186000	-0.152000	-0.460000	0.027000	-1.846000	-36.390000	18.948000
50073.611180	2.378000	11.009000	-1.380000	-0.196000	-0.407000	0.016000	-1.846000	-36.390000	18.948000
50073.621980	2.775000	11.149000	-1.577000	-0.224000	-0.279000	0.004000	-1.846000	-36.390000	18.948000
50073.633430	3.124000	11.335000	-1.805000	-0.235000	-0.157000	-0.028000	-1.846000	-36.390000	18.948000
50073.641360	3.505000	11.405000	-2.054000	-0.235000	-0.072000	-0.050000	-1.846000	-36.390000	18.948000
50073.654670	4.140000	11.684000	-2.112000	-0.239000	-0.041000	-0.107000	-1.846000	-36.390000	18.948000
50073.661410	4.540000	12.047000	-1.789000	-0.276000	-0.005000	-0.176000	-1.846000	-36.390000	18.948000
50073.671940	4.673000	11.897000	-1.455000	-0.357000	0.009000	-0.272000	-1.846000	-36.390000	18.948000
50073.680210	4.697000	11.510000	-1.027000	-0.443000	0.013000	-0.443000	-1.498000	-36.390000	18.614000
50073.693490	4.759000	11.306000	-0.447000	-0.500000	-0.024000	-0.695000	-1.498000	-36.390000	18.614000
50073.700380	4.888000	11.119000	-0.014000	-0.521000	-0.091000	-0.977000	-1.498000	-36.390000	18.614000
50073.712770	4.671000	10.812000	0.208000	-0.494000	-0.162000	-1.248000	-1.071000	-36.390000	18.614000
50073.720740	4.368000	10.357000	0.466000	-0.402000	-0.251000	-1.513000	-1.071000	-36.390000	18.614000
50073.732150	3.970000	9.879000	0.823000	-0.284000	-0.374000	-1.776000	0.311000	-36.390000	18.234000
50073.741030	3.306000	9.397000	1.031000	-0.221000	-0.482000	-1.987000	1.547000	-36.390000	18.234000
50073.752960	2.443000	8.982000	0.915000	-0.259000	-0.481000	-2.136000	2.754000	-36.390000	18.234000
50073.761970	2.079000	8.790000	0.597000	-0.309000	-0.304000	-2.194000	3.518000	-36.697000	17.906000
50073.771490	1.899000	8.434000	0.491000	-0.420000	-0.148000	-2.280000	4.583000	-36.697000	17.906000
50073.784000	1.813000	8.050000	0.778000	-0.480000	0.224000	-2.334000	5.441000	-36.697000	17.906000
50073.791630	1.787000	7.608000	1.135000	-0.459000	0.529000	-2.411000	6.369000	-36.697000	17.483000
50073.801610	1.739000	7.163000	1.436000	-0.371000	0.658000	-2.538000	7.023000	-36.697000	17.483000
50073.810860	1.514000	6.886000	1.452000	-0.244000	0.606000	-2.684000	7.707000	-36.697000	17.483000
50073.821690	0.520000	6.519000	1.226000	-0.159000	0.465000	-2.824000	9.028000	-36.697000	17.028000
50073.835180	-1.216000	5.823000	0.564000	-0.164000	0.422000	-2.957000	9.550000	-36.697000	17.028000
50073.841040	-3.438000	5.079000	-0.829000	-0.222000	0.590000	-3.118000	10.655000	-36.697000	17.028000
50073.852150	-5.834000	4.445000	-2.384000	-0.240000	0.944000	-3.303000	11.415000	-36.697000	16.606000
50073.861970	-8.098000	3.900000	-3.375000	-0.159000	1.326000	-3.459000	12.281000	-36.697000	16.606000
50073.873050	-9.864000	3.555000	-3.431000	-0.049000	1.553000	-3.555000	13.301000	-36.242000	16.606000
50073.883550	-11.006000	3.467000	-2.895000	-0.022000	1.524000	-3.575000	14.038000	-35.667000	16.606000
50073.893620	-12.085000	3.330000	-2.404000	-0.053000	1.414000	-3.551000	14.956000	-34.703000	16.255000
50073.901860	-13.417000	3.110000	-2.158000	-0.136000	1.053000	-3.448000	16.094000	-33.685000	16.255000
50073.911720	-15.165000	2.869000	-1.888000	-0.196000	0.619000	-3.309000	16.732000	-32.942000	16.255000
50073.922610	-17.283000	2.373000	-1.948000	-0.246000	0.278000	-3.151000	17.657000	-31.964000	16.255000
50073.932560	-19.237000	1.750000	-2.307000	-0.318000	0.093000	-2.984000	18.673000	-31.469000	16.255000
50073.942200	-19.609000	1.043000	-2.541000	-0.353000	0.022000	-2.829000	19.515000	-30.650000	16.255000
50073.950410	-19.609000	0.405000	-2.518000	-0.319000	-0.033000	-2.654000	20.225000	-30.650000	15.916000
50073.964080	-19.609000	-0.075000	-2.415000	-0.256000	-0.178000	-2.427000	20.753000	-29.862000	15.916000
50073.971040	-19.609000	-0.587000	-1.280000	-0.189000	-0.464000	-2.126000	21.858000	-29.463000	15.916000
50073.982640	-19.609000	-1.031000	0.508000	-0.117000	-0.872000	-1.718000	22.293000	-29.104000	15.916000
50073.990880	-19.609000	-1.043000	1.709000	-0.059000	-1.356000	-1.178000	22.776000	-29.104000	15.916000
50074.002380	-19.609000	-1.025000	2.166000	-0.016000	-1.874000	-0.855000	23.458000	-29.104000	15.466000
50074.017030	-19.609000	-1.197000	1.966000	0.154000	-2.115000	-0.140000	23.458000	-29.104000	15.466000
50074.020540	-19.449000	-1.440000	1.276000	0.414000	-2.443000	0.581000	23.458000	-29.492000	14.979000
50074.031890	-17.965000	-1.534000	0.583000	0.686000	-2.510000	1.266000	22.988000	-29.492000	14.125000
50074.043490	-15.836000	-1.377000	-0.221000	0.929000	-2.408000	1.917000	22.239000	-29.997000	13.739000
50074.051270	-13.254000	-1.211000	-0.939000	1.118000	-2.233000	2.528000	22.239000	-30.348000	13.388000
50074.060790	-10.706000	-1.054000	-1.594000	1.255000	-2.057000	3.092000	21.746000	-30.348000	12.965000
50074.071960	-8.610000	-0.842000	-2.048000	1.350000	-1.914000	3.597000	21.746000	-30.348000	12.965000
50074.081090	-6.824000	-0.631000	-1.928000	1.392000	-1.833000	4.020000	20.651000	-30.700000	12.965000
50074.093910	-4.880000	-0.388000	-1.501000	1.369000	-1.806000	4.354000	20.050000	-30.700000	12.203000
50074.100650	-2.560000	0.056000	-1.265000	1.286000	-1.810000	4.639000	19.509000	-32.055000	12.203000
50074.111000	-0.060000	0.845000	-1.329000	1.179000	-1.816000	4.910000	18.569000	-33.068000	12.203000
50074.122710	2.747000	1.973000	-1.665000	1.129000	-1.775000	5.035000	17.234000	-34.364000	11.849000
50074.131200	5.410000	3.403000	-2.281000	1.035000	-1.724000	5.256000	15.428000	-34.872000	12.240000
50074.142550	7.603000	4.893000	-2.367000	0.909000	-1.567000	5.433000	13.819000	-36.026000	12.240000
50074.151220	9.734000	5.916000	-1.564000	0.676000	-1.324000	5.530000	12.199000	-36.727000	12.240000
50074.163210	12.309000	6.916000	-0.266000	0.318000	-0.988000	5.482000	10.150000	-37.405000	12.240000
50074.172090	14.335000	8.081000	1.126000	-0.079000	-0.653000	5.255000	8.872000	-38.090000	12.240000
50074.183200	15.678000	8.778000	1.823000	-0.356000	-0.447000	4.882000	8.004000	-38.090000	11.802000
50074.193880	16.703000	9.250000	1.425000	-0.318000	-0.429000	4.408000	6.938000	-38.090000	11.802000
50074.200720	17.622000	10.105000	0.545000	0.060000	-0.594000	3.870000	5.787000	-38.391000	11.802000
50074.211190	18.754000	11.120000	-0.886000	0.552000	-0.786000	3.349000	4.981000	-38.391000	11.802000
50074.222780	19.403000	11.817000	-2.377000	0.903000	-0.802000	2.890000	4.362000	-38.391000	11.802000
50074.232210	19.381000	12.263000	-2.925000	1.027000	-0.624000	2.448000	3.868000	-37.928000	11.802000
50074.242160	18.928000	12.402000	-2.472000	1.010000	-0.334000	2.215000	3.265000	-37.928000	11.802000
50074.251650	18.107000	12.171000	-1.150000	0.849000	-0.176000	1.721000	2.947000	-37.928000	11.802000
50074.263250	17.232000	11.960000	0.550000	0.612000	0.095000	1.206000	2.947000	-37.928000	11.802000
50074.271670	16.032000	11.733000	1.857000	0.411000	0.239000	0.663000	2.947000	-37.928000	11.802000
50074.280730	14.477000	11.305000	2.723000	0.298000	0.233000	0.122000	2.947000	-37.928000	11.802000
50074.292210	13.060000	10.554000	3.185000	0.283000	0.132000	-0.376000	2.947000	-37.928000	11.802000
50074.301820	12.070000	10.017000	3.163000	0.312000	0.076000	-0.834000	3.306000	-37.928000	12.144000
50074.311650	11.295000	9.993000	2.543000	0.312000	0.194000	-1.230000	3.814000	-37.928000	12.144000
50074.324010	10.679000	10.229000	1.372000	0.323000	0.490000	-1.510000	3.814000	-37.928000	12.452000
50074.332460	10.179000	10.281000	-0.305000	0.409000	0.854000	-1.702000	3.814000	-37.928000	12.452000
50074.342080	9.161000	10.134000	-2.018000	0.540000	1.228000	-1.888000	4.585000	-38.236000	12.452000
50074.351630	7.704000	9.585000	-3.147000	0.621000	1.618000	-2.133000	4.585000	-38.236000	12.889000
50074.363860	6.600000	9.023000	-3.633000	0.627000	1.975000	-2.444000	4.585000	-38.236000	13.212000
50074.374120	5.328000	8.585000	-3.462000	0.589000	2.208000	-2.612000	4.585000	-38.236000	13.522000
50074.383910	4.377000	8.130000	-2.789000	0.529000	2.242000	-2.943000	4.585000	-38.236000	14.163000
50074.392030	3.030000	7.550000	-1.857000	0.454000	2.128000	-3.241000	5.302000	-37.892000	14.163000
50074.401800	1.552000	6.718000	-1.210000	0.343000	1.864000	-3.512000	6.550000	-37.892000	14.163000
50074.411750	-0.460000	5.769000	-1.652000	0.221000	1.604000	-3.790000	7.678000	-37.892000	14.163000
50074.422460	-3.059000	4.943000	-2.970000	0.150000	1.449000	-4.092000	9.222000	-37.442000	14.587000
50074.435370	-5.194000	4.313000	-4.708000	0.174000	1.481000	-4.353000	10.597000	-37.442000	15.010000
50074.451820	-6.602000	3.895000	-6.035000	0.498000	1.890000	-4.540000	12.298000	-35.682000	15.623000
50074.461550	-6.960000	3.971000	-6.399000	0.564000	1.933000	-4.394000	12.733000	-34.906000	16.133000
50074.472200	-7.403000	4.408000	-6.354000	0.362000	1.822000	-4.123000	13.505000	-34.281000	16.133000
50074.481240	-8.492000	4.642000	-6.127000	0.157000	1.695000	-3.979000	13.973000	-33.599000	16.133000
50074.490970	-9.765000	4.183000	-5.501000	-0.351000	1.690000	-3.770000	14.437000	-33.108000	16.590000
50074.502410	-10.992000	3.251000	-4.368000	-0.797000	1.829000	-3.749000	15.335000	-32.743000	16.590000
50074.511230	-11.494000	2.683000	-3.597000	-1.039000	1.993000	-3.845000	15.893000	-32.102000	16.590000
50074.523070	-13.551000	2.018000	-3.944000	-1.058000	1.945000	-3.920000	16.886000	-32.102000	16.590000
50074.532020	-16.149000	0.855000	-5.107000	-0.948000	1.727000	-3.961000	17.445000	-30.833000	16.590000
50074.542300	-17.468000	0.335000	-5.659000	-0.836000	1.536000	-3.934000	17.961000	-30.833000	16.938000
50074.555790	-18.411000	0.544000	-5.301000	-0.801000	1.359000	-3.738000	18.743000	-30.116000	16.938000
50074.561560	-19.346000	0.542000	-4.448000	-0.839000	1.045000	-3.420000	19.363000	-29.597000	16.938000
50074.572180	-19.609000	0.031000	-3.442000	-0.879000	0.587000	-3.144000	20.413000	-29.597000	17.294000
50074.581790	-19.609000	-0.666000	-2.212000	-0.912000	0.097000	-2.917000	20.910000	-28.872000	17.294000
50074.592010	-19.609000	-1.243000	-0.858000	-0.950000	-0.319000	-2.670000	21.508000	-28.872000	17.294000
50074.602300	-19.609000	-1.960000	0.010000	-0.952000	-0.596000	-2.520000	22.364000	-28.463000	17.294000
50074.613620	-19.609000	-2.665000	0.770000	-0.870000	-0.701000	-2.127000	22.770000	-28.463000	17.294000
50074.621590	-19.609000	-2.716000	1.383000	-0.668000	-0.903000	-1.595000	23.164000	-28.463000	17.294000
50074.633240	-19.609000	-2.145000	1.709000	-0.393000	-1.127000	-0.888000	23.164000	-28.128000	16.784000
50074.642120	-19.609000	-1.679000	1.682000	-0.068000	-1.386000	-0.080000	23.164000	-28.128000	16.021000
50074.651460	-19.609000	-1.693000	1.220000	0.308000	-1.634000	0.628000	23.812000	-28.128000	15.364000
50074.662200	-19.119000	-1.783000	0.578000	0.711000	-1.828000	1.175000	23.812000	-28.538000	14.767000
50074.672860	-18.030000	-1.829000	-0.215000	1.088000	-1.989000	1.634000	23.812000	-28.538000	14.418000
50074.684600	-16.607000	-1.805000	-1.082000	1.427000	-2.147000	2.069000	23.347000	-28.881000	13.613000
50074.691170	-14.882000	-1.764000	-1.645000	1.722000	-2.337000	2.498000	22.994000	-28.881000	13.110000
50074.701820	-13.007000	-1.719000	-1.971000	1.955000	-2.570000	2.920000	22.994000	-28.881000	13.558000
50074.711340	-11.107000	-1.638000	-2.395000	2.085000	-2.826000	3.329000	22.248000	-28.576000	13.558000
50074.721650	-9.497000	-1.444000	-2.894000	2.105000	-3.027000	3.527000	22.248000	-28.576000	13.005000
50074.737610	-8.226000	-0.970000	-3.278000	2.059000	-3.071000	3.901000	21.821000	-28.576000	13.005000
50074.741210	-7.097000	-0.372000	-3.454000	1.934000	-3.011000	4.227000	21.821000	-29.804000	13.005000
50074.751530	-5.822000	0.153000	-3.701000	1.795000	-2.830000	4.511000	21.821000	-31.388000	12.570000
50074.762120	-4.320000	0.829000	-3.727000	1.657000	-2.658000	4.793000	20.048000	-32.359000	12.570000
50074.772980	-2.937000	1.384000	-3.844000	1.481000	-2.513000	5.067000	18.040000	-33.830000	12.570000
50074.782110	-1.589000	1.695000	-4.056000	1.235000	-2.334000	5.302000	16.375000	-34.738000	12.570000
50074.791230	-0.320000	1.939000	-4.453000	0.937000	-2.116000	5.482000	14.752000	-35.458000	12.570000
50074.801730	1.416000	2.257000	-4.559000	0.616000	-1.893000	5.600000	13.125000	-36.506000	12.570000
50074.813270	3.524000	2.627000	-4.013000	0.335000	-1.716000	5.661000	11.264000	-37.164000	12.570000
50074.821780	5.873000	3.239000	-3.036000	0.181000	-1.666000	5.687000	9.812000	-37.968000	12.570000
50074.833900	8.151000	4.140000	-2.299000	0.213000	-1.863000	5.709000	8.137000	-37.968000	12.234000
50074.842230	9.877000	5.071000	-1.861000	0.293000	-2.225000	5.718000	6.382000	-38.354000	12.234000
50074.851840	11.236000	5.721000	-1.803000	0.498000	-2.387000	5.706000	4.516000	-39.024000	12.234000
50074.863680	11.613000	5.697000	-1.840000	0.622000	-2.514000	5.626000	2.774000	-39.024000	12.234000
50074.872650	12.113000	5.436000	-2.517000	0.550000	-2.281000	5.471000	1.045000	-39.024000	11.901000
50074.882880	13.745000	5.778000	-3.185000	0.274000	-1.699000	5.293000	-0.953000	-39.024000	11.901000
50074.893890	15.859000	6.509000	-3.369000	-0.119000	-0.878000	5.183000	-2.757000	-38.694000	11.901000
50074.901800	17.761000	7.205000	-2.455000	-0.480000	-0.028000	5.099000	-4.194000	-39.089000	11.901000
50074.917450	19.355000	7.824000	-1.050000	-0.617000	0.475000	4.875000	-5.587000	-38.626000	11.901000
50074.921360	19.608000	8.778000	-0.165000	-0.451000	0.371000	4.454000	-6.791000	-38.626000	11.901000
50074.932500	19.608000	9.825000	0.092000	-0.082000	-0.190000	3.899000	-7.749000	-38.044000	11.901000
50074.942810	19.608000	10.425000	-1.106000	0.345000	-0.822000	3.258000	-8.425000	-38.044000	11.901000
50074.951480	19.608000	11.035000	-2.735000	0.686000	-1.223000	2.562000	-9.020000	-38.044000	11.901000
50074.962920	19.608000	11.533000	-3.197000	0.765000	-1.197000	2.217000	-9.710000	-38.044000	11.901000
50074.972750	19.608000	11.350000	-2.130000	0.651000	-0.999000	1.555000	-9.710000	-38.372000	11.901000
50074.982850	19.608000	10.692000	0.153000	0.224000	-0.394000	0.886000	-9.710000	-38.372000	12.205000
50074.993630	19.608000	9.899000	2.960000	-0.271000	0.127000	0.167000	-9.280000	-38.372000	12.205000
50075.001900	19.608000	9.298000	5.074000	-0.623000	0.298000	-0.605000	-8.523000	-38.372000	12.205000
50075.013890	19.608000	9.292000	6.189000	-0.739000	0.176000	-1.366000	-7.565000	-38.372000	12.205000
50075.022430	19.608000	9.334000	6.263000	-0.591000	-0.035000	-2.018000	-6.465000	-38.372000	12.205000
50075.033050	19.493000	9.135000	4.821000	-0.250000	-0.100000	-2.567000	-5.552000	-38.372000	12.205000
50075.044680	18.124000	8.744000	3.320000	0.149000	0.170000	-3.098000	-4.855000	-38.372000	12.205000
50075.051520	16.353000	7.862000	1.826000	0.515000	0.734000	-3.663000	-3.794000	-38.372000	12.205000
50075.063140	14.638000	6.932000	0.283000	0.828000	1.305000	-4.254000	-2.711000	-38.372000	12.205000
50075.072880	12.696000	6.216000	-0.888000	1.066000	1.686000	-4.845000	-1.089000	-38.372000	12.205000
50075.082370	10.749000	5.355000	-2.253000	1.148000	1.892000	-5.124000	0.311000	-38.372000	12.205000
50075.093780	8.622000	4.485000	-3.818000	1.253000	1.943000	-5.612000	2.439000	-38.372000	12.205000
50075.101570	5.857000	3.342000	-4.611000	1.312000	1.950000	-6.019000	4.815000	-38.372000	12.205000
50075.113100	2.775000	1.774000	-5.064000	1.294000	1.894000	-6.376000	6.883000	-38.372000	12.518000
50075.122870	-0.469000	0.461000	-5.284000	1.162000	1.872000	-6.654000	8.920000	-38.372000	12.518000
50075.131630	-2.381000	0.237000	-4.871000	0.940000	1.852000	-6.775000	11.021000	-38.372000	12.518000
50075.143890	-2.514000	0.738000	-4.020000	0.713000	1.763000	-6.615000	12.615000	-37.988000	12.518000
50075.151550	-1.493000	1.631000	-3.294000	0.535000	1.595000	-6.150000	14.291000	-36.866000	12.518000
50075.163970	-0.894000	2.231000	-2.832000	0.335000	1.402000	-5.541000	15.071000	-35.530000	13.131000
50075.171700	-1.303000	1.902000	-2.596000	0.053000	1.352000	-5.045000	16.114000	-34.547000	13.131000
50075.183840	-2.518000	0.854000	-3.157000	-0.243000	1.583000	-4.882000	17.375000	-33.464000	13.986000
50075.193640	-4.874000	-0.241000	-4.295000	-0.407000	2.067000	-5.015000	17.774000	-32.119000	15.544000
50075.201880	-8.427000	-1.265000	-6.337000	-0.421000	2.592000	-5.127000	18.914000	-30.906000	15.544000
50075.213900	-11.400000	-1.976000	-7.476000	-0.346000	2.808000	-5.317000	19.378000	-29.768000	16.601000
50075.223730	-11.405000	-1.711000	-6.695000	-0.241000	3.085000	-5.336000	20.219000	-28.936000	17.436000
50075.232150	-10.190000	-0.797000	-5.061000	-0.229000	3.051000	-5.040000	20.848000	-27.940000	17.436000
50075.243870	-9.947000	-0.038000	-3.193000	-0.362000	2.585000	-4.436000	21.177000	-27.073000	17.436000
50075.251680	-11.101000	-0.138000	-2.176000	-0.614000	1.909000	-3.842000	21.177000	-26.435000	17.826000
50075.262820	-13.155000	-0.779000	-2.537000	-0.847000	1.473000	-3.535000	21.177000	-26.078000	17.826000
50075.275760	-15.440000	-1.205000	-3.865000	-0.896000	1.443000	-3.504000	21.177000	-25.387000	17.826000
50075.282200	-17.690000	-1.180000	-5.253000	-0.704000	1.670000	-3.524000	21.653000	-24.784000	18.530000
50075.293920	-19.407000	-1.182000	-6.236000	-0.412000	1.887000	-3.439000	21.653000	-23.826000	18.991000
50075.301700	-19.609000	-1.706000	-7.086000	-0.229000	1.947000	-3.252000	21.653000	-23.335000	19.654000
50075.312840	-19.609000	-1.987000	-7.154000	-0.266000	1.858000	-2.979000	21.305000	-22.563000	19.181000
50075.323980	-19.609000	-2.131000	-6.479000	-0.346000	1.683000	-2.794000	21.711000	-22.563000	19.577000
50075.331760	-19.609000	-2.370000	-5.485000	-0.533000	1.550000	-2.336000	21.711000	-22.033000	19.577000
50075.342900	-19.609000	-2.440000	-4.653000	-0.679000	1.153000	-1.844000	21.711000	-22.033000	19.577000
50075.351810	-19.609000	-2.415000	-4.059000	-0.732000	0.634000	-1.394000	22.082000	-22.033000	19.577000
50075.362860	-19.609000	-2.548000	-3.464000	-0.649000	0.093000	-0.984000	22.082000	-22.033000	18.820000
50075.374300	-19.609000	-2.630000	-3.026000	-0.443000	-0.406000	-0.580000	22.082000	-22.033000	18.820000
50075.383730	-19.609000	-2.400000	-2.608000	-0.181000	-0.893000	-0.116000	22.082000	-22.563000	18.820000
50075.394380	-19.609000	-2.115000	-2.359000	0.066000	-1.380000	0.463000	22.082000	-22.563000	18.820000
50075.403780	-19.259000	-1.835000	-2.239000	0.238000	-1.800000	1.097000	22.082000	-23.184000	18.820000
50075.414370	-17.616000	-1.677000	-1.969000	0.322000	-2.071000	1.700000	22.082000	-23.622000	18.820000
50075.424080	-16.146000	-1.602000	-2.068000	0.353000	-2.195000	2.216000	22.419000	-23.979000	18.820000
50075.432070	-14.885000	-1.340000	-2.388000	0.418000	-2.277000	2.616000	22.419000	-23.979000	17.762000
50075.443910	-13.977000	-1.114000	-2.775000	0.494000	-2.416000	2.778000	22.419000	-23.979000	16.809000
50075.456150	-13.261000	-1.128000	-3.220000	0.728000	-2.518000	3.053000	22.738000	-24.505000	16.302000
50075.463350	-12.285000	-1.346000	-3.765000	1.011000	-2.769000	3.280000	22.738000	-25.036000	15.040000
50075.475160	-10.782000	-1.280000	-4.178000	1.264000	-3.022000	3.494000	22.738000	-26.477000	14.721000
50075.483010	-9.056000	-1.085000	-4.553000	1.454000	-3.225000	3.780000	22.738000	-27.366000	14.210000
50075.495760	-7.194000	-0.873000	-4.427000	1.531000	-3.349000	4.148000	22.738000	-28.767000	13.835000
50075.501930	-5.035000	-0.463000	-3.912000	1.469000	-3.361000	4.532000	22.738000	-30.238000	13.070000
50075.511940	-2.890000	0.317000	-3.365000	1.277000	-3.297000	4.876000	22.738000	-31.318000	12.469000
50075.521920	-1.092000	1.146000	-2.910000	0.998000	-3.172000	5.158000	21.974000	-32.637000	11.451000
50075.531930	-0.037000	1.572000	-2.756000	0.718000	-2.960000	5.363000	19.604000	-33.866000	11.451000
50075.541750	1.038000	2.002000	-2.805000	0.474000	-2.677000	5.476000	17.428000	-34.985000	10.925000
50075.551760	2.427000	2.768000	-2.501000	0.248000	-2.361000	5.522000	15.837000	-36.167000	10.925000
50075.561770	3.913000	3.519000	-1.894000	0.140000	-2.061000	5.538000	13.757000	-36.787000	10.202000
50075.571780	5.492000	4.172000	-1.317000	-0.057000	-1.942000	5.564000	12.011000	-37.757000	9.815000
50075.582770	6.676000	4.784000	-0.415000	-0.199000	-1.824000	5.529000	10.234000	-38.635000	9.815000
50075.594270	8.176000	5.064000	0.757000	-0.282000	-1.870000	5.389000	8.799000	-39.207000	9.815000
50075.602970	9.691000	5.409000	1.407000	-0.311000	-2.008000	5.168000	7.403000	-39.677000	9.513000
50075.613930	10.824000	6.167000	1.161000	-0.298000	-2.168000	4.906000	5.929000	-40.147000	9.513000
50075.622140	11.699000	7.072000	0.026000	-0.185000	-2.235000	4.666000	4.655000	-40.689000	9.513000
50075.636170	12.306000	7.643000	-0.872000	0.077000	-2.144000	4.469000	3.501000	-41.233000	9.513000
50075.645690	12.503000	7.663000	-0.674000	0.341000	-1.910000	4.282000	1.809000	-40.853000	9.513000
50075.652320	13.305000	7.391000	-0.009000	0.401000	-1.550000	4.064000	0.598000	-40.853000	9.988000
50075.665410	14.896000	7.474000	0.341000	0.261000	-1.201000	3.802000	-0.422000	-40.853000	9.988000
50075.673770	16.943000	8.191000	0.613000	0.168000	-0.981000	3.529000	-1.342000	-40.853000	9.988000
50075.682440	18.882000	9.029000	0.552000	0.054000	-0.853000	3.398000	-2.017000	-40.464000	9.988000
50075.694340	19.608000	9.895000	0.095000	0.116000	-0.821000	3.122000	-2.905000	-40.464000	9.645000
50075.702120	19.608000	10.877000	-0.672000	0.331000	-0.826000	2.785000	-3.407000	-40.464000	9.645000
50075.713410	19.608000	11.338000	-1.488000	0.606000	-0.834000	2.360000	-3.407000	-39.802000	9.645000
50075.723030	19.196000	11.197000	-2.253000	0.818000	-0.723000	1.858000	-4.071000	-40.116000	9.645000
50075.734710	18.058000	10.937000	-1.724000	0.831000	-0.449000	1.296000	-4.452000	-40.116000	9.645000
50075.742590	16.967000	10.505000	-0.323000	0.553000	0.011000	0.712000	-4.847000	-40.116000	9.645000
50075.753450	15.781000	10.037000	1.463000	0.064000	0.582000	0.137000	-4.377000	-40.116000	9.645000
50075.763890	14.826000	9.477000	3.022000	-0.333000	1.031000	-0.444000	-4.377000	-40.438000	9.645000
50075.773470	14.442000	9.113000	4.010000	-0.411000	1.105000	-1.041000	-3.709000	-40.438000	9.645000
50075.783270	14.827000	9.216000	4.432000	-0.209000	0.821000	-1.607000	-2.972000	-40.438000	9.645000
50075.794220	14.642000	9.403000	3.624000	-0.044000	0.433000	-2.068000	-1.712000	-40.438000	9.645000
50075.802520	13.394000	9.100000	1.930000	0.340000	0.196000	-2.260000	-1.251000	-40.438000	9.645000
50075.817810	12.130000	8.757000	0.286000	0.713000	0.192000	-2.614000	-0.775000	-40.438000	9.954000
50075.822120	11.035000	8.792000	-0.648000	1.001000	0.475000	-2.964000	-0.205000	-40.438000	9.954000
50075.833840	9.975000	8.694000	-1.041000	1.109000	1.064000	-3.264000	0.398000	-40.438000	9.954000
50075.843230	8.853000	8.064000	-1.317000	1.023000	1.724000	-3.510000	1.268000	-40.438000	10.359000
50075.852330	7.551000	6.965000	-1.684000	0.880000	2.220000	-3.778000	2.674000	-40.438000	10.359000
50075.863930	6.358000	5.896000	-2.060000	0.838000	2.443000	-4.123000	4.383000	-40.438000	10.359000
50075.874730	5.110000	5.322000	-2.598000	0.928000	2.395000	-4.500000	5.911000	-40.040000	10.780000
50075.883370	3.381000	5.085000	-3.136000	1.058000	2.169000	-4.799000	7.226000	-40.040000	10.780000
50075.893410	1.747000	5.145000	-3.509000	1.142000	1.906000	-4.966000	8.572000	-39.691000	11.190000
50075.902290	-0.022000	5.061000	-3.758000	1.116000	1.759000	-5.005000	10.369000	-39.215000	11.860000
50075.913940	-1.888000	4.517000	-3.856000	1.056000	1.791000	-4.929000	11.003000	-37.763000	12.643000
50075.924750	-3.448000	3.682000	-4.409000	0.868000	1.944000	-4.873000	11.817000	-36.424000	13.926000
50075.932160	-4.627000	2.961000	-5.234000	0.659000	2.040000	-4.780000	13.043000	-35.467000	13.926000
50075.943120	-4.736000	2.841000	-5.712000	0.518000	2.217000	-4.692000	13.641000	-34.091000	14.547000
50075.952270	-3.928000	3.344000	-5.577000	0.495000	2.341000	-4.520000	14.201000	-33.256000	15.292000
50075.962190	-2.900000	4.017000	-5.048000	0.483000	2.373000	-4.223000	14.201000	-32.301000	15.292000
50075.974190	-3.549000	4.171000	-4.513000	0.315000	2.319000	-3.848000	15.103000	-31.588000	16.526000
50075.985020	-6.521000	3.053000	-4.987000	-0.074000	2.322000	-3.546000	15.103000	-31.091000	17.002000
50075.996070	-10.143000	1.405000	-6.443000	-0.552000	2.537000	-3.517000	15.951000	-30.511000	17.002000
50076.004760	-13.257000	0.132000	-7.557000	-0.817000	2.982000	-3.801000	16.485000	-29.975000	18.473000
50076.013890	-15.201000	-0.353000	-7.191000	-0.729000	3.403000	-4.134000	16.485000	-28.898000	18.867000
50076.022620	-16.079000	-0.378000	-6.410000	-0.464000	3.464000	-4.254000	17.416000	-28.242000	18.867000
50076.035470	-16.148000	0.222000	-5.321000	-0.228000	3.022000	-4.111000	17.416000	-27.449000	19.651000
50076.043920	-16.017000	1.106000	-4.447000	-0.152000	2.205000	-3.763000	18.206000	-27.449000	20.039000
50076.053710	-16.531000	1.492000	-3.903000	-0.111000	1.768000	-3.543000	18.678000	-26.391000	20.039000
50076.064030	-17.965000	1.195000	-3.892000	-0.229000	1.078000	-3.101000	18.678000	-25.888000	20.039000
50076.076180	-19.532000	0.384000	-4.588000	-0.428000	0.815000	-2.757000	19.015000	-25.888000	20.039000
50076.084230	-19.609000	-0.524000	-5.616000	-0.610000	0.927000	-2.555000	19.015000	-25.373000	20.387000
50076.095680	-19.609000	-1.301000	-6.350000	-0.695000	1.195000	-2.425000	19.015000	-25.373000	20.387000
50076.104280	-19.609000	-1.608000	-5.931000	-0.675000	1.413000	-2.243000	19.015000	-24.990000	20.387000
50076.117470	-19.609000	-1.505000	-4.733000	-0.574000	1.393000	-1.939000	19.015000	-24.617000	20.024000
50076.126710	-19.609000	-1.264000	-3.395000	-0.465000	1.032000	-1.472000	19.015000	-24.617000	20.024000
50076.136970	-19.609000	-0.973000	-1.732000	-0.368000	0.366000	-0.852000	19.749000	-24.617000	20.024000
50076.152870	-19.609000	-0.677000	-0.420000	-0.067000	-1.237000	0.523000	20.074000	-25.149000	19.712000
50076.163430	-19.598000	-0.291000	-0.333000	0.033000	-1.782000	0.849000	20.074000	-25.502000	19.712000
50076.176270	-18.756000	-0.043000	-1.294000	0.286000	-1.950000	1.452000	20.074000	-25.502000	20.030000
50076.182530	-17.239000	-0.018000	-2.552000	0.598000	-2.076000	1.977000	20.074000	-25.889000	20.030000
50076.194980	-15.377000	0.207000	-3.788000	0.872000	-2.003000	2.432000	19.746000	-25.889000	20.030000
50076.202790	-13.489000	0.667000	-4.794000	1.052000	-1.890000	2.836000	19.746000	-25.889000	20.030000
50076.216010	-11.620000	1.089000	-5.407000	1.173000	-1.877000	3.174000	19.746000	-25.556000	20.030000
50076.222600	-9.678000	1.466000	-5.606000	1.257000	-2.023000	3.426000	19.746000	-25.556000	20.030000
50076.236090	-8.021000	2.003000	-5.182000	1.260000	-2.323000	3.591000	20.103000	-26.266000	19.715000
50076.244080	-6.787000	2.394000	-4.335000	1.165000	-2.668000	3.680000	20.103000	-27.233000	19.290000
50076.252930	-6.053000	2.492000	-3.384000	1.053000	-2.985000	3.700000	20.103000	-28.201000	18.592000
50076.263250	-5.480000	2.437000	-2.614000	1.014000	-3.255000	3.665000	20.103000	-29.005000	17.947000
50076.275150	-4.706000	2.461000	-2.490000	1.027000	-3.419000	3.667000	20.103000	-29.891000	17.112000
50076.284060	-4.004000	2.631000	-3.044000	1.076000	-3.399000	3.711000	20.103000	-30.766000	17.112000
50076.296300	-3.132000	2.983000	-4.000000	1.081000	-3.301000	3.898000	19.750000	-31.684000	16.136000
50076.304320	-1.699000	3.533000	-4.727000	0.966000	-2.936000	4.155000	18.225000	-32.591000	16.136000
50076.315130	-0.056000	4.223000	-5.345000	0.762000	-2.427000	4.382000	16.612000	-33.396000	15.565000
50076.325140	1.260000	5.124000	-5.344000	0.586000	-1.996000	4.511000	14.804000	-34.284000	15.202000
50076.334690	2.348000	5.918000	-4.765000	0.463000	-1.850000	4.528000	13.723000	-34.873000	15.202000
50076.342840	3.193000	6.315000	-3.965000	0.323000	-1.940000	4.458000	12.580000	-35.543000	14.817000
50076.357910	3.927000	6.259000	-2.831000	0.148000	-2.094000	4.336000	11.424000	-36.120000	14.817000
50076.362800	4.517000	6.008000	-1.949000	-0.032000	-2.197000	4.204000	10.200000	-36.120000	14.462000
50076.374970	5.296000	5.857000	-1.815000	-0.193000	-2.164000	4.111000	8.894000	-37.139000	14.462000
50076.384560	6.609000	6.279000	-2.202000	-0.328000	-1.940000	4.115000	7.489000	-37.960000	13.938000
50076.393380	7.892000	7.047000	-2.236000	-0.396000	-1.513000	4.212000	6.019000	-37.960000	13.444000
50076.404390	8.982000	7.578000	-1.981000	-0.549000	-1.008000	4.252000	4.733000	-38.870000	13.444000
50076.416260	10.470000	7.964000	-1.626000	-0.684000	-0.801000	4.217000	3.562000	-38.870000	12.849000
50076.424230	12.072000	8.512000	-1.180000	-0.732000	-0.602000	4.018000	2.606000	-39.457000	12.849000
50076.436410	12.980000	9.132000	-0.775000	-0.669000	-0.695000	3.713000	1.683000	-39.457000	12.849000
50076.444030	13.342000	9.454000	-0.684000	-0.476000	-0.969000	3.348000	1.066000	-39.457000	13.252000
50076.453560	13.446000	9.512000	-0.864000	-0.198000	-1.319000	2.957000	0.045000	-39.457000	13.252000
50076.464050	13.951000	9.453000	-1.422000	0.009000	-1.545000	2.595000	-0.378000	-39.457000	13.252000
50076.476110	14.896000	9.761000	-1.499000	0.009000	-1.458000	2.305000	-1.074000	-39.457000	13.252000
50076.484840	15.611000	9.989000	-0.782000	-0.193000	-1.093000	2.072000	-1.493000	-39.845000	12.850000
50076.495030	16.416000	9.935000	0.041000	-0.444000	-0.658000	1.825000	-1.890000	-39.527000	12.850000
50076.504150	16.761000	10.183000	0.924000	-0.584000	-0.374000	1.494000	-2.214000	-39.831000	12.544000
50076.515510	16.486000	10.675000	1.779000	-0.599000	-0.279000	1.102000	-2.214000	-39.831000	12.544000
50076.524720	15.778000	10.764000	2.274000	-0.561000	-0.259000	0.890000	-2.514000	-39.508000	12.200000
50076.538090	14.848000	10.505000	2.896000	-0.517000	-0.229000	0.443000	-2.514000	-39.508000	12.200000
50076.543400	13.626000	9.914000	3.417000	-0.509000	-0.048000	-0.038000	-2.171000	-39.508000	11.839000
50076.552950	12.322000	9.193000	3.479000	-0.515000	0.277000	-0.514000	-2.171000	-39.508000	11.839000
50076.564210	11.274000	8.596000	3.394000	-0.457000	0.603000	-0.946000	-1.512000	-39.955000	11.454000
50076.574130	10.676000	8.244000	3.274000	-0.301000	0.839000	-1.312000	-1.094000	-39.955000	11.454000
50076.584720	10.193000	8.325000	2.947000	-0.083000	0.976000	-1.599000	-0.640000	-39.955000	11.135000
50076.593050	9.831000	8.750000	2.808000	0.134000	1.022000	-1.819000	-0.321000	-40.344000	11.135000
50076.603030	9.472000	9.179000	2.567000	0.287000	1.049000	-1.991000	-0.321000	-40.344000	11.135000
50076.613040	8.898000	9.148000	2.115000	0.357000	1.138000	-2.172000	-0.321000	-40.344000	11.135000
50076.625370	7.946000	8.638000	1.663000	0.394000	1.324000	-2.399000	-0.321000	-40.344000	10.830000
50076.634460	6.868000	7.970000	0.892000	0.414000	1.598000	-2.668000	0.553000	-40.344000	10.830000
50076.645690	5.789000	7.267000	0.023000	0.476000	1.879000	-2.804000	1.608000	-40.344000	10.830000
50076.653050	4.857000	6.795000	-0.661000	0.575000	1.991000	-3.044000	2.984000	-40.344000	10.830000
50076.665350	4.281000	7.070000	-0.834000	0.688000	2.116000	-3.229000	4.389000	-40.344000	10.830000
50076.673400	3.849000	7.796000	-0.815000	0.773000	2.084000	-3.348000	5.259000	-40.344000	10.830000
50076.686310	2.874000	7.896000	-1.156000	0.806000	1.925000	-3.435000	6.607000	-40.344000	10.830000
50076.693150	1.113000	7.128000	-1.949000	0.844000	1.740000	-3.570000	7.574000	-40.344000	10.830000
50076.704040	-0.930000	6.179000	-2.944000	0.940000	1.618000	-3.787000	8.952000	-40.000000	10.830000
50076.717870	-2.860000	5.489000	-3.816000	1.036000	1.574000	-3.991000	10.176000	-39.379000	10.830000
50076.723090	-3.959000	5.204000	-4.653000	1.074000	1.570000	-4.049000	11.073000	-38.032000	11.846000
50076.737130	-3.736000	5.754000	-4.927000	1.024000	1.580000	-3.888000	11.557000	-37.147000	12.544000
50076.743630	-3.118000	7.020000	-4.284000	0.823000	1.621000	-3.530000	12.139000	-36.105000	13.198000
50076.755410	-3.245000	7.643000	-3.598000	0.656000	1.721000	-3.134000	13.070000	-35.598000	13.955000
50076.764100	-4.240000	7.046000	-3.402000	0.233000	1.876000	-3.001000	13.070000	-34.791000	14.311000
50076.774630	-5.048000	6.173000	-3.587000	-0.119000	1.978000	-2.971000	13.836000	-34.791000	14.311000
50076.785430	-5.846000	5.575000	-3.648000	-0.203000	2.180000	-3.180000	14.770000	-33.738000	14.746000
50076.793800	-7.064000	4.739000	-3.819000	-0.088000	2.233000	-3.412000	15.136000	-32.649000	15.161000
50076.804320	-7.875000	4.003000	-4.005000	0.056000	2.083000	-3.534000	15.943000	-32.223000	15.708000
50076.816500	-8.219000	4.420000	-3.932000	0.112000	1.838000	-3.521000	16.374000	-31.480000	15.708000
50076.824530	-9.298000	4.921000	-4.447000	0.053000	1.644000	-3.337000	17.001000	-30.844000	17.037000
50076.836670	-10.845000	4.578000	-5.765000	-0.086000	1.555000	-3.091000	17.488000	-30.384000	16.694000
50076.846100	-12.133000	4.112000	-6.597000	-0.195000	1.614000	-2.976000	17.488000	-29.885000	17.495000
50076.853280	-12.813000	3.768000	-6.380000	-0.239000	1.751000	-2.957000	18.122000	-29.090000	17.802000
50076.863990	-12.963000	3.624000	-5.577000	-0.318000	1.735000	-2.898000	18.519000	-28.474000	17.802000
50076.875250	-13.114000	3.697000	-4.420000	-0.393000	1.469000	-2.766000	18.519000	-28.474000	17.802000
50076.885350	-14.166000	3.393000	-3.395000	-0.602000	1.108000	-2.685000	19.053000	-28.073000	17.802000
50076.898380	-15.871000	2.632000	-2.610000	-0.839000	0.964000	-2.532000	19.416000	-27.671000	17.802000
50076.903290	-17.559000	1.919000	-2.026000	-1.044000	0.802000	-2.421000	19.938000	-27.671000	17.460000
50076.916660	-19.011000	1.505000	-1.582000	-1.156000	0.756000	-2.297000	19.938000	-27.671000	17.460000
50076.924290	-19.609000	1.352000	-1.218000	-1.148000	0.700000	-2.064000	19.938000	-27.149000	17.460000
50076.939270	-19.609000	1.402000	-0.861000	-1.014000	0.557000	-1.728000	20.509000	-27.149000	17.460000
50076.943490	-19.585000	1.635000	-0.338000	-0.774000	0.296000	-1.320000	20.509000	-27.149000	17.460000
50076.956640	-18.934000	1.919000	0.297000	-0.517000	-0.072000	-0.847000	20.509000	-27.551000	17.460000
50076.964820	-17.974000	2.082000	0.671000	-0.340000	-0.451000	-0.349000	20.509000	-27.551000	17.460000
50076.973390	-17.355000	2.187000	0.850000	-0.257000	-0.722000	0.138000	20.509000	-27.551000	17.460000
50076.985630	-17.068000	2.103000	0.836000	-0.230000	-0.835000	0.573000	20.509000	-27.873000	17.460000
50076.995940	-16.850000	1.922000	0.596000	-0.222000	-0.811000	0.923000	20.509000	-27.873000	17.460000
50077.004790	-16.698000	1.684000	0.168000	-0.182000	-0.750000	1.075000	20.509000	-27.873000	17.460000
50077.015630	-16.312000	1.509000	-0.177000	-0.070000	-0.746000	1.351000	20.167000	-27.873000	16.996000
50077.026650	-15.549000	1.294000	-0.284000	0.123000	-0.827000	1.605000	20.167000	-27.873000	16.693000
50077.034890	-14.481000	1.095000	-0.356000	0.392000	-1.044000	1.850000	20.167000	-27.873000	16.363000
50077.046270	-13.261000	1.094000	-0.534000	0.695000	-1.389000	2.098000	20.498000	-27.873000	16.061000
50077.053470	-11.837000	1.326000	-0.930000	0.996000	-1.795000	2.363000	20.498000	-27.873000	15.684000
50077.065740	-10.449000	1.648000	-1.626000	1.282000	-2.168000	2.655000	20.498000	-28.182000	15.684000
50077.078040	-9.046000	2.151000	-2.471000	1.496000	-2.416000	2.978000	20.498000	-29.022000	15.684000
50077.083930	-7.652000	2.752000	-3.200000	1.595000	-2.470000	3.309000	20.498000	-30.105000	15.351000
50077.097080	-6.579000	3.125000	-3.944000	1.566000	-2.353000	3.622000	20.021000	-30.635000	15.351000
50077.103950	-5.618000	3.276000	-4.426000	1.423000	-2.127000	3.903000	18.475000	-31.483000	15.351000
50077.113900	-4.193000	3.442000	-4.730000	1.323000	-1.861000	4.116000	16.957000	-32.333000	15.351000
